0.59375 0.375 0.15625 0.03125 0.8125 0.9375 0.875 0.09375 0 0.21875 0.3125 0.78125 0.78125 0.15625 0 0.03125
0.226415094339623 14.3962264150943 0.367924528301887 0.19811320754717 0.283018867924528 0.877358490566038 1.10377358490566 0.320754716981132 0.264150943396226 0.150943396226415 0.30188679245283 0.566037735849057 0.518867924528302 0.141509433962264 0.0660377358490566 0.0754716981132075
0 0.242424242424242 18.0151515151515 1.66666666666667 1.06060606060606 1.15151515151515 1.81818181818182 1.42424242424242 0.939393939393939 0.621212121212121 0.378787878787879 0.0909090909090909 0.318181818181818 0.0303030303030303 0.121212121212121 0.0606060606060606
0 0 0.148148148148148 5.04938271604938 2.37037037037037 2.81481481481481 3.37037037037037 3.1358024691358 3.2716049382716 1.96296296296296 1.37037037037037 0.382716049382716 0.0740740740740741 0.123456790123457 0.197530864197531 0.185185185185185
0.0151515151515152 0.257575757575758 0.136363636363636 1.16666666666667 3.03030303030303 3.25757575757576 3.3030303030303 2.39393939393939 1.8030303030303 2.06060606060606 1.65151515151515 0.454545454545455 0.227272727272727 0.196969696969697 0 0.106060606060606
0.116279069767442 0.732558139534884 0.13953488372093 1.90697674418605 2.94186046511628 4.93023255813953 5.27906976744186 3.36046511627907 4.26744186046512 2.55813953488372 2.08139534883721 0.813953488372093 0.337209302325581 0.209302325581395 0.116279069767442 0.232558139534884
0.149253731343284 0.373134328358209 0.343283582089552 0.656716417910448 1.59701492537313 1.83582089552239 2.64179104477612 1.8955223880597 1.74626865671642 0.791044776119403 0.73134328358209 0.671641791044776 0.298507462686567 0.208955223880597 0.0746268656716418 0.0895522388059701
0 0.169230769230769 0.369230769230769 1 1.56923076923077 1.96923076923077 2.93846153846154 1.58461538461538 2.72307692307692 1.12307692307692 0.707692307692308 0.246153846153846 0.507692307692308 0.338461538461538 0.2 0.107692307692308
0.025 0.1125 0.375 1.7125 1.825 2.6625 2.8625 3.175 3.0875 1.85 1.4875 0.6625 0.55 0.525 0.5625 0.3375
0.0120481927710843 0.132530120481928 0.228915662650602 0.843373493975904 1.31325301204819 1.12048192771084 2.32530120481928 1.56626506024096 2.1566265060241 2.07228915662651 1.06024096385542 1.10843373493976 0.457831325301205 0.240963855421687 0.301204819277108 0.698795180722892
0.0454545454545455 0.166666666666667 0.0151515151515152 0.666666666666667 1.15151515151515 1.68181818181818 1.65151515151515 1.43939393939394 1.74242424242424 1.54545454545455 2.09090909090909 1.72727272727273 0.439393939393939 1.89393939393939 0.333333333333333 2.16666666666667
0 0.153846153846154 0.115384615384615 0.25 0.576923076923077 1.03846153846154 1.55769230769231 0.884615384615385 0.884615384615385 1.01923076923077 2.01923076923077 2.01923076923077 1.36538461538462 0.596153846153846 0.173076923076923 0.461538461538462
0 0.34 0.04 0.26 0.38 0.46 0.76 1.04 1.12 0.74 2.12 1.3 2.82 0.4 1.16 0.66
0 0.1 0.1 0.1 0.0666666666666667 0.233333333333333 0.333333333333333 0.566666666666667 0.4 0.866666666666667 0.6 1.56666666666667 1.33333333333333 1.43333333333333 1 0.166666666666667
0 0 0.0555555555555556 0.222222222222222 0 0 0.0555555555555556 0.222222222222222 0.777777777777778 0.5 0.166666666666667 0.666666666666667 0.944444444444444 1.05555555555556 1.27777777777778 0.277777777777778
0 0 0 0.111111111111111 0.222222222222222 0.0555555555555556 0.166666666666667 0.111111111111111 0.277777777777778 0.388888888888889 0.444444444444444 0.722222222222222 0.888888888888889 0.611111111111111 2 1.55555555555556
