0 0 0.125 0 0.53125 1.03125 1.25 0.15625 0.0625 0.25 0.40625 1.15625 0.90625 0.28125 0 0.15625
0.216981132075472 13.8396226415094 0.245283018867925 0.122641509433962 0.273584905660377 0.990566037735849 1.06603773584906 0.367924528301887 0.141509433962264 0.179245283018868 0.349056603773585 0.452830188679245 0.320754716981132 0.113207547169811 0.0566037735849057 0.0283018867924528
0 0.0454545454545455 22.2272727272727 1.13636363636364 0.484848484848485 0.727272727272727 1.5 0.96969696969697 0.46969696969697 0.257575757575758 0.227272727272727 0.136363636363636 0.212121212121212 0.0454545454545455 0.121212121212121 0.106060606060606
0.0740740740740741 0 1.39506172839506 4.17283950617284 2.53086419753086 2.80246913580247 3.64197530864198 2.96296296296296 3.45679012345679 1.91358024691358 1.39506172839506 0.37037037037037 0.222222222222222 0.160493827160494 0.160493827160494 0.271604938271605
0.0454545454545455 0.106060606060606 0.0606060606060606 0.833333333333333 2.21212121212121 1.81818181818182 2.8030303030303 1.72727272727273 2.5 1.72727272727273 1.51515151515152 1.12121212121212 0.757575757575758 0.378787878787879 0.196969696969697 0.484848484848485
0.0813953488372093 0.918604651162791 0.255813953488372 1.44186046511628 2.44186046511628 4.08139534883721 4.66279069767442 2.8953488372093 3.15116279069767 1.93023255813953 1.76744186046512 0.941860465116279 0.558139534883721 0.27906976744186 0.13953488372093 0.244186046511628
0.119402985074627 0.373134328358209 0.343283582089552 0.865671641791045 1.38805970149254 2.28358208955224 2.70149253731343 2.73134328358209 2.80597014925373 1.41791044776119 1.37313432835821 0.701492537313433 0.507462686567164 0.223880597014925 0.0447761194029851 0.0895522388059701
0 0.230769230769231 0.476923076923077 0.984615384615385 1.21538461538462 1.84615384615385 2.72307692307692 2.15384615384615 2.98461538461538 1.16923076923077 0.784615384615385 0.276923076923077 0.430769230769231 0.4 0.169230769230769 0.0769230769230769
0 0.125 0.2875 1.675 1.7875 2.5 2.65 2.4 3.3 2.075 1 0.5625 0.55 0.2875 0.375 0.1625
0.0240963855421687 0.132530120481928 0.301204819277108 1.09638554216867 1.73493975903614 1.39759036144578 2.72289156626506 2.19277108433735 2.33734939759036 1.81927710843373 1.60240963855422 1.51807228915663 1.07228915662651 0.855421686746988 0.55421686746988 0.843373493975904
0 0.227272727272727 0 0.772727272727273 1.3030303030303 1.87878787878788 2.28787878787879 1.28787878787879 1.56060606060606 1.37878787878788 1.83333333333333 1.10606060606061 0.696969696969697 1.77272727272727 0.575757575757576 1.22727272727273
0 0.0769230769230769 0.115384615384615 0.326923076923077 0.730769230769231 1.03846153846154 1.21153846153846 1.05769230769231 1.28846153846154 1.13461538461538 2.15384615384615 2 1.51923076923077 0.423076923076923 0.326923076923077 0.5
0.02 0.36 0.04 0.02 0.16 0.38 0.98 0.76 0.72 1.22 0.96 1.7 2.88 1.7 1.06 1
0 0.3 0.0666666666666667 0.133333333333333 0.2 0.566666666666667 1 1.16666666666667 1.2 1.83333333333333 1.43333333333333 1.8 2.43333333333333 1.5 1 0.466666666666667
0 0.0555555555555556 0 0.166666666666667 0.333333333333333 0 0.277777777777778 0.277777777777778 0.722222222222222 0.444444444444444 0.666666666666667 0.833333333333333 0.611111111111111 1 0.722222222222222 0.555555555555556
0 0 0.0555555555555556 0.333333333333333 0.111111111111111 0.222222222222222 0.5 0.222222222222222 0.611111111111111 0.944444444444444 1 1.83333333333333 1.5 1.05555555555556 2.05555555555556 1.66666666666667
