0 0 0.09375 0 1.4375 1.125 0.96875 0.03125 0 0.125 0.5625 1.375 0.5 0.21875 0 0.03125
0.254716981132075 10.4056603773585 0.377358490566038 0.330188679245283 0.518867924528302 1.09433962264151 1.17924528301887 0.349056603773585 0.283018867924528 0.283018867924528 0.330188679245283 0.433962264150943 0.424528301886792 0.0754716981132075 0.0283018867924528 0.0283018867924528
0 0.121212121212121 22.6515151515152 0.621212121212121 0.575757575757576 0.893939393939394 1.39393939393939 1.06060606060606 0.590909090909091 0.151515151515152 0.212121212121212 0.0454545454545455 0.257575757575758 0.136363636363636 0.151515151515152 0.0303030303030303
0.0617283950617284 0.0246913580246914 0.679012345679012 5.25925925925926 2.23456790123457 2.67901234567901 2.88888888888889 2.5679012345679 2.82716049382716 1.53086419753086 1.07407407407407 0.469135802469136 0.148148148148148 0.160493827160494 0.185185185185185 0.296296296296296
0.0909090909090909 0.181818181818182 0.136363636363636 1.18181818181818 2.8030303030303 2.25757575757576 2.90909090909091 1.72727272727273 2.36363636363636 1.96969696969697 1.36363636363636 0.439393939393939 0.393939393939394 0.196969696969697 0.0303030303030303 0.257575757575758
0.151162790697674 0.813953488372093 0.395348837209302 1.54651162790698 2.82558139534884 4.24418604651163 4.95348837209302 2.81395348837209 3.68604651162791 1.59302325581395 1.96511627906977 1.13953488372093 0.63953488372093 0.27906976744186 0.186046511627907 0.267441860465116
0.0298507462686567 0.388059701492537 0.492537313432836 1.1044776119403 1.76119402985075 3.29850746268657 3.53731343283582 2.94029850746269 3.43283582089552 2.40298507462687 2.34328358208955 0.895522388059702 0.402985074626866 0.17910447761194 0.0746268656716418 0.0597014925373134
0 0.230769230769231 0.584615384615385 1.04615384615385 1.75384615384615 2.49230769230769 3.84615384615385 2.58461538461538 4.47692307692308 1.64615384615385 1.06153846153846 0.553846153846154 0.723076923076923 0.630769230769231 0.230769230769231 0.138461538461538
0.05 0.2375 0.3375 1.4875 1.8625 2.425 2.7125 2.9 3.2 2.05 1.05 0.4625 0.4375 0.2875 0.1625 0.125
0 0.132530120481928 0.204819277108434 1.04819277108434 1.79518072289157 1.3855421686747 2.87951807228916 2.21686746987952 2.26506024096386 2.31325301204819 1.57831325301205 1.10843373493976 0.530120481927711 0.325301204819277 0.36144578313253 0.602409638554217
0.0151515151515152 0.181818181818182 0.0303030303030303 0.666666666666667 1.13636363636364 1.71212121212121 2.25757575757576 1.27272727272727 1.66666666666667 1.40909090909091 3.12121212121212 1.21212121212121 0.575757575757576 1.74242424242424 0.378787878787879 0.818181818181818
0.0576923076923077 0.0769230769230769 0.0576923076923077 0.288461538461538 0.865384615384615 1.01923076923077 0.788461538461538 0.884615384615385 0.865384615384615 1.40384615384615 2.51923076923077 1.76923076923077 1.40384615384615 0.576923076923077 0.5 0.480769230769231
0.04 0.24 0.06 0.26 0.34 0.86 0.8 1.02 1.08 0.38 0.96 1.04 3.02 0.82 0.98 0.68
0.0333333333333333 0.166666666666667 0.0666666666666667 0.133333333333333 0.3 0.1 0.5 0.533333333333333 0.766666666666667 0.666666666666667 0.5 1.83333333333333 2.5 1.96666666666667 1.86666666666667 0.7
0 0.0555555555555556 0 0.111111111111111 0.111111111111111 0 0.222222222222222 0.333333333333333 0.888888888888889 0.5 0.666666666666667 1.33333333333333 1.61111111111111 1.44444444444444 1.16666666666667 1.44444444444444
0 0 0.0555555555555556 0.222222222222222 0.444444444444444 0.166666666666667 0.388888888888889 0.277777777777778 0.444444444444444 0.944444444444444 1.55555555555556 1.66666666666667 1.44444444444444 1.27777777777778 2 3.94444444444444
