1.1875 0.78125 0.15625 0.03125 0.6875 0.875 0.65625 0.125 0 0.21875 0.15625 0.5 0.5625 0.15625 0 0
0.537735849056604 13.2358490566038 0.141509433962264 0.339622641509434 0.669811320754717 1.25471698113208 1.20754716981132 0.490566037735849 0.122641509433962 0.150943396226415 0.39622641509434 0.481132075471698 0.39622641509434 0.141509433962264 0.0660377358490566 0.00943396226415094
0 0.166666666666667 20.2272727272727 1.18181818181818 0.5 0.46969696969697 1.46969696969697 1.01515151515152 0.545454545454545 0.303030303030303 0.166666666666667 0.121212121212121 0.606060606060606 0.166666666666667 0.212121212121212 0.121212121212121
0.0493827160493827 0.0246913580246914 0.54320987654321 5.46913580246914 1.92592592592593 2.03703703703704 3.09876543209877 2.28395061728395 3.2962962962963 1.45679012345679 1.37037037037037 0.493827160493827 0.222222222222222 0.160493827160494 0.222222222222222 0.185185185185185
0.0909090909090909 0.136363636363636 0.0606060606060606 1.09090909090909 3.01515151515152 1.92424242424242 2.87878787878788 1.62121212121212 1.86363636363636 1.42424242424242 1.40909090909091 0.348484848484849 0.242424242424242 0.106060606060606 0.0151515151515152 0.0606060606060606
0.104651162790698 0.604651162790698 0.0697674418604651 1.63953488372093 2.80232558139535 4.47674418604651 4.66279069767442 3.03488372093023 3.46511627906977 2.1046511627907 2.05813953488372 1.17441860465116 0.63953488372093 0.197674418604651 0.197674418604651 0.337209302325581
0.0895522388059701 0.298507462686567 0.328358208955224 0.776119402985075 1.70149253731343 2.34328358208955 3.13432835820896 2.11940298507463 2.49253731343284 1.62686567164179 1.58208955223881 0.611940298507463 0.388059701492537 0.208955223880597 0.0597014925373134 0.0746268656716418
0 0.246153846153846 0.369230769230769 0.846153846153846 1.56923076923077 2.12307692307692 2.84615384615385 2.36923076923077 2.10769230769231 1.30769230769231 0.846153846153846 0.492307692307692 0.8 0.538461538461538 0.292307692307692 0.107692307692308
0 0.15 0.2375 1.325 1.6 2.35 2.775 2.4125 2.6875 2.0125 1.25 0.3875 0.4125 0.4125 0.2375 0.0625
0 0.072289156626506 0.27710843373494 0.831325301204819 1.20481927710843 0.951807228915663 2.18072289156627 1.49397590361446 1.73493975903614 1.78313253012048 1.24096385542169 1.8433734939759 1.03614457831325 0.602409638554217 0.55421686746988 1.2289156626506
0 0.196969696969697 0.0303030303030303 0.53030303030303 1.01515151515152 1.37878787878788 1.33333333333333 1.07575757575758 1.36363636363636 0.878787878787879 2.27272727272727 1.3030303030303 0.393939393939394 1.03030303030303 0.348484848484849 0.848484848484849
0.0384615384615385 0.0961538461538462 0.0384615384615385 0.173076923076923 0.576923076923077 0.711538461538462 1.25 0.730769230769231 0.942307692307692 0.634615384615385 2.01923076923077 1.80769230769231 1.23076923076923 0.461538461538462 0.326923076923077 0.307692307692308
0 0.42 0.08 0.54 0.4 1.06 1.24 1.94 1.08 0.62 1.34 2.2 3.74 0.98 0.86 0.94
0.0333333333333333 0.3 0.0666666666666667 0.1 0.333333333333333 0.2 0.6 0.566666666666667 0.6 0.766666666666667 0.7 1.33333333333333 2.16666666666667 1.83333333333333 1.13333333333333 0.5
0 0 0 0.666666666666667 0 0.277777777777778 0 0.666666666666667 0.333333333333333 0.722222222222222 0.388888888888889 2.72222222222222 0.833333333333333 1.05555555555556 2.72222222222222 1.27777777777778
0 0 0.0555555555555556 0 0.166666666666667 0.222222222222222 0.333333333333333 0 0.388888888888889 0.222222222222222 0.833333333333333 0.944444444444444 1 0.555555555555556 3.44444444444444 1.72222222222222
