0.125 0.0625 0.21875 0 0.875 1.0625 1.25 0.125 0.03125 0.25 0.625 0.90625 0.71875 0.25 0 0.15625
0.235849056603774 13.7358490566038 0.377358490566038 0.188679245283019 0.405660377358491 1.00943396226415 1.0377358490566 0.405660377358491 0.160377358490566 0.160377358490566 0.339622641509434 0.60377358490566 0.679245283018868 0.122641509433962 0.0471698113207547 0.0377358490566038
0 0.136363636363636 18.5151515151515 1.72727272727273 1.10606060606061 1.06060606060606 1.74242424242424 1.59090909090909 1.03030303030303 0.621212121212121 0.484848484848485 0.151515151515152 0.227272727272727 0.0303030303030303 0.212121212121212 0.0606060606060606
0 0.0123456790123457 1.17283950617284 4.30864197530864 2.08641975308642 2.41975308641975 2.88888888888889 2.41975308641975 2.88888888888889 1.74074074074074 1.30864197530864 0.506172839506173 0.172839506172839 0.222222222222222 0.185185185185185 0.185185185185185
0.0454545454545455 0.166666666666667 0.151515151515152 1.06060606060606 2.57575757575758 2.13636363636364 2.81818181818182 1.96969696969697 2.04545454545455 1.34848484848485 1.65151515151515 0.803030303030303 0.409090909090909 0.303030303030303 0.106060606060606 0.378787878787879
0.151162790697674 0.779069767441861 0.209302325581395 1.59302325581395 2.63953488372093 4.22093023255814 4.09302325581395 2.88372093023256 3.27906976744186 2.51162790697674 2.13953488372093 1.13953488372093 0.511627906976744 0.209302325581395 0.127906976744186 0.313953488372093
0.134328358208955 0.477611940298507 0.313432835820896 0.835820895522388 1.58208955223881 2.2089552238806 3.34328358208955 2.41791044776119 2.01492537313433 1.26865671641791 1.28358208955224 0.626865671641791 0.119402985074627 0.164179104477612 0.0746268656716418 0.0597014925373134
0 0.292307692307692 0.476923076923077 0.984615384615385 1.36923076923077 2.43076923076923 3.26153846153846 2.27692307692308 3.23076923076923 1.24615384615385 1.15384615384615 0.4 0.415384615384615 0.261538461538462 0.215384615384615 0.0153846153846154
0.025 0.125 0.6 1.5875 2.5 3.3 3.0875 3.425 3.4 2.1375 1.75 0.8 0.5625 0.3875 0.6875 0.3
0.0481927710843374 0.240963855421687 0.168674698795181 0.783132530120482 1.5421686746988 1.19277108433735 1.98795180722892 1.97590361445783 2.18072289156627 1.8433734939759 1.78313253012048 1.04819277108434 0.63855421686747 0.662650602409639 0.44578313253012 0.506024096385542
0.0151515151515152 0.166666666666667 0.0151515151515152 0.636363636363636 1.40909090909091 1.68181818181818 2.3030303030303 1.43939393939394 1.62121212121212 1.10606060606061 2.46969696969697 1.25757575757576 0.515151515151515 1.8030303030303 0.348484848484849 1.28787878787879
0 0.0769230769230769 0.0384615384615385 0.153846153846154 0.442307692307692 0.807692307692308 0.673076923076923 0.519230769230769 0.903846153846154 0.75 1.15384615384615 1.51923076923077 1.07692307692308 0.442307692307692 0.230769230769231 0.5
0.02 0.12 0 0.04 0.18 0.36 0.44 0.46 0.9 0.58 0.9 1.26 3.12 0.96 1.2 0.66
0.0666666666666667 0.1 0.166666666666667 0.0333333333333333 0.166666666666667 0.533333333333333 0.533333333333333 0.866666666666667 0.733333333333333 1.93333333333333 1.6 1.56666666666667 2.06666666666667 1.23333333333333 1.53333333333333 0.533333333333333
0 0 0.111111111111111 0.333333333333333 0.166666666666667 0 0.0555555555555556 0.5 0.666666666666667 0.277777777777778 1 2.72222222222222 0.666666666666667 1.27777777777778 1 1.83333333333333
0 0 0 0 0.222222222222222 0.111111111111111 0.111111111111111 0.111111111111111 0.0555555555555556 0.333333333333333 0.555555555555556 0.388888888888889 0.611111111111111 0.666666666666667 3.5 2.38888888888889
