0.0625 0.1875 0.0625 0 0.78125 1.21875 0.78125 0.03125 0 0.125 0.46875 1.0625 0.3125 0.21875 0 0.09375
0.169811320754717 12.0471698113208 0.339622641509434 0.169811320754717 0.405660377358491 0.962264150943396 0.981132075471698 0.311320754716981 0.179245283018868 0.150943396226415 0.160377358490566 0.462264150943396 0.5 0.0943396226415094 0.0283018867924528 0.0849056603773585
0 0.0606060606060606 18.6515151515152 0.984848484848485 0.545454545454545 0.651515151515151 1.28787878787879 1.15151515151515 0.893939393939394 0.46969696969697 0.333333333333333 0.136363636363636 0.5 0.0757575757575758 0.151515151515152 0.0454545454545455
0.0493827160493827 0.0246913580246914 1.25925925925926 6 1.82716049382716 2.81481481481481 3.01234567901235 2.69135802469136 3.17283950617284 1.69135802469136 1.08641975308642 0.283950617283951 0.0864197530864197 0.0493827160493827 0.0987654320987654 0.209876543209877
0.0454545454545455 0.151515151515152 0.106060606060606 1.18181818181818 2.46969696969697 2.24242424242424 3.39393939393939 2.15151515151515 2.40909090909091 1.68181818181818 1.74242424242424 0.333333333333333 0.287878787878788 0.106060606060606 0.0454545454545455 0.242424242424242
0.13953488372093 0.534883720930233 0.232558139534884 1.93023255813953 3.04651162790698 4.26744186046512 5.1046511627907 3.36046511627907 4.33720930232558 2.23255813953488 2.62790697674419 1.5 0.790697674418605 0.372093023255814 0.255813953488372 0.383720930232558
0.104477611940299 0.373134328358209 0.208955223880597 0.701492537313433 1.17910447761194 1.77611940298507 2.55223880597015 1.88059701492537 2.19402985074627 1.01492537313433 0.970149253731343 0.791044776119403 0.477611940298507 0.283582089552239 0.0597014925373134 0.104477611940299
0 0.307692307692308 0.461538461538462 0.692307692307692 1.38461538461538 1.83076923076923 3.2 1.75384615384615 2.46153846153846 0.907692307692308 0.630769230769231 0.430769230769231 0.984615384615385 0.630769230769231 0.338461538461538 0.307692307692308
0.025 0.225 0.3125 1.825 2.1875 2.8625 2.7 3.275 3.025 2.2875 1.425 0.3875 0.325 0.3875 0.45 0.2125
0 0.265060240963855 0.228915662650602 1.16867469879518 2.02409638554217 1.53012048192771 3.04819277108434 2.20481927710843 2.66265060240964 2.01204819277108 1.65060240963855 0.951807228915663 0.542168674698795 0.44578313253012 0.253012048192771 0.518072289156627
0.0303030303030303 0.166666666666667 0.0303030303030303 0.712121212121212 1.24242424242424 1.81818181818182 2.25757575757576 1.56060606060606 1.54545454545455 1.72727272727273 2.93939393939394 1.27272727272727 0.393939393939394 1.12121212121212 0.424242424242424 1.24242424242424
0 0.134615384615385 0.0769230769230769 0.153846153846154 0.5 0.884615384615385 0.865384615384615 0.692307692307692 0.711538461538462 0.730769230769231 1 1.71153846153846 1.71153846153846 0.596153846153846 0.365384615384615 0.480769230769231
0.02 0.26 0.12 0.26 0.18 0.38 1.1 1 1.04 0.78 1.48 1.86 3.68 0.94 1 0.72
0 0.166666666666667 0.0666666666666667 0.0666666666666667 0.2 0.1 0.3 0.5 0.633333333333333 0.4 0.3 1 1.53333333333333 1.5 0.9 0.433333333333333
0 0.0555555555555556 0 0.0555555555555556 0.111111111111111 0 0.111111111111111 0.777777777777778 0.444444444444444 0.222222222222222 1.16666666666667 1.5 1.83333333333333 1 3.72222222222222 0.5
0 0 0 0 0.277777777777778 0.0555555555555556 0.333333333333333 0.111111111111111 0.277777777777778 0.333333333333333 0.722222222222222 0.555555555555556 0.666666666666667 0.611111111111111 1.72222222222222 2.33333333333333
