0.71875 0.46875 0.1875 0 0.53125 1.28125 1.3125 0.125 0.0625 0.25 0.59375 1.28125 1.0625 0.34375 0 0.21875
0.226415094339623 11.9528301886792 0.358490566037736 0.150943396226415 0.481132075471698 0.811320754716981 1.09433962264151 0.292452830188679 0.19811320754717 0.207547169811321 0.358490566037736 0.509433962264151 0.518867924528302 0.132075471698113 0.0283018867924528 0.0377358490566038
0 1.3030303030303 24.9393939393939 1.68181818181818 0.46969696969697 0.575757575757576 1.33333333333333 1.03030303030303 0.606060606060606 0.227272727272727 0.318181818181818 0.0757575757575758 0.439393939393939 0.0151515151515152 0.227272727272727 0.0757575757575758
0.0864197530864197 0.037037037037037 1.2962962962963 4.48148148148148 1.66666666666667 1.65432098765432 2.02469135802469 1.79012345679012 2.25925925925926 1.09876543209877 0.716049382716049 0.641975308641975 0.320987654320988 0.246913580246914 0.234567901234568 0.382716049382716
0.0454545454545455 0.196969696969697 0.166666666666667 1.71212121212121 3.40909090909091 3.13636363636364 4.37878787878788 3.03030303030303 3.78787878787879 2.72727272727273 2.25757575757576 1.27272727272727 0.818181818181818 0.5 0.227272727272727 0.636363636363636
0.104651162790698 0.744186046511628 0.0813953488372093 1.23255813953488 2.44186046511628 3.45348837209302 4.34883720930233 2.25581395348837 2.82558139534884 1.38372093023256 1.5 0.988372093023256 0.627906976744186 0.13953488372093 0.151162790697674 0.255813953488372
0.0298507462686567 0.432835820895522 0.417910447761194 0.91044776119403 1.53731343283582 3.2089552238806 3.01492537313433 2.64179104477612 3.14925373134328 2.02985074626866 2.56716417910448 0.895522388059702 0.253731343283582 0.194029850746269 0.0895522388059701 0.0746268656716418
0 0.246153846153846 0.4 0.938461538461538 1.61538461538462 2.36923076923077 2.8 2.21538461538462 2.78461538461538 1.18461538461538 0.8 0.538461538461538 0.676923076923077 0.584615384615385 0.323076923076923 0.107692307692308
0.0125 0.1875 0.375 1.5125 1.725 2.3 2.6 2.7 2.9625 1.8125 1.3 0.5125 0.5875 0.4 0.3 0.1125
0 0.132530120481928 0.325301204819277 0.698795180722892 1.34939759036145 1.19277108433735 1.98795180722892 1.59036144578313 1.63855421686747 1.95180722891566 1.78313253012048 1.42168674698795 0.867469879518072 0.807228915662651 0.481927710843373 0.783132530120482
0.0454545454545455 0.196969696969697 0.0303030303030303 0.575757575757576 0.909090909090909 1.34848484848485 1.71212121212121 0.878787878787879 1.24242424242424 1.66666666666667 2.1969696969697 1.15151515151515 0.636363636363636 2.10606060606061 0.303030303030303 0.893939393939394
0 0.134615384615385 0.153846153846154 0.230769230769231 0.692307692307692 0.807692307692308 1.30769230769231 1.26923076923077 1.07692307692308 1.11538461538462 1.53846153846154 2.23076923076923 2.21153846153846 0.903846153846154 0.653846153846154 0.480769230769231
0.04 0.04 0.02 0.08 0.38 0.34 0.72 0.56 1.06 0.54 1.38 1.64 4.42 1.2 0.82 0.84
0.0333333333333333 0.0666666666666667 0.1 0.1 0.5 0.366666666666667 0.6 0.666666666666667 0.933333333333333 1.03333333333333 0.766666666666667 0.966666666666667 1.66666666666667 1.13333333333333 1.56666666666667 0.266666666666667
0 0.0555555555555556 0.111111111111111 0.0555555555555556 0.111111111111111 0 0.0555555555555556 0.444444444444444 0.444444444444444 0.277777777777778 0.833333333333333 1.38888888888889 1.16666666666667 0.722222222222222 2.27777777777778 1.77777777777778
0 0 0 0.222222222222222 0.333333333333333 0.0555555555555556 0.111111111111111 0.222222222222222 0.166666666666667 0.833333333333333 0.833333333333333 0.444444444444444 0.666666666666667 0.666666666666667 2.83333333333333 3.44444444444444
