0 0 0.0625 0.09375 1.125 0.84375 0.8125 0.03125 0.03125 0.25 0.71875 1.125 0.40625 0.21875 0 0.09375
0.132075471698113 11.6320754716981 0.19811320754717 0.0566037735849057 0.216981132075472 0.971698113207547 1.0377358490566 0.226415094339623 0.132075471698113 0.160377358490566 0.273584905660377 0.5 0.349056603773585 0.0754716981132075 0.0377358490566038 0.00943396226415094
0 0.727272727272727 22.1666666666667 1.16666666666667 0.227272727272727 0.393939393939394 1.37878787878788 1.03030303030303 0.545454545454545 0.257575757575758 0.181818181818182 0.0757575757575758 0.454545454545455 0.106060606060606 0.136363636363636 0.121212121212121
0.0123456790123457 0.0123456790123457 0.925925925925926 4.8641975308642 1.80246913580247 2.44444444444444 3.02469135802469 2.59259259259259 2.92592592592593 1.64197530864198 1.16049382716049 0.395061728395062 0.172839506172839 0.123456790123457 0.123456790123457 0.222222222222222
0.0606060606060606 0.121212121212121 0.0606060606060606 1.27272727272727 2.42424242424242 1.72727272727273 2.62121212121212 1.56060606060606 1.90909090909091 1.24242424242424 1.36363636363636 0.757575757575758 0.515151515151515 0.303030303030303 0.0909090909090909 0.166666666666667
0.104651162790698 0.523255813953488 0.13953488372093 1.37209302325581 2.23255813953488 3.97674418604651 5.19767441860465 2.88372093023256 3.02325581395349 1.94186046511628 1.54651162790698 0.767441860465116 0.430232558139535 0.186046511627907 0.0697674418604651 0.22093023255814
0.134328358208955 0.298507462686567 0.358208955223881 0.925373134328358 1.52238805970149 2.53731343283582 3.61194029850746 2.19402985074627 2.41791044776119 1.91044776119403 1.47761194029851 0.582089552238806 0.373134328358209 0.134328358208955 0 0.0746268656716418
0 0.261538461538462 0.353846153846154 1.4 1.76923076923077 2.64615384615385 3.36923076923077 2.50769230769231 3.86153846153846 1.69230769230769 1.18461538461538 0.507692307692308 0.676923076923077 0.492307692307692 0.276923076923077 0.123076923076923
0.025 0.1 0.35 1.5 2.325 3.05 2.8875 3.575 3.2625 2.1125 1.3375 0.4125 0.3875 0.25 0.1875 0.05
0.0481927710843374 0.132530120481928 0.216867469879518 1.16867469879518 1.98795180722892 2 3.16867469879518 2.68674698795181 2.91566265060241 2.31325301204819 1.63855421686747 1.49397590361446 0.783132530120482 0.662650602409639 0.55421686746988 0.590361445783133
0.0151515151515152 0.166666666666667 0.0303030303030303 0.939393939393939 1.66666666666667 2.31818181818182 2.78787878787879 2 2.13636363636364 1.45454545454545 2.65151515151515 1.09090909090909 0.5 0.46969696969697 0.439393939393939 0.393939393939394
0.0192307692307692 0.173076923076923 0.0961538461538462 0.25 0.692307692307692 1.07692307692308 1.82692307692308 0.961538461538462 0.807692307692308 1.23076923076923 2.13461538461538 2.03846153846154 1.76923076923077 0.692307692307692 0.346153846153846 0.403846153846154
0.06 0.16 0.14 0.1 0.26 0.28 0.82 0.78 0.84 0.88 1.32 1.54 3.64 0.9 0.7 0.4
0 0.4 0.166666666666667 0.2 0.133333333333333 0.0666666666666667 0.7 1 0.6 1.16666666666667 0.6 1 1.33333333333333 1.56666666666667 1.06666666666667 0.166666666666667
0 0 0 0.0555555555555556 0.111111111111111 0 0.111111111111111 0.0555555555555556 0.388888888888889 0.222222222222222 0.388888888888889 0.888888888888889 0.611111111111111 0.777777777777778 1.05555555555556 0.388888888888889
0 0 0 0 0.277777777777778 0.166666666666667 0.222222222222222 0.166666666666667 0.166666666666667 0.333333333333333 0.666666666666667 0.388888888888889 0.666666666666667 0.722222222222222 2.33333333333333 3
