0.59375 0.5 0.09375 0 0.90625 1.125 0.5 0.125 0.0625 0.375 0.34375 1.03125 0.6875 0.21875 0 0.15625
0.254716981132075 12.5566037735849 0.150943396226415 0.19811320754717 0.273584905660377 0.943396226415094 0.905660377358491 0.254716981132075 0.311320754716981 0.179245283018868 0.367924528301887 0.566037735849057 0.509433962264151 0.188679245283019 0.0660377358490566 0.0188679245283019
0 1.22727272727273 20.1818181818182 0.515151515151515 0.257575757575758 0.53030303030303 1.24242424242424 1.21212121212121 0.46969696969697 0.393939393939394 0.242424242424242 0.166666666666667 0.212121212121212 0.151515151515152 0.0606060606060606 0.0606060606060606
0.0123456790123457 0 0.234567901234568 5.80246913580247 1.98765432098765 2.22222222222222 3.07407407407407 2.34567901234568 3.06172839506173 1.45679012345679 1.09876543209877 0.827160493827161 0.358024691358025 0.259259259259259 0.271604938271605 0.419753086419753
0.106060606060606 0.136363636363636 0.181818181818182 1.36363636363636 2.68181818181818 2.34848484848485 3.06060606060606 1.84848484848485 2.81818181818182 1.54545454545455 1.96969696969697 0.848484848484849 0.575757575757576 0.257575757575758 0.136363636363636 0.393939393939394
0.0930232558139535 0.686046511627907 0.209302325581395 1.47674418604651 2.34883720930233 3.84883720930233 4.83720930232558 2.96511627906977 3.52325581395349 2.16279069767442 2.09302325581395 0.848837209302326 0.232558139534884 0.267441860465116 0.116279069767442 0.267441860465116
0.17910447761194 0.388059701492537 0.238805970149254 0.955223880597015 1.58208955223881 1.86567164179104 2.82089552238806 2.05970149253731 2.19402985074627 0.955223880597015 0.82089552238806 0.641791044776119 0.298507462686567 0.149253731343284 0.0447761194029851 0.0597014925373134
0 0.2 0.476923076923077 0.984615384615385 1.67692307692308 2.12307692307692 3.55384615384615 2.44615384615385 2.75384615384615 1.46153846153846 1.03076923076923 0.538461538461538 0.938461538461538 0.723076923076923 0.369230769230769 0.338461538461538
0.0125 0.175 0.275 1.275 1.7875 2.2125 2.4875 2.5375 2.625 1.725 1.0625 0.4375 0.3125 0.3375 0.4375 0.2375
0 0.192771084337349 0.409638554216867 1.33734939759036 2.2289156626506 1.93975903614458 3.40963855421687 2.79518072289157 3.07228915662651 2.53012048192771 1.51807228915663 1.21686746987952 0.783132530120482 0.698795180722892 0.566265060240964 0.674698795180723
0.0303030303030303 0.196969696969697 0 0.409090909090909 1.25757575757576 1.03030303030303 1.46969696969697 0.939393939393939 1.62121212121212 1.12121212121212 1.83333333333333 1.63636363636364 0.651515151515151 1.10606060606061 0.621212121212121 1.81818181818182
0.0384615384615385 0.115384615384615 0.0769230769230769 0.0576923076923077 0.153846153846154 0.326923076923077 0.615384615384615 0.326923076923077 0.173076923076923 0.692307692307692 1.73076923076923 1.80769230769231 1.46153846153846 0.519230769230769 0.423076923076923 0.865384615384615
0.06 0.46 0.06 0 0.06 0.22 0.5 0.26 0.36 0.34 1.46 0.98 3.16 0.78 0.38 0.1
0 0.266666666666667 0.233333333333333 0.133333333333333 0.0666666666666667 0 0.533333333333333 0.666666666666667 0.466666666666667 0.533333333333333 0.166666666666667 1.2 1.5 1.46666666666667 0.666666666666667 0.366666666666667
0 0 0 0.388888888888889 0 0.0555555555555556 0 0.277777777777778 0.5 0.444444444444444 0.277777777777778 1.72222222222222 1 1 1.16666666666667 0.388888888888889
0 0 0.0555555555555556 0.111111111111111 0.222222222222222 0.111111111111111 0.0555555555555556 0.111111111111111 0.166666666666667 0.5 0.777777777777778 1.05555555555556 0.944444444444444 0.666666666666667 3.05555555555556 1.5
