0.59375 0.40625 0.125 0.03125 1 1 0.625 0.125 0 0.15625 0.3125 0.28125 0.53125 0.0625 0 0
0.385542168674699 12.1927710843374 1.1566265060241 0.168674698795181 0.530120481927711 1.24096385542169 1.33734939759036 0.289156626506024 0.120481927710843 0.132530120481928 0.542168674698795 0.481927710843373 0.493975903614458 0.120481927710843 0 0.0240963855421687
0 0.337078651685393 22.247191011236 0.955056179775281 0.573033707865168 0.808988764044944 1.57303370786517 1.13483146067416 0.685393258426966 0.303370786516854 0.247191011235955 0.112359550561798 0.235955056179775 0.0561797752808989 0.168539325842697 0.0674157303370786
0.0493827160493827 0.0493827160493827 0.703703703703704 3.07407407407407 2.11111111111111 2.35802469135802 2.87654320987654 2.25925925925926 2.64197530864198 1.4320987654321 1.09876543209877 0.679012345679012 0.382716049382716 0.296296296296296 0.296296296296296 0.432098765432099
0.0606060606060606 0.0909090909090909 0.227272727272727 1.22727272727273 3.56060606060606 2.60606060606061 3.24242424242424 2.13636363636364 2.31818181818182 1.86363636363636 1.93939393939394 0.803030303030303 0.666666666666667 0.303030303030303 0.106060606060606 0.348484848484849
0.174418604651163 0.534883720930233 0.27906976744186 1.40697674418605 2.56976744186047 3.8953488372093 4.76744186046512 2.96511627906977 3.46511627906977 1.73255813953488 1.90697674418605 1 0.627906976744186 0.244186046511628 0.174418604651163 0.186046511627907
0.0895522388059701 0.432835820895522 0.388059701492537 0.91044776119403 1.77611940298507 2.26865671641791 3.53731343283582 2.49253731343284 2.05970149253731 1.80597014925373 1.88059701492537 0.701492537313433 0.358208955223881 0.104477611940299 0.0298507462686567 0.0597014925373134
0 0.2 0.630769230769231 1 1.89230769230769 2.32307692307692 3.2 2.33846153846154 3.32307692307692 1.47692307692308 0.892307692307692 0.369230769230769 0.692307692307692 0.430769230769231 0.307692307692308 0.107692307692308
0 0.1875 0.3625 1.5125 2.2625 2.725 2.9375 2.65 2.875 2.3875 1.2 0.525 0.475 0.3 0.35 0.1875
0 0.168674698795181 0.36144578313253 1.4578313253012 2.18072289156627 1.97590361445783 3.28915662650602 2.69879518072289 2.85542168674699 2.04819277108434 2.02409638554217 1.43373493975904 0.734939759036145 0.506024096385542 0.228915662650602 0.602409638554217
0.0151515151515152 0.181818181818182 0.0757575757575758 0.757575757575758 1.36363636363636 1.74242424242424 2.42424242424242 1.31818181818182 1.66666666666667 1.31818181818182 2.53030303030303 1.28787878787879 0.636363636363636 0.666666666666667 0.363636363636364 1.43939393939394
0.0192307692307692 0.0384615384615385 0.134615384615385 0.307692307692308 0.903846153846154 1.21153846153846 1.32692307692308 0.980769230769231 1.34615384615385 1.19230769230769 1.96153846153846 1.63461538461538 1.23076923076923 0.519230769230769 0.346153846153846 0.634615384615385
0.02 0.18 0.04 0.36 0.62 0.74 1.36 1.54 1.34 1.14 2.24 1.96 3.78 1.34 0.68 0.64
0 0.133333333333333 0.266666666666667 0.166666666666667 0.466666666666667 0.333333333333333 0.6 0.933333333333333 0.9 0.8 0.566666666666667 1.03333333333333 1.26666666666667 1.46666666666667 1.5 0.233333333333333
0 0 0 0.111111111111111 0.222222222222222 0 0.222222222222222 0 0.611111111111111 0.166666666666667 0.333333333333333 0.333333333333333 0.388888888888889 0.444444444444444 2.16666666666667 0.444444444444444
0 0 0 0.111111111111111 0.277777777777778 0.111111111111111 0.0555555555555556 0.111111111111111 0.166666666666667 0.444444444444444 0.5 0.777777777777778 0.722222222222222 0.666666666666667 2 1.55555555555556
