0.125 0.03125 0.09375 0 0.75 1 0.84375 0.15625 0.03125 0.125 0.40625 0.90625 0.5 0.21875 0 0.09375
0.235849056603774 13.3207547169811 0.330188679245283 0.216981132075472 0.254716981132075 0.962264150943396 1.02830188679245 0.283018867924528 0.169811320754717 0.226415094339623 0.30188679245283 0.509433962264151 0.433962264150943 0.122641509433962 0.0377358490566038 0.00943396226415094
0 0.242424242424242 22.7878787878788 1.42424242424242 0.696969696969697 0.772727272727273 1.34848484848485 1.13636363636364 0.787878787878788 0.439393939393939 0.242424242424242 0.106060606060606 0.439393939393939 0.0151515151515152 0.0606060606060606 0.0606060606060606
0.037037037037037 0.0123456790123457 1.28395061728395 6.19753086419753 2.16049382716049 2.30864197530864 2.75308641975309 2.22222222222222 2.60493827160494 1.22222222222222 1.04938271604938 0.54320987654321 0.246913580246914 0.222222222222222 0.259259259259259 0.432098765432099
0.0909090909090909 0.166666666666667 0.121212121212121 1.24242424242424 2.93939393939394 2.21212121212121 3 2 2.66666666666667 1.6969696969697 1.77272727272727 1.93939393939394 1.10606060606061 0.696969696969697 0.348484848484849 0.818181818181818
0.104651162790698 0.872093023255814 0.348837209302326 1.74418604651163 2.54651162790698 4.38372093023256 3.97674418604651 3.17441860465116 3.09302325581395 1.84883720930233 1.7093023255814 0.86046511627907 0.732558139534884 0.186046511627907 0.162790697674419 0.209302325581395
0.104477611940299 0.373134328358209 0.328358208955224 0.925373134328358 1.52238805970149 2.43283582089552 3.1044776119403 2.62686567164179 2.34328358208955 1.73134328358209 1.61194029850746 0.925373134328358 0.477611940298507 0.313432835820896 0.0447761194029851 0.119402985074627
0 0.323076923076923 0.507692307692308 0.8 1.26153846153846 1.90769230769231 3.4 2.01538461538462 2.29230769230769 1.33846153846154 0.953846153846154 0.430769230769231 0.953846153846154 0.553846153846154 0.246153846153846 0.246153846153846
0.0125 0.175 0.325 1.075 1.8625 2.3375 2.375 2.4625 2.45 2.1375 0.875 1.1875 0.525 0.6375 0.8125 0.475
0 0.156626506024096 0.337349397590361 1.33734939759036 1.75903614457831 1.56626506024096 2.86746987951807 2.27710843373494 2.93975903614458 1.92771084337349 2.02409638554217 1.1566265060241 0.783132530120482 0.662650602409639 0.36144578313253 0.650602409638554
0.0151515151515152 0.166666666666667 0.0151515151515152 0.363636363636364 1.25757575757576 1.56060606060606 2.18181818181818 1.37878787878788 1.5 1.16666666666667 2.60606060606061 1.1969696969697 0.666666666666667 1.1969696969697 0.303030303030303 0.772727272727273
0 0.0961538461538462 0.0961538461538462 0.269230769230769 0.711538461538462 0.942307692307692 1.53846153846154 0.846153846153846 1.11538461538462 1.09615384615385 2.03846153846154 2.05769230769231 1.26923076923077 0.5 0.25 0.365384615384615
0 0.3 0.1 0.18 0.34 0.5 0.52 0.88 0.62 0.34 1.42 1.66 3.96 1.16 0.98 0.92
0 0.5 0.133333333333333 0.266666666666667 0.366666666666667 0.2 0.933333333333333 1.03333333333333 0.733333333333333 0.766666666666667 0.266666666666667 0.633333333333333 0.966666666666667 0.966666666666667 1.66666666666667 0.2
0 0.0555555555555556 0.0555555555555556 0.0555555555555556 0 0 0.222222222222222 0.277777777777778 0.444444444444444 0.111111111111111 0.611111111111111 2 1.11111111111111 0.777777777777778 3.33333333333333 0.666666666666667
0 0 0.111111111111111 0 0.0555555555555556 0.388888888888889 0.333333333333333 0 0.333333333333333 0.333333333333333 1.05555555555556 1.72222222222222 1.38888888888889 1.05555555555556 3.27777777777778 1.38888888888889
