0.59375 0.375 0.0625 0 1.15625 0.84375 1.0625 0.03125 0 0 0.5625 0.84375 0.625 0.0625 0 0.1875
0.216981132075472 14.1509433962264 0.433962264150943 0.19811320754717 0.528301886792453 1.02830188679245 1.16037735849057 0.358490566037736 0.132075471698113 0.226415094339623 0.330188679245283 0.5 0.320754716981132 0.0943396226415094 0.0377358490566038 0.0283018867924528
0 0.863636363636364 21.7575757575758 0.590909090909091 0.378787878787879 0.515151515151515 1.25757575757576 0.803030303030303 0.666666666666667 0.166666666666667 0.121212121212121 0.0757575757575758 0.409090909090909 0.136363636363636 0.121212121212121 0
0.037037037037037 0.0123456790123457 0.62962962962963 5.07407407407407 2.48148148148148 2.7283950617284 3.5679012345679 3.2962962962963 3.16049382716049 2 1.28395061728395 0.419753086419753 0.259259259259259 0.185185185185185 0.197530864197531 0.271604938271605
0.0151515151515152 0.181818181818182 0.106060606060606 0.803030303030303 3.01515151515152 2.1969696969697 3.21212121212121 1.63636363636364 2.06060606060606 1.8030303030303 1.72727272727273 0.893939393939394 0.46969696969697 0.272727272727273 0.0909090909090909 0.287878787878788
0.151162790697674 0.918604651162791 0.244186046511628 1.41860465116279 2.52325581395349 3.81395348837209 4.7093023255814 2.65116279069767 3.04651162790698 1.56976744186047 1.56976744186047 1.32558139534884 0.941860465116279 0.267441860465116 0.22093023255814 0.348837209302326
0.119402985074627 0.402985074626866 0.26865671641791 0.985074626865672 1.58208955223881 2 3.13432835820896 2.3134328358209 2.17910447761194 1.46268656716418 1.47761194029851 0.641791044776119 0.208955223880597 0.17910447761194 0.0149253731343284 0.0895522388059701
0 0.169230769230769 0.461538461538462 1.18461538461538 1.73846153846154 2.63076923076923 3.15384615384615 2.33846153846154 3.33846153846154 1.52307692307692 0.969230769230769 0.615384615384615 0.784615384615385 0.661538461538462 0.4 0.107692307692308
0 0.1625 0.2875 1.4 1.9625 2.9625 2.9625 2.625 3.15 1.85 1.15 0.65 0.525 0.375 0.375 0.2
0.0240963855421687 0.228915662650602 0.373493975903614 1.26506024096386 1.83132530120482 1.86746987951807 2.86746987951807 2.2289156626506 2.37349397590361 2.09638554216867 1.57831325301205 1.55421686746988 0.855421686746988 0.662650602409639 0.578313253012048 0.698795180722892
0.0454545454545455 0.121212121212121 0.0303030303030303 0.575757575757576 0.863636363636364 1.33333333333333 1.18181818181818 0.909090909090909 1.15151515151515 1.16666666666667 2.22727272727273 1.16666666666667 0.212121212121212 1.57575757575758 0.348484848484849 0.803030303030303
0.0384615384615385 0.0576923076923077 0.0961538461538462 0.269230769230769 0.557692307692308 0.807692307692308 1.23076923076923 0.903846153846154 0.884615384615385 0.769230769230769 1.98076923076923 1.88461538461538 1.42307692307692 0.480769230769231 0.230769230769231 0.192307692307692
0 0.3 0.08 0.24 0.34 0.6 0.84 1.02 0.68 0.64 1.52 1.18 3.5 0.76 0.54 0.62
0 0.0666666666666667 0.166666666666667 0.133333333333333 0.3 0.166666666666667 0.233333333333333 0.4 0.9 0.233333333333333 0.3 0.866666666666667 1.83333333333333 1.13333333333333 0.933333333333333 0.266666666666667
0 0 0 0.222222222222222 0.444444444444444 0 0.333333333333333 0.0555555555555556 0.611111111111111 0.166666666666667 0.444444444444444 0.555555555555556 0.222222222222222 1.05555555555556 2.05555555555556 0.888888888888889
0 0 0.111111111111111 0 0.277777777777778 0.222222222222222 0.277777777777778 0.0555555555555556 0.333333333333333 0.444444444444444 1.38888888888889 1.5 1.33333333333333 0.777777777777778 3.33333333333333 2.33333333333333
