1.25 0.78125 0.125 0.03125 0.625 1.03125 1 0.0625 0 0.0625 0.3125 1 0.78125 0.09375 0 0.03125
0.169811320754717 12.0471698113208 0.254716981132075 0.122641509433962 0.292452830188679 0.981132075471698 1.10377358490566 0.226415094339623 0.273584905660377 0.141509433962264 0.320754716981132 0.39622641509434 0.509433962264151 0.207547169811321 0.0283018867924528 0.0943396226415094
0 0.121212121212121 18.1515151515152 0.666666666666667 0.787878787878788 0.742424242424242 1.51515151515152 1.22727272727273 1 0.409090909090909 0.393939393939394 0.0606060606060606 0.318181818181818 0.0303030303030303 0.212121212121212 0.0151515151515152
0.0493827160493827 0.037037037037037 0.851851851851852 5.55555555555556 1.97530864197531 1.8641975308642 2.50617283950617 2.32098765432099 2.55555555555556 1.37037037037037 1.01234567901235 0.530864197530864 0.222222222222222 0.185185185185185 0.185185185185185 0.320987654320988
0.0303030303030303 0.272727272727273 0.0909090909090909 0.954545454545455 2.28787878787879 1.93939393939394 2.96969696969697 1.57575757575758 1.59090909090909 1.40909090909091 1.54545454545455 0.696969696969697 0.424242424242424 0.151515151515152 0.0151515151515152 0.121212121212121
0.116279069767442 0.511627906976744 0.209302325581395 1.6046511627907 2.87209302325581 4 4.23255813953488 2.52325581395349 3.33720930232558 1.83720930232558 1.7093023255814 0.953488372093023 0.569767441860465 0.22093023255814 0.162790697674419 0.197674418604651
0.134328358208955 0.328358208955224 0.477611940298507 1.01492537313433 2 2.3134328358209 3.3134328358209 2.56716417910448 2.19402985074627 1.34328358208955 1.08955223880597 0.582089552238806 0.134328358208955 0.194029850746269 0.0895522388059701 0.119402985074627
0 0.2 0.4 0.676923076923077 1.46153846153846 1.72307692307692 3.15384615384615 1.33846153846154 1.87692307692308 0.923076923076923 0.769230769230769 0.446153846153846 1.09230769230769 0.538461538461538 0.292307692307692 0.338461538461538
0.0125 0.1875 0.3375 1.5375 2.0375 2.9875 2.9125 3.15 2.825 1.95 1.2375 0.3375 0.4375 0.175 0.225 0.0125
0 0.228915662650602 0.228915662650602 1.33734939759036 1.91566265060241 1.95180722891566 2.73493975903614 2.44578313253012 2.69879518072289 2.37349397590361 1.69879518072289 1.65060240963855 0.891566265060241 0.506024096385542 0.566265060240964 0.963855421686747
0.0151515151515152 0.212121212121212 0.0303030303030303 0.681818181818182 0.96969696969697 1.25757575757576 2.21212121212121 1.10606060606061 1.71212121212121 1.37878787878788 2.66666666666667 0.803030303030303 0.242424242424242 0.318181818181818 0.136363636363636 0.227272727272727
0 0.0769230769230769 0.153846153846154 0.173076923076923 0.634615384615385 0.884615384615385 0.730769230769231 1.13461538461538 0.788461538461538 0.807692307692308 1.28846153846154 1.61538461538462 1.34615384615385 0.807692307692308 0.596153846153846 0.634615384615385
0.02 0.18 0.08 0.18 0.26 0.66 0.94 0.7 0.68 0.2 0.78 1.28 4.28 0.86 0.46 0.46
0 0.266666666666667 0.1 0.133333333333333 0.8 0.0333333333333333 0.7 0.766666666666667 0.733333333333333 0.533333333333333 0.5 1.46666666666667 1.6 2 0.966666666666667 0.533333333333333
0 0.0555555555555556 0 0.5 0 0.111111111111111 0.111111111111111 0.611111111111111 0.444444444444444 0.555555555555556 0.333333333333333 1.66666666666667 1.27777777777778 1 2.11111111111111 0.777777777777778
0 0 0 0.333333333333333 0.333333333333333 0.111111111111111 0.0555555555555556 0.222222222222222 0.277777777777778 0.833333333333333 0.611111111111111 0.833333333333333 0.555555555555556 0.666666666666667 1.44444444444444 1.83333333333333
