0.65625 0.40625 0 0.03125 0.96875 0.9375 0.4375 0.125 0.0625 0.375 0.5 0.65625 0.6875 0.1875 0 0.125
0.253012048192771 11.6867469879518 1.69879518072289 0.289156626506024 0.566265060240964 1.28915662650602 1.60240963855422 0.325301204819277 0.265060240963855 0.144578313253012 0.313253012048193 0.566265060240964 0.481927710843373 0.228915662650602 0 0
0 0.539325842696629 23.1685393258427 1.51685393258427 0.359550561797753 0.595505617977528 1.20224719101124 1.08988764044944 0.573033707865168 0.292134831460674 0.247191011235955 0.0786516853932584 0.393258426966292 0.0674157303370786 0.146067415730337 0.134831460674157
0.037037037037037 0.0123456790123457 1.38271604938272 4.39506172839506 2.64197530864198 2.75308641975309 4.07407407407407 3.4320987654321 3.62962962962963 1.95061728395062 1.49382716049383 0.493827160493827 0.123456790123457 0.148148148148148 0.222222222222222 0.382716049382716
0.0151515151515152 0.121212121212121 0.121212121212121 1.31818181818182 2.24242424242424 2.54545454545455 3.95454545454545 1.95454545454545 2.86363636363636 1.98484848484848 1.72727272727273 0.909090909090909 0.696969696969697 0.333333333333333 0.166666666666667 0.333333333333333
0.127906976744186 0.5 0.244186046511628 1.26744186046512 2.38372093023256 3.7906976744186 4.62790697674419 2.43023255813953 3.01162790697674 1.76744186046512 1.81395348837209 0.744186046511628 0.337209302325581 0.174418604651163 0.0697674418604651 0.174418604651163
0.104477611940299 0.358208955223881 0.582089552238806 0.985074626865672 1.95522388059702 2.58208955223881 3.6865671641791 2.3134328358209 2.14925373134328 1.1044776119403 1.08955223880597 0.552238805970149 0.328358208955224 0.164179104477612 0.134328358208955 0.0597014925373134
0 0.123076923076923 0.584615384615385 0.569230769230769 0.861538461538462 1.63076923076923 2.09230769230769 1.76923076923077 2.36923076923077 0.738461538461539 0.692307692307692 0.430769230769231 0.723076923076923 0.553846153846154 0.2 0.0923076923076923
0 0.1 0.2 1.375 1.5125 2.3875 2.2375 2.225 2.675 2.0625 0.875 0.3875 0.425 0.3375 0.775 0.2
0 0.072289156626506 0.216867469879518 0.91566265060241 1.50602409638554 1.32530120481928 2.04819277108434 2.06024096385542 1.97590361445783 1.8433734939759 1.66265060240964 1.55421686746988 0.879518072289157 0.650602409638554 0.590361445783133 0.578313253012048
0.0303030303030303 0.121212121212121 0.0757575757575758 0.848484848484849 1.13636363636364 1.81818181818182 2.13636363636364 1.37878787878788 1.77272727272727 1.27272727272727 2.34848484848485 0.727272727272727 0.454545454545455 1.68181818181818 0.439393939393939 0.409090909090909
0.0192307692307692 0.0576923076923077 0.0961538461538462 0.288461538461538 0.884615384615385 1.28846153846154 1.67307692307692 1.09615384615385 0.788461538461538 1.28846153846154 1.88461538461538 1.82692307692308 1.36538461538462 0.615384615384615 0.25 0.442307692307692
0.02 0.1 0.08 0.04 0.28 0.36 0.8 0.54 0.74 0.48 1 1.52 3.66 1.22 1 0.66
0 0 0.1 0.1 0.2 0.0666666666666667 0.333333333333333 0.5 0.733333333333333 0.366666666666667 0.466666666666667 1.66666666666667 2.53333333333333 1.9 1.8 0.366666666666667
0 0.0555555555555556 0.111111111111111 0.0555555555555556 0 0 0.0555555555555556 0.444444444444444 0.5 0.166666666666667 0.388888888888889 1.27777777777778 1.11111111111111 0.722222222222222 2.55555555555556 0.944444444444444
0 0 0 0.444444444444444 0.555555555555556 0 0.0555555555555556 0.277777777777778 0.5 1.05555555555556 0.944444444444444 0.555555555555556 0.222222222222222 0.277777777777778 2.16666666666667 2.44444444444444
