0 0.03125 0.09375 0.03125 1.28125 0.90625 0.8125 0.0625 0.03125 0.21875 0.59375 0.78125 0.5 0.1875 0 0.1875
0.397590361445783 9.10843373493976 1.04819277108434 0.27710843373494 0.614457831325301 1.26506024096386 1.14457831325301 0.27710843373494 0.144578313253012 0.132530120481928 0.433734939759036 0.44578313253012 0.542168674698795 0.168674698795181 0.0120481927710843 0.0602409638554217
0 0.426966292134831 23.6629213483146 1.60674157303371 0.573033707865168 0.696629213483146 1.32584269662921 1.1123595505618 0.741573033707865 0.415730337078652 0.280898876404494 0.0786516853932584 0.269662921348315 0.0898876404494382 0.123595505617978 0.123595505617978
0.0246913580246914 0.0123456790123457 1.83950617283951 2.37037037037037 2.55555555555556 2.8641975308642 3.20987654320988 3.1358024691358 3.04938271604938 1.75308641975309 1.54320987654321 0.790123456790123 0.419753086419753 0.271604938271605 0.320987654320988 0.518518518518518
0.0303030303030303 0.106060606060606 0.0303030303030303 0.954545454545455 2.6969696969697 2.06060606060606 2.18181818181818 1.53030303030303 1.74242424242424 1.45454545454545 1.39393939393939 0.984848484848485 0.484848484848485 0.409090909090909 0.166666666666667 0.303030303030303
0.116279069767442 0.837209302325581 0.13953488372093 1.62790697674419 2.67441860465116 4.61627906976744 4.88372093023256 2.77906976744186 3.2093023255814 1.94186046511628 1.52325581395349 1.23255813953488 0.802325581395349 0.209302325581395 0.267441860465116 0.290697674418605
0.0746268656716418 0.313432835820896 0.477611940298507 1.17910447761194 1.80597014925373 2.86567164179104 3.67164179104478 2.43283582089552 2.49253731343284 2 1.73134328358209 0.716417910447761 0.223880597014925 0.149253731343284 0.0149253731343284 0.0746268656716418
0 0.169230769230769 0.369230769230769 1.38461538461538 1.61538461538462 2.84615384615385 3.15384615384615 2.66153846153846 2.64615384615385 1.73846153846154 1.04615384615385 0.446153846153846 0.492307692307692 0.353846153846154 0.0615384615384615 0.0923076923076923
0.025 0.075 0.3125 1.55 1.8125 2.7375 2.8 2.9375 2.7625 2.025 1.475 0.325 0.4125 0.35 0.375 0.1
0.0240963855421687 0.120481927710843 0.240963855421687 0.927710843373494 1.5421686746988 1.40963855421687 2.5421686746988 1.98795180722892 2.67469879518072 2.08433734939759 2.03614457831325 1.42168674698795 0.843373493975904 0.72289156626506 0.397590361445783 0.795180722891566
0.0454545454545455 0.136363636363636 0.0303030303030303 0.409090909090909 1.16666666666667 1.24242424242424 1.40909090909091 1.63636363636364 1.93939393939394 2.24242424242424 3 1.48484848484848 0.303030303030303 1.33333333333333 0.484848484848485 1
0.0192307692307692 0.0384615384615385 0.0961538461538462 0.326923076923077 0.730769230769231 1.05769230769231 1.23076923076923 0.673076923076923 0.75 0.923076923076923 2.53846153846154 1.63461538461538 1.07692307692308 0.269230769230769 0.173076923076923 0.269230769230769
0.02 0.34 0.08 0.3 0.54 0.66 1.06 1.34 0.98 0.98 1.78 1.58 3.82 1.34 0.54 0.64
0 0 0.266666666666667 0.0333333333333333 0.0666666666666667 0 0.2 0.0333333333333333 0.766666666666667 0.366666666666667 0.4 1.26666666666667 1.3 1 0.933333333333333 0.333333333333333
0 0.0555555555555556 0 0.333333333333333 0.222222222222222 0.0555555555555556 0.222222222222222 0.5 0.444444444444444 0.388888888888889 0.833333333333333 1.11111111111111 0.777777777777778 0.5 0.5 0.5
0 0 0.111111111111111 0 0.222222222222222 0.166666666666667 0.222222222222222 0 0.222222222222222 0.277777777777778 0.833333333333333 0.722222222222222 0.388888888888889 0.111111111111111 3.5 1.61111111111111
