1.90625 1.28125 0.0625 0 0.90625 1.03125 0.71875 0.03125 0 0.21875 0.46875 0.53125 0.5625 0.1875 0 0.0625
0.204819277108434 11.3975903614458 0.506024096385542 0.144578313253012 0.433734939759036 1.20481927710843 1.03614457831325 0.27710843373494 0.253012048192771 0.204819277108434 0.469879518072289 0.590361445783133 0.27710843373494 0.180722891566265 0 0.036144578313253
0 0.235955056179775 22.1910112359551 0.685393258426966 0.449438202247191 0.764044943820225 1.39325842696629 1.25842696629213 0.539325842696629 0.348314606741573 0.191011235955056 0.0898876404494382 0.292134831460674 0.0898876404494382 0.269662921348315 0.0112359550561798
0.0617283950617284 0.0123456790123457 0.753086419753086 4.1358024691358 2.74074074074074 3.69135802469136 4.4320987654321 4.19753086419753 4.28395061728395 2.06172839506173 1.50617283950617 0.679012345679012 0.222222222222222 0.246913580246914 0.358024691358025 0.469135802469136
0.0606060606060606 0.181818181818182 0.136363636363636 0.954545454545455 2.87878787878788 2.46969696969697 3.22727272727273 1.66666666666667 2.06060606060606 1.6969696969697 1.72727272727273 0.772727272727273 0.409090909090909 0.136363636363636 0.0454545454545455 0.121212121212121
0.162790697674419 0.674418604651163 0.348837209302326 1.88372093023256 2.87209302325581 4.5 4.73255813953488 3.51162790697674 3.73255813953488 2.58139534883721 2.30232558139535 1.38372093023256 0.755813953488372 0.325581395348837 0.209302325581395 0.465116279069767
0.0746268656716418 0.208955223880597 0.582089552238806 0.746268656716418 1.64179104477612 2.55223880597015 2.61194029850746 2.26865671641791 2.17910447761194 0.805970149253731 0.865671641791045 0.791044776119403 0.447761194029851 0.0298507462686567 0.0597014925373134 0.0298507462686567
0 0.123076923076923 0.538461538461538 0.938461538461538 1.41538461538462 1.69230769230769 3.18461538461538 1.63076923076923 2.90769230769231 1.18461538461538 0.738461538461539 0.276923076923077 0.492307692307692 0.430769230769231 0.215384615384615 0.123076923076923
0.0375 0.1125 0.4375 1.575 1.975 2.325 2.85 2.625 2.9125 1.8125 1.075 0.525 0.55 0.35 0.2875 0.1625
0.0120481927710843 0.132530120481928 0.216867469879518 1.01204819277108 1.71084337349398 1.28915662650602 2.62650602409639 2.09638554216867 2.40963855421687 2.08433734939759 1.53012048192771 1.60240963855422 0.674698795180723 0.409638554216867 0.493975903614458 0.734939759036145
0.0454545454545455 0.151515151515152 0.0606060606060606 0.96969696969697 1.57575757575758 2.33333333333333 2.60606060606061 1.71212121212121 2.28787878787879 1.74242424242424 2.81818181818182 0.984848484848485 0.5 1.13636363636364 0.348484848484849 0.878787878787879
0 0.192307692307692 0.192307692307692 0.326923076923077 0.615384615384615 0.903846153846154 1.13461538461538 1.01923076923077 0.923076923076923 1.36538461538462 1.90384615384615 2.05769230769231 2 0.923076923076923 0.442307692307692 0.461538461538462
0 0.14 0.1 0.28 0.4 0.78 1.12 1.14 0.86 0.4 0.7 1.8 3.6 1.02 0.7 0.76
0.0333333333333333 0.0333333333333333 0.166666666666667 0.0333333333333333 0.1 0.1 0.4 0.4 0.8 0.533333333333333 0.8 0.633333333333333 2.23333333333333 0.8 0.5 0.3
0 0.111111111111111 0 0.277777777777778 0.333333333333333 0.0555555555555556 0.444444444444444 0.555555555555556 0.611111111111111 0.388888888888889 2.05555555555556 3.61111111111111 1.55555555555556 3.05555555555556 3.22222222222222 1.72222222222222
0 0 0.0555555555555556 0.111111111111111 0.333333333333333 0.166666666666667 0.388888888888889 0.277777777777778 0.277777777777778 0.944444444444444 1.44444444444444 1.16666666666667 1.38888888888889 1.27777777777778 2 4.16666666666667
