0.0625 0.125 0.09375 0.03125 1 1.125 0.90625 0.03125 0 0.09375 0.6875 0.65625 0.5625 0.15625 0 0.125
0.072289156626506 9.93975903614458 0.734939759036145 0.120481927710843 0.530120481927711 1.10843373493976 0.963855421686747 0.253012048192771 0.144578313253012 0.192771084337349 0.409638554216867 0.409638554216867 0.506024096385542 0.072289156626506 0.0120481927710843 0.036144578313253
0 1.29213483146067 19.1348314606742 0.606741573033708 0.314606741573034 0.337078651685393 1 0.910112359550562 0.674157303370786 0.303370786516854 0.123595505617978 0.224719101123595 0.48314606741573 0.101123595505618 0.269662921348315 0
0.0123456790123457 0.0123456790123457 1.37037037037037 3.20987654320988 2.49382716049383 2.88888888888889 3.4320987654321 3.25925925925926 3.39506172839506 1.79012345679012 1.16049382716049 0.481481481481481 0.185185185185185 0.160493827160494 0.209876543209877 0.283950617283951
0.0303030303030303 0.136363636363636 0.166666666666667 1.04545454545455 2.48484848484848 1.8030303030303 2.5 2.04545454545455 2.68181818181818 2.01515151515152 1.40909090909091 0.651515151515151 0.409090909090909 0.409090909090909 0.121212121212121 0.424242424242424
0.151162790697674 0.674418604651163 0.27906976744186 1.44186046511628 2.67441860465116 3.86046511627907 4.22093023255814 2.7906976744186 3.25581395348837 1.65116279069767 1.77906976744186 1.15116279069767 0.767441860465116 0.313953488372093 0.209302325581395 0.302325581395349
0.119402985074627 0.208955223880597 0.507462686567164 0.955223880597015 1.62686567164179 2.55223880597015 2.53731343283582 2.50746268656716 2.77611940298507 1.61194029850746 1.77611940298507 0.716417910447761 0.462686567164179 0.164179104477612 0.0895522388059701 0.0895522388059701
0 0.0923076923076923 0.6 1.13846153846154 1.69230769230769 2.18461538461538 3.46153846153846 1.87692307692308 2.52307692307692 1.52307692307692 0.876923076923077 0.292307692307692 0.646153846153846 0.476923076923077 0.153846153846154 0.138461538461538
0.025 0.1 0.4375 1.7 2.3 2.8375 2.8875 2.6875 2.5125 1.625 1.4 0.5125 0.5125 0.3 0.2375 0.05
0.0120481927710843 0.132530120481928 0.27710843373494 1.2289156626506 2.08433734939759 1.92771084337349 2.69879518072289 2.60240963855422 3.09638554216867 2.57831325301205 2.27710843373494 1.24096385542169 0.566265060240964 0.481927710843373 0.433734939759036 0.63855421686747
0.0606060606060606 0.166666666666667 0.0606060606060606 0.696969696969697 1.33333333333333 1.72727272727273 2.1969696969697 1.33333333333333 1.54545454545455 1.56060606060606 1.72727272727273 1.21212121212121 0.424242424242424 1.12121212121212 0.272727272727273 0.878787878787879
0.0192307692307692 0.0384615384615385 0.115384615384615 0.211538461538462 0.192307692307692 0.730769230769231 0.826923076923077 0.596153846153846 0.75 0.942307692307692 1.82692307692308 1.76923076923077 0.923076923076923 0.346153846153846 0.326923076923077 0.384615384615385
0 0.28 0.12 0.14 0.52 0.7 0.56 1 0.82 0.78 1.42 1.86 4 0.98 0.98 0.78
0 0.0666666666666667 0.166666666666667 0.233333333333333 0.2 0.133333333333333 0.466666666666667 0.733333333333333 1.2 0.233333333333333 0.233333333333333 0.9 1.53333333333333 0.966666666666667 0.833333333333333 0.133333333333333
0 0.0555555555555556 0.111111111111111 0 0.111111111111111 0 0.0555555555555556 0.611111111111111 0.611111111111111 0.166666666666667 1.33333333333333 0.944444444444444 0.444444444444444 0.777777777777778 3.16666666666667 2.66666666666667
0 0 0.166666666666667 0.444444444444444 0 0.5 0 0.222222222222222 0.222222222222222 1.44444444444444 1.16666666666667 1.77777777777778 1.22222222222222 0.777777777777778 1.88888888888889 0.777777777777778
