0 0.0625 0 0 0.90625 1 0.71875 0 0 0.1875 0.3125 0.625 0.6875 0.03125 0 0.0625
0.160377358490566 11.5283018867925 0.207547169811321 0.113207547169811 0.39622641509434 0.943396226415094 0.952830188679245 0.320754716981132 0.19811320754717 0.150943396226415 0.311320754716981 0.415094339622642 0.405660377358491 0.150943396226415 0.0471698113207547 0.0188679245283019
0 0.166666666666667 21.9090909090909 1.24242424242424 0.757575757575758 0.727272727272727 1.46969696969697 1.62121212121212 0.712121212121212 0.409090909090909 0.287878787878788 0.0757575757575758 0.560606060606061 0.166666666666667 0.121212121212121 0.0151515151515152
0.0123456790123457 0.0246913580246914 0.185185185185185 4.7037037037037 2.02469135802469 2.55555555555556 3.16049382716049 2.30864197530864 3.2716049382716 1.64197530864198 1.25925925925926 0.703703703703704 0.296296296296296 0.296296296296296 0.271604938271605 0.345679012345679
0.106060606060606 0.136363636363636 0.151515151515152 1.96969696969697 3.12121212121212 3.43939393939394 4.95454545454545 2.95454545454545 3.12121212121212 2.24242424242424 2.39393939393939 0.439393939393939 0.46969696969697 0.166666666666667 0.0909090909090909 0.272727272727273
0.174418604651163 0.802325581395349 0.232558139534884 1.48837209302326 2.40697674418605 3.93023255813953 4.23255813953488 2.87209302325581 3.15116279069767 1.97674418604651 1.94186046511628 1.46511627906977 0.883720930232558 0.441860465116279 0.22093023255814 0.406976744186047
0.134328358208955 0.402985074626866 0.343283582089552 1.05970149253731 1.61194029850746 2.32835820895522 3.17910447761194 2.01492537313433 2.59701492537313 1.28358208955224 1.35820895522388 0.835820895522388 0.283582089552239 0.208955223880597 0.0746268656716418 0.0597014925373134
0 0.246153846153846 0.446153846153846 0.984615384615385 1.49230769230769 2.10769230769231 2.8 1.98461538461538 2.21538461538462 1.18461538461538 0.923076923076923 0.323076923076923 0.984615384615385 0.615384615384615 0.292307692307692 0.323076923076923
0 0.1 0.2625 1.275 1.4875 2.475 2.1125 2.275 2.8875 1.875 1.025 0.5375 0.4 0.375 0.4875 0.1875
0.036144578313253 0.180722891566265 0.27710843373494 1.03614457831325 1.80722891566265 1.78313253012048 2.62650602409639 2.40963855421687 2.86746987951807 2.53012048192771 2.12048192771084 1.55421686746988 0.795180722891566 0.602409638554217 0.421686746987952 0.879518072289157
0.0757575757575758 0.166666666666667 0 0.484848484848485 1.04545454545455 1.27272727272727 1.56060606060606 0.878787878787879 1.42424242424242 1.63636363636364 1.84848484848485 0.651515151515151 0.515151515151515 2.90909090909091 0.303030303030303 0.333333333333333
0 0.115384615384615 0.0576923076923077 0.326923076923077 1.03846153846154 1.17307692307692 1.25 1.03846153846154 1.01923076923077 1.21153846153846 1 1.59615384615385 0.865384615384615 0.384615384615385 0.211538461538462 0.384615384615385
0 0.12 0.14 0.16 0.28 0.36 1.02 0.94 1.14 0.7 0.88 1.92 3.48 1.32 1.44 0.92
0 0.4 0.166666666666667 0.2 0.466666666666667 0.233333333333333 0.8 1 0.833333333333333 0.966666666666667 0.733333333333333 2 2.46666666666667 1.53333333333333 2.1 0.333333333333333
0 0.111111111111111 0.0555555555555556 0 0 0 0 0.611111111111111 0.555555555555556 0.388888888888889 1 1.61111111111111 1.83333333333333 0.611111111111111 2.72222222222222 0.333333333333333
0 0 0.111111111111111 0.111111111111111 0.166666666666667 0.277777777777778 0.277777777777778 0.111111111111111 0.277777777777778 0.666666666666667 1.33333333333333 1.11111111111111 0.944444444444444 0.611111111111111 3 2.55555555555556
