0.0625 0.03125 0 0.0625 0.8125 0.84375 0.875 0.09375 0.0625 0.3125 0.5625 1.09375 0.65625 0.15625 0 0.1875
0.311320754716981 14.4339622641509 0.556603773584906 0.424528301886792 0.452830188679245 1.07547169811321 0.981132075471698 0.386792452830189 0.273584905660377 0.169811320754717 0.264150943396226 0.509433962264151 0.433962264150943 0.132075471698113 0.0283018867924528 0.0188679245283019
0 0.787878787878788 20.9090909090909 1.24242424242424 0.409090909090909 0.363636363636364 1.3030303030303 1.22727272727273 0.515151515151515 0.212121212121212 0.136363636363636 0.0454545454545455 0.409090909090909 0.0151515151515152 0.181818181818182 0.106060606060606
0.0493827160493827 0.0123456790123457 1 3.71604938271605 2.02469135802469 2.23456790123457 3.11111111111111 2.5679012345679 2.88888888888889 1.74074074074074 1.22222222222222 0.518518518518518 0.333333333333333 0.185185185185185 0.172839506172839 0.308641975308642
0.121212121212121 0.257575757575758 0.151515151515152 1.09090909090909 2.65151515151515 2.21212121212121 2.84848484848485 1.77272727272727 2.40909090909091 1.60606060606061 1.71212121212121 1.25757575757576 0.696969696969697 0.363636363636364 0.196969696969697 0.46969696969697
0.174418604651163 0.546511627906977 0.36046511627907 1.72093023255814 2.95348837209302 4.37209302325581 5.06976744186047 3.22093023255814 4.09302325581395 2.16279069767442 2.06976744186047 0.918604651162791 0.63953488372093 0.348837209302326 0.151162790697674 0.232558139534884
0.0895522388059701 0.462686567164179 0.358208955223881 0.940298507462687 1.70149253731343 2.76119402985075 3.67164179104478 2.43283582089552 2.70149253731343 1.6865671641791 1.97014925373134 0.82089552238806 0.298507462686567 0.164179104477612 0.0746268656716418 0.0746268656716418
0 0.230769230769231 0.430769230769231 0.830769230769231 1.63076923076923 2.23076923076923 2.63076923076923 2.03076923076923 2.92307692307692 1.21538461538462 0.861538461538462 0.446153846153846 0.646153846153846 0.215384615384615 0.138461538461538 0.0923076923076923
0.025 0.1125 0.3625 1.775 1.925 3.3125 2.9125 2.875 3.1125 2.4 1.5 0.5125 0.5625 0.3125 0.6625 0.2
0 0.132530120481928 0.156626506024096 0.951807228915663 1.53012048192771 1.33734939759036 2.44578313253012 2.09638554216867 2.18072289156627 1.66265060240964 1.43373493975904 1.4578313253012 0.843373493975904 0.421686746987952 0.759036144578313 0.843373493975904
0.0151515151515152 0.166666666666667 0 0.424242424242424 0.893939393939394 1.24242424242424 1.89393939393939 0.924242424242424 1.57575757575758 1.1969696969697 2.40909090909091 1.33333333333333 0.409090909090909 1.09090909090909 0.287878787878788 1.13636363636364
0 0.134615384615385 0.134615384615385 0.288461538461538 0.807692307692308 1.03846153846154 1.11538461538462 0.865384615384615 1.01923076923077 1.15384615384615 1.38461538461538 2.07692307692308 1.42307692307692 0.730769230769231 0.442307692307692 0.557692307692308
0.02 0.24 0.2 0.2 0.38 0.4 1.04 0.96 0.86 0.5 1.12 1.26 3.84 1.18 0.72 0.68
0.0333333333333333 0.133333333333333 0 0.0666666666666667 0.4 0.166666666666667 0.666666666666667 0.466666666666667 0.766666666666667 0.633333333333333 0.5 0.933333333333333 2.26666666666667 1.96666666666667 1.06666666666667 0.333333333333333
0 0.0555555555555556 0 0.111111111111111 0 0 0.277777777777778 0.333333333333333 0.888888888888889 0.611111111111111 0.944444444444444 1.55555555555556 1.27777777777778 0.388888888888889 2.16666666666667 0.388888888888889
0 0 0.0555555555555556 0.111111111111111 0.166666666666667 0.166666666666667 0.166666666666667 0.111111111111111 0.222222222222222 0.5 0.777777777777778 1.11111111111111 1.22222222222222 0.722222222222222 2.38888888888889 1.55555555555556
