0 0.0625 0.0625 0 0.8125 0.8125 1.0625 0.125 0.09375 0.375 0.3125 0.9375 1.25 0.28125 0 0.1875
0.113207547169811 14.4433962264151 0.5 0.132075471698113 0.490566037735849 1 1.24528301886792 0.367924528301887 0.226415094339623 0.0943396226415094 0.235849056603774 0.462264150943396 0.471698113207547 0.132075471698113 0.00943396226415094 0
0 0.818181818181818 19.1363636363636 1.04545454545455 0.636363636363636 0.772727272727273 1.43939393939394 1.18181818181818 0.772727272727273 0.393939393939394 0.303030303030303 0.106060606060606 0.409090909090909 0.151515151515152 0.166666666666667 0.121212121212121
0.0493827160493827 0.0123456790123457 1.33333333333333 7.1358024691358 1.92592592592593 1.79012345679012 2.91358024691358 1.93827160493827 2.54320987654321 1.55555555555556 1.18518518518519 0.37037037037037 0.0987654320987654 0.0987654320987654 0.0740740740740741 0.345679012345679
0.0454545454545455 0.181818181818182 0.106060606060606 1.42424242424242 2.54545454545455 2.16666666666667 2.5 1.60606060606061 2.5 1.66666666666667 1.51515151515152 1.22727272727273 0.681818181818182 0.439393939393939 0.181818181818182 0.454545454545455
0.174418604651163 0.441860465116279 0.116279069767442 1.34883720930233 2.69767441860465 3.59302325581395 4.1046511627907 2.30232558139535 2.77906976744186 2 1.68604651162791 0.976744186046512 0.453488372093023 0.244186046511628 0.186046511627907 0.27906976744186
0.104477611940299 0.402985074626866 0.402985074626866 0.761194029850746 1.67164179104478 2.29850746268657 3.17910447761194 2.34328358208955 2.43283582089552 1.2089552238806 1.32835820895522 0.701492537313433 0.447761194029851 0.313432835820896 0.119402985074627 0.0597014925373134
0 0.338461538461538 0.369230769230769 0.923076923076923 1.44615384615385 2.36923076923077 2.92307692307692 2.21538461538462 2.04615384615385 1.33846153846154 1 0.430769230769231 0.8 0.369230769230769 0.138461538461538 0.138461538461538
0.025 0.2 0.275 1.7875 2.1375 3.05 2.7875 2.625 2.775 2.2 1.475 0.475 0.5375 0.375 0.725 0.25
0.0481927710843374 0.253012048192771 0.240963855421687 1.44578313253012 2.14457831325301 1.78313253012048 3.03614457831325 2.68674698795181 3.09638554216867 2.21686746987952 2.2289156626506 1.21686746987952 0.530120481927711 0.397590361445783 0.337349397590361 0.578313253012048
0.0454545454545455 0.181818181818182 0.0151515151515152 0.590909090909091 1.16666666666667 1.53030303030303 2.04545454545455 1.43939393939394 1.48484848484848 1.46969696969697 3.07575757575758 0.984848484848485 0.439393939393939 1.24242424242424 0.46969696969697 0.484848484848485
0.0384615384615385 0.0384615384615385 0.134615384615385 0.269230769230769 0.788461538461538 1.07692307692308 1.84615384615385 0.980769230769231 1.13461538461538 1.05769230769231 2.25 1.96153846153846 1.73076923076923 0.519230769230769 0.269230769230769 0.365384615384615
0.02 0.06 0.08 0.16 0.2 0.44 0.84 0.9 1.06 0.4 1 1.92 4.42 1.14 1.04 0.68
0 0.2 0.133333333333333 0.1 0.4 0.0333333333333333 0.5 0.4 0.333333333333333 0.533333333333333 0.433333333333333 1.23333333333333 1.36666666666667 1.06666666666667 0.7 0.166666666666667
0 0 0 0.166666666666667 0 0 0 0.0555555555555556 0.388888888888889 0.333333333333333 0.555555555555556 1.72222222222222 0.722222222222222 1.22222222222222 3.11111111111111 2.38888888888889
0 0 0.0555555555555556 0.333333333333333 0 0.222222222222222 0.277777777777778 0.166666666666667 0.388888888888889 0.944444444444444 0.5 0.722222222222222 0.555555555555556 0.111111111111111 2 0.555555555555556
