0 0.03125 0.0625 0.03125 0.75 0.9375 0.71875 0 0 0.0625 0.21875 0.875 0.46875 0.125 0 0
0.179245283018868 12.3207547169811 0.292452830188679 0.235849056603774 0.292452830188679 1.16037735849057 0.924528301886792 0.349056603773585 0.254716981132075 0.141509433962264 0.349056603773585 0.452830188679245 0.433962264150943 0.150943396226415 0.0566037735849057 0
0 0.0757575757575758 14.8484848484848 1.1969696969697 0.833333333333333 1.03030303030303 1.74242424242424 1.07575757575758 1.27272727272727 0.454545454545455 0.53030303030303 0.0151515151515152 0.287878787878788 0.0909090909090909 0.227272727272727 0.0757575757575758
0.037037037037037 0 0.925925925925926 4.48148148148148 2.14814814814815 2.71604938271605 3.16049382716049 2.58024691358025 3.04938271604938 1.80246913580247 1.34567901234568 0.691358024691358 0.259259259259259 0.234567901234568 0.246913580246914 0.407407407407407
0.0606060606060606 0.166666666666667 0.166666666666667 1.42424242424242 2.93939393939394 2.60606060606061 3.28787878787879 2.43939393939394 2.40909090909091 1.54545454545455 1.6969696969697 1.15151515151515 0.590909090909091 0.439393939393939 0.166666666666667 0.454545454545455
0.174418604651163 0.790697674418605 0.22093023255814 1.2093023255814 2.40697674418605 3.40697674418605 4.38372093023256 2.02325581395349 2.81395348837209 1.36046511627907 1.37209302325581 1.30232558139535 0.988372093023256 0.27906976744186 0.232558139534884 0.290697674418605
0.119402985074627 0.343283582089552 0.507462686567164 0.716417910447761 1.82089552238806 2.62686567164179 2.95522388059702 2.44776119402985 3.2089552238806 1.46268656716418 1.86567164179104 0.791044776119403 0.253731343283582 0.149253731343284 0.164179104477612 0.0895522388059701
0 0.184615384615385 0.476923076923077 0.953846153846154 1.27692307692308 1.61538461538462 2.72307692307692 2.24615384615385 3.03076923076923 1.26153846153846 0.753846153846154 0.446153846153846 0.753846153846154 0.646153846153846 0.184615384615385 0.261538461538462
0.0125 0.15 0.425 1.425 2 2.75 2.475 2.9375 3.0875 1.925 1.225 0.6875 0.35 0.3875 0.475 0.3
0.0120481927710843 0.144578313253012 0.180722891566265 1.09638554216867 1.87951807228916 1.55421686746988 2.53012048192771 2.14457831325301 2.28915662650602 2.31325301204819 1.74698795180723 1.55421686746988 0.831325301204819 0.590361445783133 0.409638554216867 0.698795180722892
0.0606060606060606 0.151515151515152 0.0151515151515152 0.560606060606061 1.16666666666667 1.77272727272727 2.09090909090909 1.16666666666667 1.72727272727273 1.77272727272727 2.56060606060606 1.22727272727273 0.787878787878788 0.803030303030303 0.545454545454545 0.984848484848485
0.0192307692307692 0.115384615384615 0.134615384615385 0.269230769230769 0.788461538461538 0.980769230769231 1.36538461538462 1.09615384615385 0.923076923076923 1.11538461538462 1.21153846153846 1.92307692307692 1.55769230769231 0.692307692307692 0.346153846153846 0.5
0.04 0.2 0.08 0.1 0.36 0.38 0.48 0.52 0.9 0.46 1.44 2.4 4.54 1.5 1 1.56
0 0.0666666666666667 0.0333333333333333 0.0666666666666667 0.5 0.166666666666667 0.333333333333333 0.633333333333333 0.633333333333333 0.466666666666667 0.433333333333333 2.56666666666667 2.76666666666667 1.66666666666667 1.5 0.4
0 0.0555555555555556 0 0.111111111111111 0.111111111111111 0 0.0555555555555556 0.388888888888889 1.05555555555556 0.611111111111111 0.888888888888889 1.5 2.5 1.44444444444444 1.94444444444444 0.333333333333333
0 0 0.166666666666667 0.277777777777778 0.0555555555555556 0.444444444444444 0.166666666666667 0.166666666666667 0.222222222222222 1.11111111111111 1.44444444444444 1.94444444444444 1.55555555555556 1.11111111111111 2.44444444444444 1.72222222222222
