0.65625 0.40625 0.03125 0 0.78125 0.90625 0.84375 0.0625 0.03125 0.5625 0.28125 0.65625 0.8125 0.15625 0 0.09375
0.160377358490566 14.0094339622642 0.235849056603774 0.10377358490566 0.386792452830189 0.905660377358491 1.19811320754717 0.235849056603774 0.132075471698113 0.141509433962264 0.30188679245283 0.424528301886792 0.283018867924528 0.10377358490566 0.0471698113207547 0.0377358490566038
0 0.803030303030303 19.9848484848485 1.34848484848485 0.787878787878788 0.848484848484849 1.37878787878788 1.3030303030303 0.984848484848485 0.272727272727273 0.348484848484849 0.0606060606060606 0.424242424242424 0.0454545454545455 0.196969696969697 0.0454545454545455
0.0740740740740741 0.0123456790123457 0.975308641975309 4.82716049382716 1.95061728395062 2.37037037037037 3.28395061728395 2.23456790123457 2.82716049382716 1.69135802469136 1.20987654320988 0.567901234567901 0.259259259259259 0.172839506172839 0.172839506172839 0.37037037037037
0.0454545454545455 0.166666666666667 0.0151515151515152 1.12121212121212 1.95454545454545 2.03030303030303 2.8030303030303 1.62121212121212 1.92424242424242 1.06060606060606 1.27272727272727 1.36363636363636 0.727272727272727 0.53030303030303 0.257575757575758 0.46969696969697
0.0930232558139535 0.732558139534884 0.186046511627907 1.72093023255814 2.72093023255814 4.59302325581395 4.96511627906977 3.03488372093023 3.80232558139535 2.05813953488372 1.80232558139535 1.08139534883721 0.546511627906977 0.255813953488372 0.174418604651163 0.267441860465116
0.164179104477612 0.388059701492537 0.253731343283582 0.850746268656716 1.38805970149254 2 3.40298507462687 2.28358208955224 2.1044776119403 1.19402985074627 1.16417910447761 0.656716417910448 0.373134328358209 0.164179104477612 0 0.0298507462686567
0 0.261538461538462 0.353846153846154 1.55384615384615 1.70769230769231 2.44615384615385 4 2.63076923076923 2.90769230769231 1.66153846153846 1.01538461538462 0.153846153846154 0.292307692307692 0.261538461538462 0.123076923076923 0.0923076923076923
0.0125 0.25 0.2875 1.6375 1.925 2.15 2.525 2.4125 2.725 2.0375 1.1625 0.4375 0.35 0.2875 0.3375 0.1375
0.0240963855421687 0.216867469879518 0.216867469879518 1.49397590361446 2.31325301204819 1.91566265060241 3.63855421686747 2.51807228915663 2.95180722891566 2.53012048192771 1.90361445783133 1.16867469879518 0.578313253012048 0.469879518072289 0.168674698795181 0.481927710843373
0.0757575757575758 0.181818181818182 0.0151515151515152 0.803030303030303 1.63636363636364 2.21212121212121 1.86363636363636 1.75757575757576 2.15151515151515 1.57575757575758 2.37878787878788 1.21212121212121 0.53030303030303 1.1969696969697 0.439393939393939 0.606060606060606
0 0.134615384615385 0.0961538461538462 0.25 0.807692307692308 0.961538461538462 1.21153846153846 0.865384615384615 0.980769230769231 0.903846153846154 1.82692307692308 1.69230769230769 1.73076923076923 0.442307692307692 0.307692307692308 0.230769230769231
0 0.38 0.08 0.2 0.3 0.64 0.8 0.82 0.88 0.42 0.96 2.44 4.9 1.5 1.1 0.94
0 0.3 0.0333333333333333 0.1 0.166666666666667 0.2 0.733333333333333 0.666666666666667 0.9 1.43333333333333 0.8 1.6 2.43333333333333 1.83333333333333 1.06666666666667 0.2
0 0.0555555555555556 0 0.166666666666667 0 0 0 0.555555555555556 0.5 0.166666666666667 0.666666666666667 0.888888888888889 0.944444444444444 0.722222222222222 3.44444444444444 0.944444444444444
0 0 0 0.111111111111111 0.166666666666667 0 0.166666666666667 0.0555555555555556 0.222222222222222 0.388888888888889 0.222222222222222 0.611111111111111 0.444444444444444 0.333333333333333 1.94444444444444 0.388888888888889
