0.0625 0 0.1875 0.0625 1.09375 0.625 0.96875 0.125 0.03125 0.125 0.59375 0.84375 0.40625 0.25 0 0.125
0.192771084337349 12.2650602409639 1.36144578313253 0.228915662650602 0.626506024096386 1.25301204819277 1.39759036144578 0.313253012048193 0.204819277108434 0.0843373493975904 0.36144578313253 0.578313253012048 0.530120481927711 0.156626506024096 0 0.0120481927710843
0 0.528089887640449 21.8876404494382 0.966292134831461 0.426966292134831 0.685393258426966 1.1123595505618 0.932584269662921 0.573033707865168 0.247191011235955 0.202247191011236 0.112359550561798 0.471910112359551 0.101123595505618 0.146067415730337 0.0674157303370786
0.0617283950617284 0.0246913580246914 0.469135802469136 5.62962962962963 2.22222222222222 1.91358024691358 2.66666666666667 2.50617283950617 2.55555555555556 1.38271604938272 1 0.197530864197531 0.0617283950617284 0.0740740740740741 0.123456790123457 0.123456790123457
0.0303030303030303 0.287878787878788 0.242424242424242 1.34848484848485 2.81818181818182 3 3.86363636363636 2.5 3.77272727272727 2.28787878787879 1.95454545454545 1.28787878787879 0.742424242424242 0.46969696969697 0.227272727272727 0.696969696969697
0.116279069767442 0.534883720930233 0.174418604651163 1.54651162790698 2.58139534883721 3.93023255813953 4.94186046511628 2.69767441860465 3.11627906976744 1.87209302325581 1.81395348837209 1.05813953488372 0.593023255813954 0.22093023255814 0.197674418604651 0.337209302325581
0.119402985074627 0.298507462686567 0.417910447761194 0.925373134328358 1.62686567164179 2.41791044776119 3.25373134328358 2.07462686567164 2.7910447761194 1.23880597014925 1.34328358208955 0.552238805970149 0.194029850746269 0.26865671641791 0 0.0298507462686567
0 0.107692307692308 0.615384615384615 1.24615384615385 1.8 2.58461538461538 3.15384615384615 2.36923076923077 3.50769230769231 1.53846153846154 1.01538461538462 0.415384615384615 0.707692307692308 0.415384615384615 0.276923076923077 0.138461538461538
0.0125 0.2125 0.3125 1.7125 2.3625 3 2.8875 3.0875 3.0625 2.3875 1.375 0.55 0.55 0.3625 0.45 0.2
0 0.0843373493975904 0.228915662650602 1.18072289156627 1.87951807228916 1.4578313253012 2.49397590361446 2.27710843373494 2.81927710843373 2.16867469879518 1.33734939759036 1.32530120481928 0.819277108433735 0.542168674698795 0.481927710843373 0.710843373493976
0.0303030303030303 0.136363636363636 0.0454545454545455 0.787878787878788 0.939393939393939 1.60606060606061 1.62121212121212 1.09090909090909 2 1.33333333333333 2.34848484848485 0.924242424242424 0.333333333333333 1.07575757575758 0.606060606060606 0.378787878787879
0 0.0576923076923077 0.134615384615385 0.230769230769231 0.442307692307692 0.807692307692308 1.26923076923077 0.5 1.01923076923077 0.942307692307692 2.01923076923077 1.59615384615385 1 0.403846153846154 0.326923076923077 0.384615384615385
0 0.14 0.1 0.08 0.12 0.14 0.86 0.58 1 0.52 1.66 1.66 4.58 0.74 1.12 0.62
0.0666666666666667 0.4 0.233333333333333 0.133333333333333 0.133333333333333 0.2 0.833333333333333 0.966666666666667 0.8 1.4 0.866666666666667 1.96666666666667 1.7 2.5 1.53333333333333 0.733333333333333
0 0 0.111111111111111 0.0555555555555556 0 0 0.222222222222222 0.388888888888889 0.333333333333333 0.5 0.388888888888889 0.777777777777778 0.722222222222222 0.833333333333333 2.61111111111111 0.222222222222222
0 0 0.0555555555555556 0.111111111111111 0.111111111111111 0.166666666666667 0.111111111111111 0.0555555555555556 0.166666666666667 0.388888888888889 0.555555555555556 1 0.944444444444444 0.444444444444444 3.05555555555556 0.666666666666667
