0 0.09375 0.125 0 0.96875 1.25 1.0625 0.0625 0 0.25 0.3125 0.625 0.65625 0.15625 0 0
0.245283018867925 12.4716981132075 0.405660377358491 0.188679245283019 0.349056603773585 1.02830188679245 1.12264150943396 0.405660377358491 0.160377358490566 0.122641509433962 0.311320754716981 0.5 0.509433962264151 0.160377358490566 0.0660377358490566 0.0188679245283019
0 1.39393939393939 19.9242424242424 0.803030303030303 0.318181818181818 0.393939393939394 1.42424242424242 1.09090909090909 0.515151515151515 0.272727272727273 0.136363636363636 0.0757575757575758 0.409090909090909 0.0757575757575758 0.166666666666667 0.0454545454545455
0.037037037037037 0.037037037037037 0.802469135802469 4.58024691358025 2.37037037037037 3.12345679012346 3.55555555555556 3.02469135802469 3.46913580246914 2.06172839506173 1.50617283950617 1.07407407407407 0.308641975308642 0.345679012345679 0.37037037037037 0.641975308641975
0.0454545454545455 0.196969696969697 0.0606060606060606 1.53030303030303 2.22727272727273 2.56060606060606 3.27272727272727 2.46969696969697 2.42424242424242 2.21212121212121 2.24242424242424 0.863636363636364 0.515151515151515 0.348484848484849 0.0909090909090909 0.333333333333333
0.0930232558139535 0.744186046511628 0.372093023255814 1.82558139534884 2.83720930232558 4.72093023255814 4.48837209302326 3.09302325581395 4.03488372093023 2.2906976744186 2.15116279069767 0.930232558139535 0.337209302325581 0.27906976744186 0.151162790697674 0.255813953488372
0.0746268656716418 0.432835820895522 0.447761194029851 0.850746268656716 1.62686567164179 2.38805970149254 2.86567164179104 2.35820895522388 2.59701492537313 1.25373134328358 1.19402985074627 0.925373134328358 0.223880597014925 0.208955223880597 0.0895522388059701 0.0746268656716418
0 0.261538461538462 0.430769230769231 1.12307692307692 1.89230769230769 1.92307692307692 3.47692307692308 1.78461538461538 2.98461538461538 1.16923076923077 0.769230769230769 0.369230769230769 0.615384615384615 0.476923076923077 0.215384615384615 0.153846153846154
0 0.1875 0.4125 1.825 2.0375 2.9625 3.0625 2.8125 3.3875 1.925 1.65 0.6375 0.5625 0.3875 0.5625 0.2
0.0481927710843374 0.156626506024096 0.265060240963855 1.24096385542169 1.62650602409639 1.48192771084337 2.46987951807229 1.98795180722892 2.62650602409639 2.09638554216867 1.55421686746988 1.49397590361446 0.867469879518072 0.710843373493976 0.542168674698795 0.650602409638554
0.0454545454545455 0.196969696969697 0 0.257575757575758 0.757575757575758 0.787878787878788 1.66666666666667 0.863636363636364 1.27272727272727 1.27272727272727 2.51515151515152 0.924242424242424 0.348484848484849 0.863636363636364 0.272727272727273 0.454545454545455
0.0384615384615385 0.0769230769230769 0.0961538461538462 0.25 0.673076923076923 0.942307692307692 1.32692307692308 1.05769230769231 1.07692307692308 0.923076923076923 1.40384615384615 1.98076923076923 1.69230769230769 0.5 0.0961538461538462 0.326923076923077
0.02 0.26 0.06 0.1 0.06 0.14 0.8 0.44 0.72 0.7 1.62 1.46 3.78 1.1 0.72 0.54
0 0.0333333333333333 0.166666666666667 0.0666666666666667 0.566666666666667 0.0333333333333333 0.166666666666667 0.333333333333333 0.366666666666667 0.4 0.166666666666667 0.8 1.03333333333333 1.8 1.33333333333333 0.2
0 0.0555555555555556 0.0555555555555556 0.222222222222222 0.333333333333333 0.0555555555555556 0.277777777777778 0.666666666666667 0.555555555555556 0.388888888888889 0.722222222222222 1.77777777777778 1.38888888888889 1 0.777777777777778 0.722222222222222
0 0 0.111111111111111 0.111111111111111 0.166666666666667 0.222222222222222 0 0.0555555555555556 0.166666666666667 0.666666666666667 0.944444444444444 1.27777777777778 1.05555555555556 0.5 2 0.666666666666667
