0.0625 0 0.0625 0 1.15625 0.84375 0.6875 0.0625 0.03125 0.1875 0.71875 0.8125 0.5 0.09375 0 0.1875
0.226415094339623 12.7735849056604 0.150943396226415 0.150943396226415 0.39622641509434 1.00943396226415 1.10377358490566 0.30188679245283 0.226415094339623 0.216981132075472 0.292452830188679 0.566037735849057 0.415094339622642 0.141509433962264 0.0471698113207547 0.0660377358490566
0 0.681818181818182 21.4242424242424 1.24242424242424 0.484848484848485 0.757575757575758 1.42424242424242 1.09090909090909 0.848484848484849 0.242424242424242 0.46969696969697 0.0757575757575758 0.515151515151515 0.136363636363636 0.227272727272727 0.0303030303030303
0.0493827160493827 0 0.62962962962963 4.61728395061728 1.97530864197531 3.22222222222222 3.32098765432099 3.16049382716049 3.08641975308642 2.14814814814815 1.49382716049383 0.814814814814815 0.246913580246914 0.234567901234568 0.283950617283951 0.419753086419753
0.0606060606060606 0.121212121212121 0.121212121212121 0.939393939393939 2.21212121212121 1.98484848484848 2.56060606060606 2.07575757575758 1.96969696969697 1.56060606060606 1.5 0.409090909090909 0.303030303030303 0.166666666666667 0.0151515151515152 0.166666666666667
0.162790697674419 0.732558139534884 0.151162790697674 1.24418604651163 2.65116279069767 3.87209302325581 4 2.48837209302326 2.95348837209302 1.68604651162791 1.73255813953488 1.25581395348837 0.593023255813954 0.27906976744186 0.174418604651163 0.348837209302326
0.119402985074627 0.432835820895522 0.194029850746269 0.656716417910448 1.28358208955224 2.35820895522388 2.74626865671642 2.13432835820896 2.07462686567164 1 0.895522388059702 0.791044776119403 0.313432835820896 0.358208955223881 0.0298507462686567 0.0597014925373134
0 0.246153846153846 0.338461538461538 1.06153846153846 1.6 2.35384615384615 4.44615384615385 2.24615384615385 2.24615384615385 1.35384615384615 1.01538461538462 0.323076923076923 0.507692307692308 0.338461538461538 0.169230769230769 0.138461538461538
0 0.1875 0.2375 1.2875 1.3375 2.125 2.0625 2.6125 2.6875 1.75 0.85 0.3125 0.35 0.175 0.175 0.05
0.0120481927710843 0.144578313253012 0.385542168674699 0.867469879518072 1.51807228915663 1.18072289156627 2.42168674698795 1.86746987951807 2.27710843373494 1.8433734939759 1.65060240963855 0.662650602409639 0.192771084337349 0.373493975903614 0.228915662650602 0.253012048192771
0 0.151515151515152 0 0.787878787878788 1.13636363636364 1.36363636363636 2.45454545454545 1.12121212121212 2.01515151515152 1.07575757575758 1.75757575757576 0.924242424242424 0.53030303030303 0.303030303030303 0.363636363636364 0.787878787878788
0 0.192307692307692 0.0961538461538462 0.288461538461538 0.769230769230769 1 1.05769230769231 0.826923076923077 1.11538461538462 1.07692307692308 1.13461538461538 2.05769230769231 1.71153846153846 0.519230769230769 0.0769230769230769 0.538461538461538
0.04 0.22 0.14 0.18 0.2 0.38 1.06 1 0.94 0.58 1 1.88 3.16 1.42 1 0.56
0 0.2 0.1 0.2 0.0666666666666667 0.0333333333333333 0.433333333333333 0.266666666666667 0.7 0.7 0.5 1.43333333333333 2.66666666666667 1.5 1.23333333333333 0.6
0 0 0.111111111111111 0.0555555555555556 0 0 0.111111111111111 0.333333333333333 0.444444444444444 0.222222222222222 0.777777777777778 1.5 0.888888888888889 0.888888888888889 2.55555555555556 0.5
0 0 0 0.111111111111111 0.166666666666667 0.0555555555555556 0.166666666666667 0.111111111111111 0.166666666666667 0.5 0.444444444444444 0.722222222222222 0.666666666666667 0.611111111111111 3.72222222222222 1.83333333333333
