0.0625 0.03125 0.21875 0 0.8125 1 0.84375 0.15625 0.03125 0.1875 0.40625 1.0625 0.625 0.25 0 0.09375
0.132075471698113 12.2641509433962 0.216981132075472 0.0283018867924528 0.216981132075472 0.669811320754717 0.952830188679245 0.273584905660377 0.179245283018868 0.150943396226415 0.216981132075472 0.462264150943396 0.339622641509434 0.0943396226415094 0.0566037735849057 0.00943396226415094
0 0.257575757575758 18.4848484848485 1.31818181818182 0.848484848484849 0.96969696969697 1.60606060606061 1.09090909090909 0.727272727272727 0.363636363636364 0.303030303030303 0.0303030303030303 0.303030303030303 0.0303030303030303 0.196969696969697 0.0454545454545455
0.111111111111111 0.037037037037037 1.12345679012346 5.49382716049383 2.30864197530864 2.41975308641975 3.1358024691358 2.50617283950617 2.74074074074074 1.5679012345679 1.1358024691358 0.45679012345679 0.0987654320987654 0.123456790123457 0.0987654320987654 0.246913580246914
0.0303030303030303 0.181818181818182 0.121212121212121 1.22727272727273 2.71212121212121 2.09090909090909 2.8030303030303 2.12121212121212 2.40909090909091 1.93939393939394 1.48484848484848 0.378787878787879 0.272727272727273 0.106060606060606 0.0757575757575758 0.212121212121212
0.13953488372093 0.941860465116279 0.348837209302326 2.02325581395349 3.18604651162791 5.2906976744186 4.90697674418605 3.3953488372093 3.96511627906977 2.53488372093023 1.82558139534884 1.25581395348837 0.651162790697674 0.313953488372093 0.186046511627907 0.325581395348837
0.0447761194029851 0.462686567164179 0.328358208955224 0.656716417910448 1.23880597014925 1.70149253731343 2.37313432835821 1.76119402985075 1.70149253731343 0.955223880597015 0.850746268656716 0.537313432835821 0.298507462686567 0.164179104477612 0.0447761194029851 0.0746268656716418
0 0.292307692307692 0.323076923076923 1.01538461538462 1.16923076923077 2.27692307692308 2.93846153846154 2.4 3.30769230769231 1.21538461538462 0.876923076923077 0.384615384615385 0.353846153846154 0.415384615384615 0.184615384615385 0.0307692307692308
0.025 0.1875 0.5 1.7 1.9125 2.5375 2.8375 2.7875 2.7125 2.175 1.4125 0.6375 0.55 0.4625 0.2625 0.1625
0 0.180722891566265 0.301204819277108 0.987951807228916 1.55421686746988 1.33734939759036 2.25301204819277 1.95180722891566 1.93975903614458 1.8433734939759 1.96385542168675 1.28915662650602 1.10843373493976 0.783132530120482 0.590361445783133 1.03614457831325
0.0303030303030303 0.181818181818182 0 0.409090909090909 0.96969696969697 1.01515151515152 1.66666666666667 0.954545454545455 1.62121212121212 1.34848484848485 2.13636363636364 0.954545454545455 0.46969696969697 1.77272727272727 0.439393939393939 0.348484848484849
0.0769230769230769 0.0769230769230769 0.0576923076923077 0.0576923076923077 0.0961538461538462 0.480769230769231 0.480769230769231 0.403846153846154 0.326923076923077 0.711538461538462 1.84615384615385 1.67307692307692 1.42307692307692 0.269230769230769 0.25 0.461538461538462
0.02 0.4 0.1 0.1 0.36 0.32 1.08 0.66 0.66 0.74 1.38 1.14 3.42 0.98 0.6 0.54
0 0.266666666666667 0.233333333333333 0.0333333333333333 0.3 0.1 0.566666666666667 0.633333333333333 0.2 0.366666666666667 0.3 1.16666666666667 1.13333333333333 1.16666666666667 1.6 0.2
0 0 0 0.0555555555555556 0.111111111111111 0 0.111111111111111 0 0.333333333333333 0.333333333333333 0.777777777777778 2.16666666666667 1.44444444444444 2.16666666666667 5.27777777777778 1.33333333333333
0 0 0.0555555555555556 0 0.333333333333333 0.166666666666667 0.333333333333333 0.111111111111111 0.333333333333333 0.444444444444444 1.16666666666667 1.27777777777778 1.27777777777778 1 1.83333333333333 2.55555555555556
