1.25 0.8125 0 0 0.71875 1.28125 0.875 0.03125 0.03125 0.25 0.375 0.9375 0.90625 0.0625 0 0.15625
0.113207547169811 10.3301886792453 0.490566037735849 0.00943396226415094 0.292452830188679 0.754716981132076 0.990566037735849 0.226415094339623 0.19811320754717 0.141509433962264 0.235849056603774 0.5 0.339622641509434 0.0943396226415094 0.0471698113207547 0.0377358490566038
0 0.636363636363636 19.5606060606061 0.772727272727273 0.606060606060606 0.833333333333333 1.53030303030303 1.1969696969697 0.818181818181818 0.318181818181818 0.303030303030303 0.0909090909090909 0.257575757575758 0.0606060606060606 0.166666666666667 0
0.0987654320987654 0.0246913580246914 0.975308641975309 6.87654320987654 2.2962962962963 2.97530864197531 3.71604938271605 3.11111111111111 3.35802469135802 1.7037037037037 1.30864197530864 0.864197530864197 0.395061728395062 0.283950617283951 0.271604938271605 0.530864197530864
0.0606060606060606 0.303030303030303 0.181818181818182 1.75757575757576 3.21212121212121 3.37878787878788 4.01515151515152 2.62121212121212 2.68181818181818 2.42424242424242 2.06060606060606 0.939393939393939 0.621212121212121 0.272727272727273 0.136363636363636 0.393939393939394
0.197674418604651 0.63953488372093 0.337209302325581 2 3.30232558139535 4.7093023255814 5.01162790697674 3.46511627906977 3.84883720930233 2.19767441860465 2.01162790697674 1.6046511627907 1.06976744186047 0.337209302325581 0.325581395348837 0.406976744186047
0.0149253731343284 0.388059701492537 0.26865671641791 1.08955223880597 1.77611940298507 2.19402985074627 2.91044776119403 2.17910447761194 2.47761194029851 1.49253731343284 1.38805970149254 0.82089552238806 0.194029850746269 0.238805970149254 0.0597014925373134 0.0447761194029851
0 0.230769230769231 0.461538461538462 1.38461538461538 1.66153846153846 2.64615384615385 3.76923076923077 3.04615384615385 3.12307692307692 1.64615384615385 1.06153846153846 0.507692307692308 0.384615384615385 0.276923076923077 0.138461538461538 0.0769230769230769
0 0.15 0.325 1.4125 1.9375 2.775 2.6375 2.6 2.6875 1.4875 1.2875 0.5 0.45 0.3125 0.3875 0.1125
0 0.192771084337349 0.144578313253012 0.951807228915663 1.57831325301205 1.13253012048193 2.14457831325301 1.97590361445783 1.92771084337349 1.93975903614458 1.75903614457831 1.98795180722892 1.31325301204819 0.903614457831325 0.771084337349398 1.07228915662651
0.0303030303030303 0.121212121212121 0.0303030303030303 0.651515151515151 1.56060606060606 1.98484848484848 2.36363636363636 1.90909090909091 2 2.03030303030303 3.1969696969697 1.27272727272727 0.666666666666667 1.45454545454545 0.363636363636364 0.5
0 0.0384615384615385 0.0961538461538462 0.134615384615385 0.288461538461538 0.519230769230769 0.634615384615385 0.557692307692308 0.365384615384615 0.634615384615385 0.634615384615385 1.42307692307692 0.538461538461538 0.230769230769231 0.0576923076923077 0.115384615384615
0 0.32 0.06 0.3 0.66 0.88 1.06 1.52 0.92 0.8 1.3 1.7 3.54 1.5 0.66 0.94
0.0333333333333333 0.1 0.1 0.0333333333333333 0.333333333333333 0.1 0.3 0.366666666666667 0.833333333333333 0.5 0.6 0.8 2.13333333333333 1.2 1.56666666666667 0.5
0 0 0 0.222222222222222 0.111111111111111 0.0555555555555556 0.222222222222222 0.333333333333333 0.444444444444444 0.5 0.388888888888889 1.38888888888889 1.66666666666667 1.72222222222222 2.55555555555556 0.277777777777778
0 0 0 0 0.222222222222222 0.0555555555555556 0.111111111111111 0.111111111111111 0 0.277777777777778 0.666666666666667 0.388888888888889 0.5 0.666666666666667 4.72222222222222 3.16666666666667
