0 0.03125 0.3125 0.03125 1.09375 0.71875 1.15625 0.15625 0 0.09375 0.46875 0.96875 0.5 0.1875 0 0.0625
0.132075471698113 13.7358490566038 0.60377358490566 0.0566037735849057 0.207547169811321 0.820754716981132 1.36792452830189 0.292452830188679 0.179245283018868 0.113207547169811 0.283018867924528 0.641509433962264 0.386792452830189 0.0471698113207547 0.0283018867924528 0.00943396226415094
0 0.287878787878788 19.7424242424242 1.12121212121212 0.787878787878788 0.818181818181818 1.25757575757576 0.954545454545455 0.924242424242424 0.333333333333333 0.318181818181818 0.0454545454545455 0.454545454545455 0.0303030303030303 0.196969696969697 0.0757575757575758
0.148148148148148 0.0123456790123457 0.148148148148148 4 1.98765432098765 2.24691358024691 3.18518518518519 2.32098765432099 3.07407407407407 1.65432098765432 0.987654320987654 0.567901234567901 0.209876543209877 0.160493827160494 0.209876543209877 0.246913580246914
0.0303030303030303 0.181818181818182 0.151515151515152 1.33333333333333 2.77272727272727 2.68181818181818 3.95454545454545 2.62121212121212 3.18181818181818 2.13636363636364 2.10606060606061 1.04545454545455 0.651515151515151 0.348484848484849 0.212121212121212 0.590909090909091
0.127906976744186 0.720930232558139 0.127906976744186 1.58139534883721 2.63953488372093 4.38372093023256 4.7093023255814 3.12790697674419 3.33720930232558 2.09302325581395 2.26744186046512 1.19767441860465 0.546511627906977 0.22093023255814 0.174418604651163 0.267441860465116
0.119402985074627 0.388059701492537 0.358208955223881 0.761194029850746 1.67164179104478 1.91044776119403 2.91044776119403 1.98507462686567 2.41791044776119 0.985074626865672 1.08955223880597 0.656716417910448 0.343283582089552 0.298507462686567 0.0895522388059701 0.104477611940299
0 0.261538461538462 0.430769230769231 0.846153846153846 1.47692307692308 1.89230769230769 3.06153846153846 1.90769230769231 2.07692307692308 0.969230769230769 0.676923076923077 0.4 0.815384615384615 0.6 0.4 0.246153846153846
0 0.175 0.15 1.2875 1.475 1.5125 1.8625 1.875 2.575 2.0625 0.6875 0.3625 0.275 0.2625 0.25 0.15
0 0.072289156626506 0.192771084337349 0.867469879518072 1.56626506024096 1.06024096385542 2.32530120481928 1.62650602409639 1.8433734939759 1.93975903614458 1.57831325301205 0.614457831325301 0.325301204819277 0.27710843373494 0.168674698795181 0.253012048192771
0.0303030303030303 0.242424242424242 0 0.848484848484849 1.45454545454545 1.95454545454545 2.07575757575758 1.59090909090909 2.15151515151515 1.34848484848485 2.22727272727273 0.818181818181818 0.348484848484849 2.27272727272727 0.303030303030303 0.924242424242424
0 0.115384615384615 0.115384615384615 0.192307692307692 0.403846153846154 0.75 1.46153846153846 0.692307692307692 0.769230769230769 0.884615384615385 1.67307692307692 1.92307692307692 1.26923076923077 0.403846153846154 0.134615384615385 0.442307692307692
0 0.18 0.04 0.04 0.12 0.38 1.14 0.36 0.92 0.36 0.88 2.5 5.1 1.4 1.24 1.02
0 0.266666666666667 0.1 0.1 0.366666666666667 0.0333333333333333 0.733333333333333 0.533333333333333 0.433333333333333 0.333333333333333 0.266666666666667 0.8 1.26666666666667 1.16666666666667 0.6 0.0666666666666667
0 0.0555555555555556 0 0.0555555555555556 0.111111111111111 0 0.111111111111111 0.222222222222222 0.444444444444444 0.333333333333333 0.888888888888889 2.11111111111111 1.88888888888889 1.22222222222222 1.5 1.22222222222222
0 0 0.0555555555555556 0.444444444444444 0.333333333333333 0.111111111111111 0.166666666666667 0.277777777777778 0.388888888888889 1.33333333333333 0.944444444444444 1 0.611111111111111 0.388888888888889 1.83333333333333 1.94444444444444
