0 0.03125 0.15625 0.03125 1.0625 1.0625 0.90625 0.0625 0 0.25 0.5625 0.6875 0.71875 0.1875 0 0.125
0.150943396226415 12.1509433962264 0.19811320754717 0.160377358490566 0.424528301886792 1.00943396226415 1.05660377358491 0.283018867924528 0.150943396226415 0.226415094339623 0.490566037735849 0.433962264150943 0.330188679245283 0.122641509433962 0.0377358490566038 0.0471698113207547
0 1.27272727272727 21.0757575757576 1.40909090909091 0.848484848484849 0.96969696969697 1.72727272727273 1.36363636363636 0.924242424242424 0.575757575757576 0.333333333333333 0.106060606060606 0.303030303030303 0.0303030303030303 0.0606060606060606 0.0757575757575758
0.0246913580246914 0.0246913580246914 0.691358024691358 4.69135802469136 2.53086419753086 2.8641975308642 3.71604938271605 3.12345679012346 3.30864197530864 2.02469135802469 1.2962962962963 0.567901234567901 0.148148148148148 0.197530864197531 0.246913580246914 0.444444444444444
0.0151515151515152 0.166666666666667 0.121212121212121 1.28787878787879 2.68181818181818 3.18181818181818 3.56060606060606 2.25757575757576 2.57575757575758 1.89393939393939 1.90909090909091 1 0.424242424242424 0.318181818181818 0.0909090909090909 0.242424242424242
0.13953488372093 0.546511627906977 0.313953488372093 1.94186046511628 3.34883720930233 4.34883720930233 5.45348837209302 3.1046511627907 4.31395348837209 2.27906976744186 2.13953488372093 1.5 0.790697674418605 0.348837209302326 0.232558139534884 0.325581395348837
0.0746268656716418 0.492537313432836 0.26865671641791 0.641791044776119 0.955223880597015 2 3.05970149253731 1.91044776119403 2.3134328358209 1.19402985074627 1.50746268656716 0.73134328358209 0.402985074626866 0.194029850746269 0.0447761194029851 0.0597014925373134
0 0.215384615384615 0.584615384615385 1.30769230769231 1.67692307692308 2.32307692307692 3.61538461538462 2.30769230769231 2.95384615384615 1.64615384615385 1.09230769230769 0.4 0.507692307692308 0.661538461538462 0.230769230769231 0.107692307692308
0 0.175 0.3 1.5 1.975 2.725 2.875 2.95 2.85 2.3875 1.3 0.7875 0.4625 0.5625 0.5875 0.3125
0.036144578313253 0.216867469879518 0.204819277108434 1.08433734939759 1.85542168674699 1.8433734939759 3.03614457831325 2.18072289156627 2.42168674698795 1.85542168674699 1.8433734939759 1.93975903614458 1.1566265060241 0.91566265060241 0.626506024096386 0.879518072289157
0.0454545454545455 0.181818181818182 0.0151515151515152 0.651515151515151 1.06060606060606 1.57575757575758 1.81818181818182 1.36363636363636 1.21212121212121 0.924242424242424 2.87878787878788 0.96969696969697 0.363636363636364 1.10606060606061 0.196969696969697 0.712121212121212
0.0192307692307692 0.0769230769230769 0.173076923076923 0.461538461538462 1.21153846153846 1.09615384615385 1.71153846153846 1.23076923076923 1.63461538461538 1.26923076923077 1.94230769230769 2.17307692307692 1.96153846153846 0.923076923076923 0.5 0.653846153846154
0.02 0.12 0.08 0.22 0.32 0.6 0.64 0.68 0.96 0.34 1.6 1.76 4.08 1.18 1.48 0.88
0 0.0333333333333333 0.166666666666667 0.133333333333333 0.0333333333333333 0.0333333333333333 0.1 0.4 0.433333333333333 0.0666666666666667 0.266666666666667 0.666666666666667 1.26666666666667 0.8 1.1 0.0666666666666667
0 0.0555555555555556 0 0.111111111111111 0.222222222222222 0 0.5 0.388888888888889 1.05555555555556 0.166666666666667 0.777777777777778 1.27777777777778 0.888888888888889 1.83333333333333 2.27777777777778 0.777777777777778
0 0 0.0555555555555556 0.111111111111111 0.166666666666667 0.166666666666667 0.277777777777778 0.111111111111111 0.388888888888889 0.5 0.833333333333333 1.11111111111111 1.22222222222222 0.722222222222222 2 1.72222222222222
