0.0625 0 0 0.0625 1.40625 0.75 0.75 0.03125 0.03125 0.21875 0.84375 0.75 0.5625 0.09375 0 0.125
0.113207547169811 11.1037735849057 0.481132075471698 0.0943396226415094 0.311320754716981 0.943396226415094 0.952830188679245 0.30188679245283 0.216981132075472 0.160377358490566 0.339622641509434 0.556603773584906 0.528301886792453 0.113207547169811 0.0471698113207547 0.0660377358490566
0 0.287878787878788 20.8030303030303 1.36363636363636 1.03030303030303 1.36363636363636 1.92424242424242 1.18181818181818 0.878787878787879 0.393939393939394 0.333333333333333 0.106060606060606 0.681818181818182 0.0909090909090909 0.0909090909090909 0.0151515151515152
0.0740740740740741 0.0123456790123457 0.345679012345679 5.04938271604938 1.97530864197531 2.40740740740741 3.14814814814815 2.50617283950617 2.75308641975309 1.72839506172839 1.27160493827161 0.777777777777778 0.271604938271605 0.296296296296296 0.271604938271605 0.530864197530864
0.0454545454545455 0.196969696969697 0.0909090909090909 1.40909090909091 2.48484848484848 2.56060606060606 3.28787878787879 2.31818181818182 2.51515151515152 1.98484848484848 1.98484848484848 0.348484848484849 0.348484848484849 0.0151515151515152 0.0303030303030303 0.257575757575758
0.0813953488372093 0.627906976744186 0.0813953488372093 1.52325581395349 2.36046511627907 3.7906976744186 4.5 2.59302325581395 3.25581395348837 1.76744186046512 1.48837209302326 0.848837209302326 0.430232558139535 0.104651162790698 0.0697674418604651 0.186046511627907
0.0447761194029851 0.283582089552239 0.417910447761194 0.955223880597015 1.67164179104478 2.83582089552239 3.13432835820896 2.34328358208955 2.44776119402985 1.46268656716418 1.16417910447761 0.761194029850746 0.283582089552239 0.119402985074627 0.0895522388059701 0.0895522388059701
0 0.246153846153846 0.4 0.861538461538462 1.13846153846154 1.6 2.47692307692308 1.53846153846154 2.32307692307692 0.830769230769231 1.01538461538462 0.723076923076923 1.35384615384615 1.01538461538462 0.461538461538462 0.430769230769231
0.0125 0.2375 0.3375 1.375 1.8125 2.325 2.75 2.1375 3.025 1.625 0.8875 0.5125 0.4375 0.3125 0.375 0.175
0.0240963855421687 0.27710843373494 0.228915662650602 0.963855421686747 1.56626506024096 1.18072289156627 2.09638554216867 1.91566265060241 1.85542168674699 1.93975903614458 1.34939759036145 2.46987951807229 1.37349397590361 0.855421686746988 0.759036144578313 1.4578313253012
0.0303030303030303 0.121212121212121 0.0151515151515152 0.878787878787879 1.28787878787879 2.24242424242424 2.36363636363636 1.51515151515152 2.25757575757576 1.24242424242424 1.96969696969697 1.3030303030303 0.712121212121212 0.560606060606061 0.636363636363636 1.36363636363636
0 0.0384615384615385 0.134615384615385 0.346153846153846 0.788461538461538 1.28846153846154 1.15384615384615 0.788461538461538 0.884615384615385 1.19230769230769 2.01923076923077 1.61538461538462 0.942307692307692 0.134615384615385 0.115384615384615 0.5
0 0.14 0 0.24 0.24 0.56 0.78 1.04 0.84 0.68 1.32 1.72 3.3 0.76 0.58 0.72
0 0.166666666666667 0.166666666666667 0.166666666666667 0.166666666666667 0.366666666666667 0.7 0.733333333333333 0.933333333333333 0.766666666666667 0.566666666666667 1.5 1.03333333333333 1.26666666666667 1.53333333333333 0.233333333333333
0 0.0555555555555556 0.0555555555555556 0.333333333333333 0.222222222222222 0.111111111111111 0.222222222222222 0.777777777777778 0.611111111111111 0.555555555555556 0.833333333333333 1.44444444444444 1.38888888888889 0.944444444444444 2.05555555555556 0.888888888888889
0 0 0.0555555555555556 0.111111111111111 0.166666666666667 0.166666666666667 0.166666666666667 0.222222222222222 0.0555555555555556 0.777777777777778 1.05555555555556 0.944444444444444 1.38888888888889 1 2.16666666666667 3.11111111111111
