0 0.0625 0.28125 0 1.4375 0.9375 0.84375 0.21875 0.03125 0.34375 0.59375 0.625 0.4375 0.25 0 0.0625
0.0566037735849057 16.0471698113208 0.235849056603774 0 0.226415094339623 0.952830188679245 0.839622641509434 0.30188679245283 0.179245283018868 0.141509433962264 0.245283018867925 0.528301886792453 0.462264150943396 0.113207547169811 0 0.0283018867924528
0 0.196969696969697 21.2878787878788 1.95454545454545 0.954545454545455 1.1969696969697 1.66666666666667 1.28787878787879 0.742424242424242 0.409090909090909 0.46969696969697 0.121212121212121 0.378787878787879 0.0454545454545455 0.166666666666667 0.0757575757575758
0.0246913580246914 0.0617283950617284 0.172839506172839 6.92592592592593 2.83950617283951 2.96296296296296 3.74074074074074 3.28395061728395 3.45679012345679 1.82716049382716 1.06172839506173 0.407407407407407 0.123456790123457 0.111111111111111 0.135802469135802 0.246913580246914
0.0303030303030303 0.136363636363636 0.136363636363636 0.772727272727273 2.5 2.36363636363636 2.6969696969697 1.3030303030303 2.03030303030303 1.5 1.60606060606061 1.24242424242424 0.560606060606061 0.378787878787879 0.166666666666667 0.348484848484849
0.0697674418604651 0.651162790697674 0.244186046511628 1.81395348837209 2.83720930232558 4.2093023255814 5.2906976744186 2.7906976744186 3.81395348837209 2.23255813953488 1.67441860465116 1.15116279069767 0.616279069767442 0.232558139534884 0.174418604651163 0.232558139534884
0.0746268656716418 0.432835820895522 0.358208955223881 0.716417910447761 1.41791044776119 1.85074626865672 2.91044776119403 1.6865671641791 1.74626865671642 0.955223880597015 0.940298507462687 0.686567164179104 0.328358208955224 0.0746268656716418 0.0298507462686567 0.0746268656716418
0 0.246153846153846 0.507692307692308 1.24615384615385 1.98461538461538 3.21538461538462 3.93846153846154 3.12307692307692 3.33846153846154 2.23076923076923 1.32307692307692 0.4 0.830769230769231 0.461538461538462 0.2 0.0769230769230769
0 0.2875 0.2625 1.2875 1.6875 1.85 2.2625 2.2 2.575 1.6125 0.8625 0.4625 0.3375 0.3625 0.4875 0.1625
0.036144578313253 0.180722891566265 0.120481927710843 1 1.93975903614458 1.62650602409639 2.36144578313253 2.3855421686747 2.72289156626506 2.21686746987952 1.68674698795181 2.07228915662651 1.18072289156627 0.879518072289157 0.626506024096386 1.02409638554217
0.0454545454545455 0.151515151515152 0.0151515151515152 0.681818181818182 1.12121212121212 1.89393939393939 1.8030303030303 1.31818181818182 1.81818181818182 1.96969696969697 2.36363636363636 0.939393939393939 0.5 0.757575757575758 0.590909090909091 1.07575757575758
0 0.0769230769230769 0.173076923076923 0.442307692307692 1.09615384615385 1.46153846153846 1.92307692307692 1.59615384615385 1.61538461538462 1.67307692307692 1.88461538461538 2.26923076923077 1.90384615384615 0.788461538461538 0.269230769230769 0.673076923076923
0 0.18 0.08 0.02 0.4 0.48 0.58 0.58 0.5 0.22 1.08 1.72 3.52 0.72 0.74 0.3
0 0.266666666666667 0.1 0.166666666666667 0.233333333333333 0.166666666666667 0.6 0.633333333333333 0.933333333333333 0.666666666666667 0.466666666666667 1 1.66666666666667 1.7 0.866666666666667 0.266666666666667
0 0.166666666666667 0 0.166666666666667 0.222222222222222 0 0.222222222222222 0.388888888888889 1.05555555555556 0.611111111111111 0.777777777777778 0.722222222222222 1.11111111111111 1.61111111111111 1.05555555555556 0.833333333333333
0 0 0.0555555555555556 0 0.166666666666667 0.222222222222222 0 0 0.0555555555555556 0.166666666666667 0.666666666666667 1.66666666666667 1.38888888888889 1.05555555555556 2.66666666666667 0.944444444444444
