0.65625 0.46875 0.0625 0 0.90625 0.9375 0.90625 0.09375 0.03125 0.34375 0.3125 0.5 0.6875 0.1875 0 0.0625
0.273584905660377 10.6037735849057 0.339622641509434 0.254716981132075 0.424528301886792 1.05660377358491 1.07547169811321 0.311320754716981 0.273584905660377 0.19811320754717 0.386792452830189 0.537735849056604 0.386792452830189 0.0754716981132075 0.0471698113207547 0
0 0.863636363636364 21.5151515151515 0.96969696969697 0.303030303030303 0.53030303030303 1.06060606060606 1.10606060606061 0.424242424242424 0.181818181818182 0.166666666666667 0.0909090909090909 0.348484848484849 0.136363636363636 0.212121212121212 0.121212121212121
0.0617283950617284 0 0.283950617283951 4.90123456790123 2.34567901234568 2.66666666666667 3.37037037037037 2.90123456790123 2.90123456790123 1.7037037037037 1.39506172839506 0.444444444444444 0.160493827160494 0.209876543209877 0.296296296296296 0.320987654320988
0.0151515151515152 0.212121212121212 0.212121212121212 1.06060606060606 2.92424242424242 2.81818181818182 3.45454545454545 2.63636363636364 3.09090909090909 1.98484848484848 1.86363636363636 0.606060606060606 0.53030303030303 0.196969696969697 0.121212121212121 0.393939393939394
0.151162790697674 0.895348837209302 0.244186046511628 1.5 2.43023255813953 4.47674418604651 4.43023255813953 3 3.2093023255814 1.81395348837209 2.05813953488372 1.16279069767442 0.651162790697674 0.337209302325581 0.22093023255814 0.36046511627907
0 0.432835820895522 0.343283582089552 0.805970149253731 1.3134328358209 2.05970149253731 2.92537313432836 1.82089552238806 1.95522388059702 1.14925373134328 1.05970149253731 0.656716417910448 0.298507462686567 0.149253731343284 0.0298507462686567 0.0447761194029851
0 0.215384615384615 0.538461538461538 1.32307692307692 1.52307692307692 2.12307692307692 2.87692307692308 2.73846153846154 3.23076923076923 1.50769230769231 0.969230769230769 0.446153846153846 0.738461538461539 0.523076923076923 0.261538461538462 0.184615384615385
0 0.1625 0.275 1.95 2.1125 3.025 3.125 2.9375 3.5 2.3625 1.425 0.75 0.625 0.6 0.6875 0.3
0.0120481927710843 0.144578313253012 0.253012048192771 1.4578313253012 1.93975903614458 1.86746987951807 3.16867469879518 2.50602409638554 3.37349397590361 2.21686746987952 1.49397590361446 1.44578313253012 0.710843373493976 0.421686746987952 0.397590361445783 0.734939759036145
0.0454545454545455 0.106060606060606 0.0151515151515152 0.636363636363636 1.22727272727273 1.28787878787879 1.93939393939394 1.60606060606061 1.54545454545455 1.18181818181818 2.86363636363636 1.12121212121212 0.257575757575758 1.81818181818182 0.242424242424242 0.772727272727273
0.0192307692307692 0.0961538461538462 0.0576923076923077 0.365384615384615 0.711538461538462 0.807692307692308 0.769230769230769 0.615384615384615 0.942307692307692 1.01923076923077 2.03846153846154 1.44230769230769 1.75 0.403846153846154 0.192307692307692 0.192307692307692
0 0.22 0.12 0.12 0.4 0.32 1.3 0.8 1.18 0.96 1.46 2.18 4.5 1.52 1.08 0.84
0 0.366666666666667 0.0666666666666667 0.133333333333333 0.433333333333333 0.166666666666667 0.5 0.666666666666667 0.266666666666667 1.66666666666667 0.833333333333333 1.4 1.26666666666667 1.3 1.2 0.166666666666667
0 0.166666666666667 0.0555555555555556 0.166666666666667 0.111111111111111 0 0.0555555555555556 0.777777777777778 0.944444444444444 0.444444444444444 1.11111111111111 1.94444444444444 1.5 0.5 1 0.611111111111111
0 0 0.166666666666667 0.222222222222222 0.111111111111111 0.333333333333333 0.111111111111111 0.111111111111111 0.222222222222222 1.05555555555556 1.44444444444444 1.38888888888889 1 0.333333333333333 3.38888888888889 1.27777777777778
