0 0.0625 0.15625 0.0625 0.8125 0.84375 0.53125 0.15625 0.0625 0.34375 0.375 1 0.625 0.28125 0 0.15625
0.00943396226415094 15.4056603773585 0.528301886792453 0.0283018867924528 0.311320754716981 0.877358490566038 1.0188679245283 0.330188679245283 0.160377358490566 0.122641509433962 0.330188679245283 0.424528301886792 0.311320754716981 0.0754716981132075 0.0471698113207547 0.0188679245283019
0 0.803030303030303 18.5757575757576 0.863636363636364 0.515151515151515 0.636363636363636 1.33333333333333 1.3030303030303 0.666666666666667 0.484848484848485 0.287878787878788 0.0151515151515152 0.348484848484849 0.121212121212121 0.181818181818182 0.0606060606060606
0.0740740740740741 0.0493827160493827 0.111111111111111 3.2962962962963 2 2.11111111111111 3.07407407407407 2.28395061728395 2.92592592592593 1.77777777777778 1.12345679012346 0.91358024691358 0.320987654320988 0.296296296296296 0.320987654320988 0.358024691358025
0.0454545454545455 0.348484848484849 0.121212121212121 1.22727272727273 2.5 2.72727272727273 3.37878787878788 2.46969696969697 2.77272727272727 1.68181818181818 1.62121212121212 1.60606060606061 0.909090909090909 0.590909090909091 0.257575757575758 0.712121212121212
0.151162790697674 0.593023255813954 0.267441860465116 1.44186046511628 2.34883720930233 4.30232558139535 4.53488372093023 2.93023255813953 3.37209302325581 2.11627906976744 2.11627906976744 0.918604651162791 0.302325581395349 0.209302325581395 0.0465116279069767 0.209302325581395
0.119402985074627 0.402985074626866 0.328358208955224 0.835820895522388 1.32835820895522 1.7910447761194 3 1.64179104477612 2.28358208955224 1.13432835820896 1.25373134328358 0.611940298507463 0.552238805970149 0.0746268656716418 0.0149253731343284 0.0149253731343284
0 0.276923076923077 0.569230769230769 0.861538461538462 1.49230769230769 2.47692307692308 2.89230769230769 2.10769230769231 2.86153846153846 1.2 0.846153846153846 0.338461538461538 0.738461538461539 0.323076923076923 0.2 0.0615384615384615
0 0.1625 0.125 1.025 1.425 1.925 1.975 2.4 1.825 1.9375 0.8625 0.4125 0.225 0.2875 0.3625 0.1625
0.0120481927710843 0.204819277108434 0.192771084337349 0.975903614457831 1.87951807228916 1.57831325301205 2.43373493975904 2.26506024096386 2.46987951807229 2.48192771084337 1.97590361445783 1.51807228915663 0.650602409638554 0.530120481927711 0.433734939759036 0.819277108433735
0.0303030303030303 0.181818181818182 0.0303030303030303 0.727272727272727 1.12121212121212 1.98484848484848 2.16666666666667 1.36363636363636 1.62121212121212 1.34848484848485 2.37878787878788 1.15151515151515 0.757575757575758 2.56060606060606 0.651515151515151 0.5
0.0192307692307692 0.0576923076923077 0.192307692307692 0.25 0.519230769230769 0.730769230769231 1.23076923076923 0.769230769230769 1.05769230769231 0.826923076923077 1.78846153846154 1.48076923076923 1.28846153846154 0.423076923076923 0.0961538461538462 0.403846153846154
0 0.1 0.06 0.06 0.7 0.28 0.88 0.72 1.14 0.68 1.08 1.98 3.92 1.3 1.36 0.68
0.0333333333333333 0.366666666666667 0.2 0.0333333333333333 0.133333333333333 0.266666666666667 0.666666666666667 0.6 0.833333333333333 1.36666666666667 1.06666666666667 1.96666666666667 2.33333333333333 1.56666666666667 1.3 0.733333333333333
0 0 0 0.222222222222222 0.277777777777778 0.111111111111111 0.333333333333333 0.222222222222222 0.277777777777778 0.222222222222222 0.444444444444444 1.44444444444444 1.22222222222222 1.5 1.55555555555556 0.444444444444444
0 0 0.0555555555555556 0.111111111111111 0.388888888888889 0.166666666666667 0.166666666666667 0.222222222222222 0.111111111111111 0.722222222222222 1.44444444444444 2.61111111111111 2.38888888888889 2.11111111111111 4.11111111111111 4.44444444444444
