0.59375 0.40625 0 0.0625 0.65625 1.09375 0.8125 0.15625 0.03125 0.125 0.1875 0.6875 0.65625 0.0625 0 0.0625
0.339622641509434 11.1415094339623 0.226415094339623 0.19811320754717 0.367924528301887 1.02830188679245 0.886792452830189 0.273584905660377 0.235849056603774 0.254716981132075 0.377358490566038 0.566037735849057 0.377358490566038 0.113207547169811 0.0566037735849057 0.0471698113207547
0 0.0757575757575758 18.5 1.6969696969697 0.863636363636364 0.803030303030303 1.37878787878788 1.34848484848485 0.893939393939394 0.5 0.439393939393939 0.151515151515152 0.515151515151515 0.0606060606060606 0.181818181818182 0.181818181818182
0.0987654320987654 0 0.641975308641975 5.69135802469136 2.60493827160494 2.92592592592593 3.50617283950617 3.12345679012346 3.17283950617284 1.65432098765432 1.1358024691358 1.04938271604938 0.382716049382716 0.345679012345679 0.382716049382716 0.592592592592593
0.0151515151515152 0.212121212121212 0.136363636363636 1.22727272727273 2.92424242424242 2.21212121212121 2.95454545454545 1.72727272727273 2.12121212121212 1.54545454545455 1.65151515151515 0.803030303030303 0.636363636363636 0.227272727272727 0.0909090909090909 0.272727272727273
0.13953488372093 0.86046511627907 0.267441860465116 1.61627906976744 2.7906976744186 4.15116279069767 4.3953488372093 2.75581395348837 3.62790697674419 1.67441860465116 2.12790697674419 1.17441860465116 0.476744186046512 0.22093023255814 0.162790697674419 0.27906976744186
0.0597014925373134 0.343283582089552 0.358208955223881 0.835820895522388 1.11940298507463 2 2.85074626865672 1.82089552238806 2.32835820895522 1.35820895522388 1.32835820895522 0.955223880597015 0.26865671641791 0.223880597014925 0.0447761194029851 0.0746268656716418
0 0.230769230769231 0.415384615384615 1.44615384615385 1.69230769230769 2.63076923076923 3.24615384615385 2.6 2.76923076923077 1.63076923076923 1.18461538461538 0.538461538461538 1 0.8 0.353846153846154 0.2
0 0.175 0.4125 1.7375 1.9 2.2125 2.575 2.35 2.55 1.6 1.3 0.5125 0.4375 0.35 0.2625 0.075
0 0.144578313253012 0.144578313253012 1.03614457831325 1.71084337349398 1.5421686746988 2.56626506024096 2.21686746987952 2.66265060240964 2.02409638554217 1.78313253012048 2.19277108433735 1.08433734939759 0.650602409638554 0.662650602409639 1.09638554216867
0.0606060606060606 0.121212121212121 0.0151515151515152 0.606060606060606 1.15151515151515 1.42424242424242 1.81818181818182 1.5 1.71212121212121 1.28787878787879 2.87878787878788 1.28787878787879 0.560606060606061 0.621212121212121 0.287878787878788 0.727272727272727
0 0.173076923076923 0.192307692307692 0.0769230769230769 0.211538461538462 0.769230769230769 1 0.519230769230769 0.692307692307692 0.788461538461538 2.07692307692308 1.69230769230769 1.51923076923077 0.403846153846154 0.134615384615385 0.634615384615385
0 0.2 0 0.12 0.2 0.3 0.82 0.66 1.2 0.34 0.9 1.84 3.5 1.24 1.66 0.64
0.0333333333333333 0.4 0.233333333333333 0.2 0.1 0.1 0.533333333333333 0.6 0.866666666666667 1.23333333333333 0.633333333333333 1.8 1.7 1.66666666666667 1.6 0.633333333333333
0 0 0 0.388888888888889 0 0.166666666666667 0 0.5 0.333333333333333 0.722222222222222 0.444444444444444 1.38888888888889 0.5 0.5 2.27777777777778 0.388888888888889
0 0 0.111111111111111 0.222222222222222 0.222222222222222 0.222222222222222 0.166666666666667 0.166666666666667 0.277777777777778 0.888888888888889 1.33333333333333 1.72222222222222 1.33333333333333 0.777777777777778 2.77777777777778 2.05555555555556
