0.59375 0.40625 0.15625 0 1 1.125 0.96875 0.0625 0 0.09375 0.3125 1.21875 0.4375 0.25 0 0
0.132075471698113 13.3207547169811 0.39622641509434 0.320754716981132 0.405660377358491 1.13207547169811 0.971698113207547 0.415094339622642 0.160377358490566 0.0660377358490566 0.264150943396226 0.518867924528302 0.443396226415094 0.179245283018868 0.0283018867924528 0.00943396226415094
0 0.742424242424242 18.1515151515152 0.818181818181818 0.545454545454545 0.818181818181818 1.33333333333333 1.24242424242424 0.803030303030303 0.393939393939394 0.333333333333333 0.121212121212121 0.272727272727273 0.0606060606060606 0.166666666666667 0.0303030303030303
0.0493827160493827 0.0123456790123457 1.23456790123457 3.59259259259259 2.45679012345679 2.65432098765432 3.34567901234568 2.92592592592593 3.08641975308642 1.81481481481481 1.17283950617284 0.506172839506173 0.209876543209877 0.185185185185185 0.222222222222222 0.197530864197531
0.0454545454545455 0.212121212121212 0.106060606060606 1.51515151515152 2.42424242424242 2.22727272727273 3 2.10606060606061 2.3030303030303 1.77272727272727 1.77272727272727 0.621212121212121 0.333333333333333 0.212121212121212 0.0303030303030303 0.181818181818182
0.151162790697674 0.779069767441861 0.313953488372093 1.55813953488372 2.26744186046512 4.2093023255814 4.55813953488372 2.95348837209302 3.53488372093023 1.91860465116279 1.93023255813953 1.2906976744186 0.767441860465116 0.290697674418605 0.209302325581395 0.395348837209302
0.149253731343284 0.358208955223881 0.298507462686567 0.805970149253731 1.53731343283582 2.1044776119403 2.44776119402985 2.43283582089552 2.34328358208955 1.2089552238806 1.35820895522388 0.73134328358209 0.283582089552239 0.238805970149254 0.0746268656716418 0.0746268656716418
0 0.184615384615385 0.292307692307692 1.13846153846154 1.12307692307692 1.76923076923077 2.44615384615385 1.69230769230769 3.03076923076923 1.35384615384615 0.938461538461538 0.230769230769231 0.476923076923077 0.430769230769231 0.153846153846154 0.0769230769230769
0.0125 0.1875 0.2375 1.3 1.45 2.1125 2.3875 2.2 2.6375 2.15 1.0875 0.2625 0.3 0.4 0.325 0.15
0.0240963855421687 0.253012048192771 0.313253012048193 1.40963855421687 2.04819277108434 2 2.83132530120482 2.49397590361446 2.98795180722892 2.6144578313253 2.10843373493976 2.12048192771084 1.06024096385542 0.783132530120482 0.493975903614458 0.951807228915663
0.0151515151515152 0.227272727272727 0 0.560606060606061 1.40909090909091 1.56060606060606 2.68181818181818 1.45454545454545 1.93939393939394 1.53030303030303 3.07575757575758 1.01515151515152 0.803030303030303 1.93939393939394 0.484848484848485 0.348484848484849
0 0.0769230769230769 0.192307692307692 0.0769230769230769 0.269230769230769 0.576923076923077 0.711538461538462 0.519230769230769 0.576923076923077 0.653846153846154 1.28846153846154 1.59615384615385 1.26923076923077 0.423076923076923 0.288461538461538 0.365384615384615
0 0.16 0.14 0.18 0.4 0.5 0.9 1.04 0.98 0.84 1.48 1.52 4.12 1.14 1.12 0.88
0 0.1 0.233333333333333 0.166666666666667 0.1 0.0333333333333333 0.233333333333333 0.233333333333333 0.533333333333333 0.3 0.166666666666667 0.433333333333333 1.06666666666667 0.666666666666667 0.833333333333333 0
0 0.111111111111111 0 0.333333333333333 0 0.0555555555555556 0.166666666666667 1 0.888888888888889 0.777777777777778 1.94444444444444 2.55555555555556 1.27777777777778 1.44444444444444 1.38888888888889 0.333333333333333
0 0 0.111111111111111 0.111111111111111 0.0555555555555556 0.222222222222222 0.611111111111111 0.111111111111111 0.611111111111111 0.833333333333333 1.38888888888889 1.27777777777778 1.11111111111111 0.5 3.27777777777778 1.94444444444444
