1.25 0.84375 0.0625 0 1 0.9375 0.71875 0.0625 0.03125 0.125 0.53125 0.375 0.875 0.15625 0 0.0625
0.0602409638554217 7.19277108433735 0.951807228915663 0.156626506024096 0.530120481927711 0.975903614457831 1.10843373493976 0.228915662650602 0.156626506024096 0.144578313253012 0.337349397590361 0.614457831325301 0.590361445783133 0.27710843373494 0 0.0240963855421687
0 0.617977528089888 21.0561797752809 0.662921348314607 0.595505617977528 0.820224719101124 1.34831460674157 0.853932584269663 0.685393258426966 0.303370786516854 0.235955056179775 0.247191011235955 0.404494382022472 0.134831460674157 0.168539325842697 0.0224719101123595
0.0864197530864197 0.0123456790123457 1.44444444444444 4.58024691358025 2.1358024691358 2.19753086419753 2.7283950617284 2.30864197530864 2.71604938271605 1.54320987654321 1 0.37037037037037 0.209876543209877 0.160493827160494 0.135802469135802 0.358024691358025
0 0.212121212121212 0.166666666666667 1.51515151515152 3 2.75757575757576 2.83333333333333 1.96969696969697 2.71212121212121 1.89393939393939 1.72727272727273 1.1969696969697 0.454545454545455 0.424242424242424 0.0909090909090909 0.303030303030303
0.0930232558139535 0.523255813953488 0.27906976744186 1.63953488372093 2.13953488372093 3.77906976744186 4.91860465116279 2.56976744186047 3.1046511627907 1.96511627906977 2.06976744186047 0.906976744186046 0.372093023255814 0.255813953488372 0.104651162790698 0.313953488372093
0.104477611940299 0.26865671641791 0.328358208955224 1.11940298507463 1.97014925373134 2.94029850746269 3.71641791044776 2 2.86567164179104 2.29850746268657 2.44776119402985 0.746268656716418 0.283582089552239 0.194029850746269 0.0447761194029851 0.119402985074627
0 0.0769230769230769 0.692307692307692 1.4 1.58461538461538 2.4 3.23076923076923 2.58461538461538 2.76923076923077 1.76923076923077 0.938461538461538 0.184615384615385 0.661538461538462 0.415384615384615 0.184615384615385 0.123076923076923
0.025 0.15 0.3875 1.5 2.15 2.6375 2.9625 2.7625 3.0375 1.7375 1.275 0.5375 0.4375 0.275 0.3125 0.15
0.0120481927710843 0.120481927710843 0.433734939759036 1.34939759036145 1.66265060240964 1.69879518072289 3.27710843373494 2.33734939759036 2.78313253012048 2.18072289156627 1.48192771084337 2.03614457831325 0.987951807228916 0.807228915662651 0.530120481927711 0.783132530120482
0.0454545454545455 0.166666666666667 0.0454545454545455 0.772727272727273 0.984848484848485 1.37878787878788 1.25757575757576 1.09090909090909 1.36363636363636 1.09090909090909 2 0.878787878787879 0.46969696969697 0.878787878787879 0.272727272727273 0.272727272727273
0.0192307692307692 0.0192307692307692 0.153846153846154 0.211538461538462 0.75 0.788461538461538 1.28846153846154 0.865384615384615 0.730769230769231 0.615384615384615 1.63461538461538 1.73076923076923 1.40384615384615 0.557692307692308 0.173076923076923 0.403846153846154
0 0.14 0.04 0.16 0.5 0.58 1.16 1.22 0.68 1.08 1.54 1.36 2.74 1.08 0.6 0.92
0.0666666666666667 0.1 0.2 0.0666666666666667 0.233333333333333 0.233333333333333 0.5 0.633333333333333 1.2 0.766666666666667 0.6 1.86666666666667 2.5 3.3 2.16666666666667 0.766666666666667
0 0.111111111111111 0.0555555555555556 0.111111111111111 0.111111111111111 0 0.166666666666667 0.611111111111111 0.722222222222222 0.222222222222222 0.833333333333333 2.05555555555556 1.55555555555556 1.11111111111111 3.94444444444444 0.555555555555556
0 0 0 0.111111111111111 0.222222222222222 0.0555555555555556 0.166666666666667 0.222222222222222 0.0555555555555556 0.666666666666667 0.722222222222222 1 1.22222222222222 1.16666666666667 2.16666666666667 2.88888888888889
