0.125 0.03125 0.03125 0.03125 0.71875 1.1875 0.65625 0.09375 0.03125 0.125 0.4375 0.96875 0.4375 0.15625 0 0.0625
0.179245283018868 13.5094339622642 0.462264150943396 0.254716981132075 0.320754716981132 0.990566037735849 1 0.292452830188679 0.19811320754717 0.141509433962264 0.311320754716981 0.462264150943396 0.424528301886792 0.113207547169811 0.0188679245283019 0.0283018867924528
0 0.924242424242424 20.7727272727273 1.93939393939394 0.651515151515151 0.803030303030303 1.51515151515152 0.772727272727273 0.575757575757576 0.287878787878788 0.242424242424242 0.0757575757575758 0.424242424242424 0.0909090909090909 0.166666666666667 0.166666666666667
0.0246913580246914 0.037037037037037 0.950617283950617 3.95061728395062 2.18518518518519 2.54320987654321 3.12345679012346 2.7037037037037 3.08641975308642 1.82716049382716 1.1358024691358 0.604938271604938 0.296296296296296 0.271604938271605 0.358024691358025 0.296296296296296
0.0909090909090909 0.166666666666667 0.121212121212121 0.96969696969697 2.06060606060606 2.07575757575758 2.68181818181818 1.54545454545455 2.34848484848485 1.56060606060606 1.43939393939394 0.924242424242424 0.560606060606061 0.272727272727273 0.121212121212121 0.393939393939394
0.174418604651163 0.86046511627907 0.22093023255814 1.72093023255814 2.74418604651163 4.81395348837209 5.55813953488372 2.90697674418605 3.52325581395349 1.7093023255814 1.84883720930233 1.32558139534884 0.686046511627907 0.244186046511628 0.162790697674419 0.313953488372093
0.0597014925373134 0.313432835820896 0.462686567164179 0.746268656716418 1.64179104477612 3.28358208955224 3.55223880597015 2.38805970149254 3.3134328358209 2.55223880597015 2.82089552238806 0.746268656716418 0.223880597014925 0.104477611940299 0.0149253731343284 0.0298507462686567
0 0.292307692307692 0.476923076923077 1.29230769230769 1.8 2.21538461538462 3.49230769230769 2.44615384615385 2.53846153846154 1.46153846153846 1.01538461538462 0.261538461538462 0.307692307692308 0.353846153846154 0.0769230769230769 0.0307692307692308
0.025 0.125 0.2375 1.45 2.0375 2.8875 2.9125 2.55 2.9875 1.9625 1.15 0.35 0.425 0.2875 0.4375 0.2
0.0240963855421687 0.228915662650602 0.132530120481928 0.867469879518072 1.60240963855422 1.02409638554217 1.97590361445783 2.08433734939759 2.04819277108434 1.75903614457831 1.46987951807229 1.3855421686747 0.819277108433735 0.590361445783133 0.626506024096386 0.831325301204819
0.0454545454545455 0.196969696969697 0.0151515151515152 0.712121212121212 1.16666666666667 1.43939393939394 1.59090909090909 1.27272727272727 1.75757575757576 1.5 2.72727272727273 0.939393939393939 0.454545454545455 0.46969696969697 0.439393939393939 0.5
0.0384615384615385 0.115384615384615 0.0961538461538462 0.326923076923077 0.923076923076923 1.17307692307692 1.36538461538462 0.846153846153846 1.21153846153846 1.11538461538462 2.01923076923077 1.98076923076923 1.01923076923077 0.480769230769231 0.25 0.442307692307692
0.04 0.3 0.08 0.18 0.44 0.36 0.58 0.7 0.68 0.42 1.3 1.3 2.48 0.92 0.52 1.06
0 0.266666666666667 0.133333333333333 0 0.166666666666667 0.166666666666667 0.533333333333333 0.633333333333333 0.3 1.03333333333333 0.633333333333333 1.26666666666667 1.63333333333333 1.03333333333333 1.3 0.2
0 0.0555555555555556 0.166666666666667 0 0.166666666666667 0 0.111111111111111 0.388888888888889 0.555555555555556 0.611111111111111 0.833333333333333 1.5 1.94444444444444 0.888888888888889 1.72222222222222 0.666666666666667
0 0 0.111111111111111 0.222222222222222 0.166666666666667 0.277777777777778 0.277777777777778 0.166666666666667 0.444444444444444 1 1.22222222222222 1.16666666666667 0.944444444444444 0.555555555555556 1.22222222222222 1.72222222222222
