0.59375 0.40625 0.125 0 1.3125 0.71875 0.9375 0.125 0 0.09375 0.4375 0.625 0.5 0.125 0 0.0625
0.339622641509434 11.5849056603774 0.283018867924528 0.19811320754717 0.39622641509434 1.06603773584906 1.05660377358491 0.320754716981132 0.283018867924528 0.150943396226415 0.377358490566038 0.632075471698113 0.39622641509434 0.113207547169811 0.0188679245283019 0
0 0.151515151515152 18.4848484848485 1.28787878787879 0.772727272727273 0.787878787878788 1.75757575757576 1.46969696969697 0.803030303030303 0.378787878787879 0.257575757575758 0.136363636363636 0.227272727272727 0.106060606060606 0.0757575757575758 0.0909090909090909
0.0740740740740741 0.0246913580246914 1.02469135802469 3.7037037037037 1.98765432098765 2.02469135802469 2.76543209876543 1.88888888888889 2.38271604938272 1.34567901234568 1.03703703703704 0.506172839506173 0.222222222222222 0.222222222222222 0.259259259259259 0.419753086419753
0.0454545454545455 0.166666666666667 0.166666666666667 1.13636363636364 2.66666666666667 2.42424242424242 3.21212121212121 1.84848484848485 2.48484848484848 1.72727272727273 1.57575757575758 1.04545454545455 0.712121212121212 0.46969696969697 0.196969696969697 0.5
0.151162790697674 0.825581395348837 0.232558139534884 1.5 2.7906976744186 4.53488372093023 5.1046511627907 3.11627906976744 3.19767441860465 1.97674418604651 1.7093023255814 0.976744186046512 0.63953488372093 0.232558139534884 0.151162790697674 0.22093023255814
0.0895522388059701 0.358208955223881 0.298507462686567 0.835820895522388 1.65671641791045 2.41791044776119 2.65671641791045 1.98507462686567 2.44776119402985 1.94029850746269 2.11940298507463 0.716417910447761 0.253731343283582 0.164179104477612 0.0447761194029851 0.119402985074627
0 0.184615384615385 0.430769230769231 1.35384615384615 2.29230769230769 3.13846153846154 4.58461538461538 2.96923076923077 3.09230769230769 2.07692307692308 1.12307692307692 0.353846153846154 0.723076923076923 0.415384615384615 0.230769230769231 0.0769230769230769
0 0.05 0.225 1.375 1.55 1.8375 2.4375 2.1875 3.025 1.55 0.7 0.2875 0.425 0.325 0.3 0.05
0.0240963855421687 0.156626506024096 0.457831325301205 1.4578313253012 1.98795180722892 1.97590361445783 3.34939759036145 2.44578313253012 2.73493975903614 1.98795180722892 2.13253012048193 1.53012048192771 0.686746987951807 0.602409638554217 0.421686746987952 0.614457831325301
0.0606060606060606 0.196969696969697 0.0303030303030303 0.742424242424242 1.37878787878788 1.93939393939394 2.21212121212121 1.40909090909091 1.72727272727273 1.66666666666667 1.75757575757576 1.16666666666667 0.348484848484849 2.42424242424242 0.46969696969697 0.909090909090909
0 0.0576923076923077 0.0384615384615385 0.211538461538462 0.673076923076923 0.769230769230769 0.980769230769231 0.730769230769231 0.788461538461538 0.903846153846154 1.67307692307692 1.86538461538462 1.73076923076923 0.403846153846154 0.269230769230769 0.615384615384615
0 0.18 0.2 0.32 0.44 0.46 1.08 1.3 0.9 0.8 1.5 2.02 3.38 1.16 0.78 0.9
0.0333333333333333 0.266666666666667 0.1 0.2 0.566666666666667 0.0666666666666667 0.866666666666667 0.533333333333333 1.03333333333333 0.733333333333333 0.433333333333333 1.93333333333333 2.03333333333333 2.43333333333333 1.96666666666667 0.8
0 0.0555555555555556 0.0555555555555556 0.277777777777778 0.111111111111111 0.0555555555555556 0.166666666666667 0.666666666666667 0.666666666666667 0.277777777777778 0.333333333333333 1.16666666666667 0.555555555555556 0.888888888888889 0.777777777777778 0.888888888888889
0 0 0.111111111111111 0.111111111111111 0.111111111111111 0.222222222222222 0.333333333333333 0.0555555555555556 0.444444444444444 0.5 0.722222222222222 0.611111111111111 0.722222222222222 0.222222222222222 2.33333333333333 1.33333333333333
