0.1875 0.0625 0.125 0.0625 0.875 1.0625 0.875 0.03125 0 0.09375 0.625 0.8125 0.53125 0.15625 0 0.0625
0.192771084337349 12.2409638554217 1.30120481927711 0.168674698795181 0.481927710843373 1.14457831325301 0.963855421686747 0.240963855421687 0.108433734939759 0.120481927710843 0.409638554216867 0.457831325301205 0.337349397590361 0.204819277108434 0.0120481927710843 0.036144578313253
0 0.887640449438202 19.2921348314607 1.08988764044944 0.460674157303371 0.764044943820225 1.20224719101124 1.06741573033708 0.573033707865168 0.49438202247191 0.292134831460674 0.134831460674157 0.337078651685393 0.168539325842697 0.146067415730337 0.0449438202247191
0.0493827160493827 0.0740740740740741 0.876543209876543 4.97530864197531 2.03703703703704 2.09876543209877 2.59259259259259 2.1358024691358 2.82716049382716 1.35802469135802 0.962962962962963 0.641975308641975 0.271604938271605 0.160493827160494 0.160493827160494 0.320987654320988
0.106060606060606 0.196969696969697 0.106060606060606 1.09090909090909 2.59090909090909 2.57575757575758 3.21212121212121 1.6969696969697 2.33333333333333 1.90909090909091 1.77272727272727 1.13636363636364 0.727272727272727 0.5 0.181818181818182 0.46969696969697
0.127906976744186 0.604651162790698 0.232558139534884 1.59302325581395 2.41860465116279 4.45348837209302 5.43023255813953 2.94186046511628 4.02325581395349 2.09302325581395 2.2093023255814 1.19767441860465 0.651162790697674 0.337209302325581 0.13953488372093 0.313953488372093
0.17910447761194 0.164179104477612 0.582089552238806 1.29850746268657 2.04477611940298 3.05970149253731 3.71641791044776 2.98507462686567 2.61194029850746 1.8955223880597 1.74626865671642 0.791044776119403 0.194029850746269 0.194029850746269 0.104477611940299 0.104477611940299
0 0.261538461538462 0.430769230769231 0.876923076923077 1.36923076923077 2.18461538461538 3.01538461538462 2.26153846153846 2.66153846153846 1.23076923076923 1.06153846153846 0.538461538461538 0.815384615384615 0.630769230769231 0.338461538461538 0.169230769230769
0.0125 0.1 0.3875 1.4875 2.15 2.5 3 3.4 3.2875 2.075 1.3 0.7 0.6 0.4125 0.425 0.2125
0.0240963855421687 0.0963855421686747 0.385542168674699 0.843373493975904 1.30120481927711 1.04819277108434 1.89156626506024 1.74698795180723 2.02409638554217 1.59036144578313 1.4578313253012 0.91566265060241 0.650602409638554 0.626506024096386 0.542168674698795 0.530120481927711
0.0151515151515152 0.136363636363636 0.0606060606060606 0.803030303030303 1.40909090909091 2 2.36363636363636 1.75757575757576 1.98484848484848 1.34848484848485 2.01515151515152 1.36363636363636 0.575757575757576 0.363636363636364 0.333333333333333 1.68181818181818
0.0192307692307692 0.134615384615385 0.115384615384615 0.288461538461538 0.788461538461538 1.07692307692308 1.15384615384615 0.923076923076923 0.884615384615385 1.40384615384615 1 1.90384615384615 1.11538461538462 0.519230769230769 0.307692307692308 0.730769230769231
0 0.14 0.16 0.2 0.24 0.46 0.88 1.02 0.9 0.72 1.6 1.3 4.06 0.84 0.72 0.74
0 0.133333333333333 0.233333333333333 0.133333333333333 0.333333333333333 0.233333333333333 0.433333333333333 0.966666666666667 1 0.166666666666667 0.3 0.633333333333333 1.5 1.13333333333333 0.7 0.1
0 0.0555555555555556 0 0 0.111111111111111 0 0.277777777777778 0.333333333333333 0.611111111111111 0.5 0.722222222222222 0.888888888888889 1.27777777777778 1 2.44444444444444 0.944444444444444
0 0 0.0555555555555556 0.111111111111111 0.111111111111111 0.222222222222222 0.222222222222222 0.111111111111111 0.222222222222222 0.722222222222222 0.722222222222222 1.05555555555556 1.16666666666667 0.777777777777778 1.22222222222222 1.44444444444444
