0.59375 0.4375 0.0625 0 1.15625 1.125 0.9375 0.03125 0 0.1875 0.3125 0.28125 0.75 0.0625 0 0
0.132530120481928 10.5301204819277 1.4578313253012 0.120481927710843 0.481927710843373 1.19277108433735 1.10843373493976 0.144578313253012 0.144578313253012 0.204819277108434 0.44578313253012 0.698795180722892 0.506024096385542 0.0963855421686747 0.0120481927710843 0.0240963855421687
0 0.640449438202247 23.8202247191011 1.70786516853933 0.314606741573034 0.51685393258427 1.42696629213483 1.1685393258427 0.460674157303371 0.314606741573034 0.168539325842697 0.146067415730337 0.382022471910112 0.0786516853932584 0.0786516853932584 0.101123595505618
0.0123456790123457 0.0246913580246914 2.11111111111111 5.91358024691358 2.22222222222222 2.74074074074074 3.81481481481481 2.91358024691358 2.85185185185185 1.90123456790123 1.1358024691358 0.530864197530864 0.246913580246914 0.197530864197531 0.209876543209877 0.469135802469136
0.0909090909090909 0.136363636363636 0.0909090909090909 0.96969696969697 2.33333333333333 2.56060606060606 3.04545454545455 2.34848484848485 2.53030303030303 1.84848484848485 1.83333333333333 1.15151515151515 0.651515151515151 0.439393939393939 0.181818181818182 0.439393939393939
0.13953488372093 0.813953488372093 0.337209302325581 1.68604651162791 2.93023255813953 4.52325581395349 4.3953488372093 3.24418604651163 3.47674418604651 1.83720930232558 1.77906976744186 1.01162790697674 0.558139534883721 0.162790697674419 0.104651162790698 0.209302325581395
0.149253731343284 0.253731343283582 0.447761194029851 1.08955223880597 1.8955223880597 2.46268656716418 3.46268656716418 2.56716417910448 3.04477611940298 1.73134328358209 1.74626865671642 0.746268656716418 0.26865671641791 0.149253731343284 0.0298507462686567 0.0895522388059701
0 0.107692307692308 0.584615384615385 0.753846153846154 1.15384615384615 1.92307692307692 2.70769230769231 1.92307692307692 2.78461538461538 1.26153846153846 0.8 0.246153846153846 0.646153846153846 0.369230769230769 0.184615384615385 0.138461538461538
0 0.225 0.3375 1.825 2.2625 3.6875 3.2125 3.1 2.9125 2.275 1.6875 0.45 0.525 0.2125 0.65 0.1625
0.036144578313253 0.132530120481928 0.421686746987952 1.03614457831325 1.67469879518072 1.46987951807229 2.59036144578313 2.40963855421687 2.14457831325301 2.31325301204819 1.85542168674699 1.56626506024096 0.783132530120482 0.746987951807229 0.481927710843373 0.819277108433735
0.0151515151515152 0.136363636363636 0.0454545454545455 0.515151515151515 1.1969696969697 1.46969696969697 1.75757575757576 1.07575757575758 1.28787878787879 1 2.75757575757576 0.924242424242424 0.5 0.393939393939394 0.333333333333333 0.727272727272727
0 0.0192307692307692 0.0769230769230769 0.269230769230769 0.461538461538462 0.75 0.711538461538462 0.5 0.826923076923077 0.634615384615385 2.38461538461538 1.32692307692308 1.01923076923077 0.384615384615385 0.211538461538462 0.0769230769230769
0 0.3 0.04 0.04 0.16 0.26 0.84 0.6 0.9 0.48 0.96 1.88 3 0.96 1.04 0.56
0 0.1 0.233333333333333 0.2 0.333333333333333 0.4 0.533333333333333 0.8 1.43333333333333 1.13333333333333 0.866666666666667 0.933333333333333 1.8 0.966666666666667 0.6 0.266666666666667
0 0 0.0555555555555556 0.5 0.333333333333333 0.111111111111111 0.333333333333333 0.611111111111111 1.38888888888889 0.5 0.388888888888889 0.5 1 1.55555555555556 1.05555555555556 0.111111111111111
0 0 0 0.111111111111111 0.166666666666667 0 0.333333333333333 0.166666666666667 0.277777777777778 0.5 0.666666666666667 0.888888888888889 0.888888888888889 0.833333333333333 2.94444444444444 2.44444444444444
