0.71875 0.46875 0.0625 0.0625 0.625 1.28125 0.75 0 0 0 0.46875 0.875 0.53125 0.125 0 0.03125
0.0471698113207547 12.2264150943396 0.349056603773585 0.235849056603774 0.330188679245283 0.971698113207547 0.933962264150943 0.311320754716981 0.254716981132075 0.19811320754717 0.216981132075472 0.462264150943396 0.339622641509434 0.19811320754717 0.0566037735849057 0.0377358490566038
0 0.772727272727273 18.3939393939394 0.984848484848485 0.696969696969697 0.863636363636364 1.40909090909091 1.39393939393939 0.560606060606061 0.439393939393939 0.242424242424242 0.106060606060606 0.227272727272727 0.0303030303030303 0.0606060606060606 0.0151515151515152
0.0987654320987654 0.0246913580246914 0.0987654320987654 4.71604938271605 2.50617283950617 2.39506172839506 3.60493827160494 3.1358024691358 3.14814814814815 1.76543209876543 1.24691358024691 0.938271604938272 0.358024691358025 0.308641975308642 0.271604938271605 0.407407407407407
0.0454545454545455 0.181818181818182 0.136363636363636 1.68181818181818 3.09090909090909 3.22727272727273 4.09090909090909 2.45454545454545 3.03030303030303 2.1969696969697 2.07575757575758 1.60606060606061 0.757575757575758 0.575757575757576 0.272727272727273 0.666666666666667
0.186046511627907 0.558139534883721 0.151162790697674 1.52325581395349 3.11627906976744 4.03488372093023 4.52325581395349 2.7906976744186 3.38372093023256 2.25581395348837 1.84883720930233 0.848837209302326 0.36046511627907 0.22093023255814 0.174418604651163 0.209302325581395
0.149253731343284 0.432835820895522 0.358208955223881 0.671641791044776 1.32835820895522 2.17910447761194 2.53731343283582 2.02985074626866 2.17910447761194 1 0.656716417910448 0.716417910447761 0.134328358208955 0.164179104477612 0.0746268656716418 0.104477611940299
0 0.323076923076923 0.523076923076923 0.738461538461539 1.36923076923077 2.06153846153846 3.15384615384615 2.03076923076923 3.01538461538462 1.04615384615385 1 0.230769230769231 0.553846153846154 0.353846153846154 0.107692307692308 0.0461538461538462
0 0.175 0.3875 1.3 2.1125 2.5375 2.6875 2.825 3.0125 1.9375 1.3 0.475 0.375 0.25 0.525 0.275
0 0.240963855421687 0.120481927710843 1.01204819277108 1.83132530120482 1.51807228915663 2.2289156626506 2.19277108433735 2.12048192771084 2.19277108433735 1.6144578313253 1.33734939759036 0.698795180722892 0.493975903614458 0.530120481927711 0.650602409638554
0.0454545454545455 0.181818181818182 0 0.212121212121212 0.833333333333333 0.757575757575758 1.13636363636364 0.924242424242424 1.10606060606061 1.15151515151515 2.57575757575758 1.16666666666667 0.651515151515151 1.42424242424242 0.333333333333333 0.848484848484849
0.0192307692307692 0.0576923076923077 0.0769230769230769 0.211538461538462 0.442307692307692 0.903846153846154 1 0.615384615384615 0.942307692307692 0.961538461538462 1.53846153846154 1.51923076923077 0.692307692307692 0.230769230769231 0.0769230769230769 0.365384615384615
0.04 0.24 0.02 0.12 0.52 0.34 1.06 0.86 1.28 0.74 1.54 1.9 3.32 1.38 0.92 0.68
0.0666666666666667 0.133333333333333 0.0666666666666667 0.0666666666666667 0.4 0.5 0.733333333333333 0.833333333333333 1.06666666666667 1.23333333333333 1.2 2.33333333333333 3.43333333333333 1.66666666666667 1.96666666666667 0.766666666666667
0 0.0555555555555556 0 0.0555555555555556 0.222222222222222 0 0.277777777777778 0.222222222222222 0.777777777777778 0.111111111111111 0.777777777777778 1.61111111111111 1.05555555555556 1.72222222222222 1.38888888888889 0.5
0 0 0 0.222222222222222 0.222222222222222 0 0.111111111111111 0.222222222222222 0.166666666666667 0.722222222222222 0.611111111111111 0.444444444444444 0.555555555555556 0.555555555555556 3.16666666666667 2.55555555555556
