1.1875 0.78125 0.09375 0.03125 0.8125 1.125 0.90625 0.125 0 0.125 0.4375 0.46875 0.8125 0.09375 0 0.0625
0.188679245283019 12.2547169811321 0.245283018867925 0.19811320754717 0.292452830188679 1.00943396226415 1.10377358490566 0.254716981132075 0.216981132075472 0.169811320754717 0.405660377358491 0.632075471698113 0.292452830188679 0.122641509433962 0.0471698113207547 0.0377358490566038
0 1.27272727272727 18.6818181818182 0.757575757575758 0.46969696969697 0.651515151515151 1.57575757575758 0.863636363636364 0.606060606060606 0.257575757575758 0.212121212121212 0.196969696969697 0.242424242424242 0.0151515151515152 0.0606060606060606 0.0151515151515152
0.0864197530864197 0.0123456790123457 0.54320987654321 4.39506172839506 2.32098765432099 2.25925925925926 3.45679012345679 2.98765432098765 3.2716049382716 1.90123456790123 1.34567901234568 0.296296296296296 0.0493827160493827 0.0617283950617284 0.0987654320987654 0.123456790123457
0.0303030303030303 0.257575757575758 0.0454545454545455 1.40909090909091 2.84848484848485 2.37878787878788 2.65151515151515 1.93939393939394 1.87878787878788 1.6969696969697 1.42424242424242 0.409090909090909 0.227272727272727 0.0757575757575758 0.0151515151515152 0.151515151515152
0.116279069767442 0.604651162790698 0.244186046511628 1.94186046511628 2.8953488372093 4.30232558139535 4.36046511627907 3.05813953488372 3.37209302325581 2.12790697674419 2.15116279069767 1.02325581395349 0.372093023255814 0.197674418604651 0.116279069767442 0.197674418604651
0.0447761194029851 0.373134328358209 0.238805970149254 0.985074626865672 1.70149253731343 2.80597014925373 3.40298507462687 2.83582089552239 2.94029850746269 2.2089552238806 2.40298507462687 0.73134328358209 0.26865671641791 0.208955223880597 0.0597014925373134 0.0895522388059701
0 0.261538461538462 0.507692307692308 1.15384615384615 1.30769230769231 2.06153846153846 3.29230769230769 2.33846153846154 2.93846153846154 1.07692307692308 0.938461538461538 0.415384615384615 0.569230769230769 0.353846153846154 0.153846153846154 0.107692307692308
0 0.0875 0.2625 1.5125 1.6375 2.1125 2.1875 2.7 2.75 1.8875 1.1375 0.4125 0.475 0.475 0.4125 0.1375
0.036144578313253 0.0843373493975904 0.301204819277108 0.963855421686747 1.53012048192771 1.4578313253012 2.33734939759036 2.04819277108434 2.95180722891566 2.08433734939759 1.62650602409639 1.55421686746988 0.55421686746988 0.542168674698795 0.337349397590361 0.457831325301205
0.0454545454545455 0.196969696969697 0.0151515151515152 0.560606060606061 0.863636363636364 1.13636363636364 1.54545454545455 0.96969696969697 1.22727272727273 1.59090909090909 2.42424242424242 0.939393939393939 0.636363636363636 0.515151515151515 0.515151515151515 0.393939393939394
0.0384615384615385 0.115384615384615 0.153846153846154 0.326923076923077 0.865384615384615 1.17307692307692 1.48076923076923 1.26923076923077 0.980769230769231 1.19230769230769 1.59615384615385 1.94230769230769 1.57692307692308 0.846153846153846 0.384615384615385 0.519230769230769
0 0.18 0.14 0.2 0.3 0.28 0.84 1.14 0.82 0.5 1.18 1.62 3.14 0.84 0.64 0.72
0.0666666666666667 0.5 0.1 0.133333333333333 0.1 0.233333333333333 0.866666666666667 1.03333333333333 1.23333333333333 1.2 0.466666666666667 2.93333333333333 2.03333333333333 2.66666666666667 2.23333333333333 1.13333333333333
0 0.0555555555555556 0 0.0555555555555556 0.111111111111111 0 0.333333333333333 0.222222222222222 0.444444444444444 0.111111111111111 1 1.61111111111111 0.944444444444444 0.611111111111111 2.33333333333333 0.888888888888889
0 0 0.111111111111111 0 0.222222222222222 0.277777777777778 0.222222222222222 0 0.277777777777778 0.444444444444444 1.22222222222222 1.5 1.27777777777778 0.555555555555556 1.61111111111111 0.944444444444444
