0.0625 0.15625 0.0625 0.03125 0.9375 0.9375 0.6875 0.09375 0.03125 0.28125 0.5 0.53125 0.5625 0.125 0 0.09375
0.358490566037736 11.7641509433962 0.518867924528302 0.216981132075472 0.60377358490566 0.839622641509434 1.32075471698113 0.5 0.160377358490566 0.141509433962264 0.235849056603774 0.528301886792453 0.415094339622642 0.113207547169811 0.0471698113207547 0.0188679245283019
0 1.93939393939394 16.7121212121212 1.31818181818182 0.439393939393939 0.53030303030303 1.54545454545455 1.18181818181818 0.636363636363636 0.454545454545455 0.333333333333333 0.0909090909090909 0.242424242424242 0.0606060606060606 0.151515151515152 0.106060606060606
0.0864197530864197 0 0.54320987654321 4.96296296296296 2.18518518518519 1.95061728395062 3.06172839506173 2.79012345679012 2.74074074074074 1.24691358024691 0.975308641975309 0.567901234567901 0.296296296296296 0.234567901234568 0.172839506172839 0.345679012345679
0.0909090909090909 0.287878787878788 0.106060606060606 1.65151515151515 3.51515151515152 2.71212121212121 3.57575757575758 1.89393939393939 2.22727272727273 1.51515151515152 1.63636363636364 1.12121212121212 0.636363636363636 0.287878787878788 0.106060606060606 0.409090909090909
0.0930232558139535 0.546511627906977 0.244186046511628 1.55813953488372 2.2906976744186 3.66279069767442 3.84883720930233 2.53488372093023 3.05813953488372 1.73255813953488 1.47674418604651 0.686046511627907 0.302325581395349 0.186046511627907 0.0813953488372093 0.13953488372093
0.0597014925373134 0.402985074626866 0.253731343283582 0.791044776119403 1.19402985074627 2.76119402985075 3.34328358208955 2.13432835820896 2.34328358208955 1.44776119402985 1.82089552238806 0.656716417910448 0.26865671641791 0.194029850746269 0.0298507462686567 0.0597014925373134
0 0.2 0.507692307692308 0.907692307692308 1.90769230769231 2.43076923076923 3.33846153846154 2.01538461538462 2.27692307692308 1.27692307692308 0.723076923076923 0.353846153846154 1.06153846153846 0.523076923076923 0.384615384615385 0.323076923076923
0.05 0.225 0.4125 1.6875 1.9875 2.9 2.7875 3.1125 2.7375 2.1 1.35 0.4125 0.375 0.4375 0.475 0.225
0.0120481927710843 0.204819277108434 0.168674698795181 1.27710843373494 1.87951807228916 1.44578313253012 3.24096385542169 1.91566265060241 2.59036144578313 2.2289156626506 1.92771084337349 1.31325301204819 0.951807228915663 0.63855421686747 0.373493975903614 0.63855421686747
0.0757575757575758 0.196969696969697 0 0.53030303030303 1.21212121212121 1.59090909090909 1.8030303030303 1.01515151515152 1.46969696969697 1.25757575757576 2.71212121212121 1.25757575757576 0.772727272727273 0.5 0.363636363636364 1.27272727272727
0.0384615384615385 0.0769230769230769 0.0576923076923077 0.5 1.19230769230769 1.44230769230769 1.88461538461538 1.07692307692308 1.42307692307692 1.46153846153846 1.59615384615385 1.61538461538462 0.923076923076923 0.384615384615385 0.192307692307692 0.384615384615385
0 0.08 0.04 0.08 0.4 0.36 0.78 0.72 1.02 0.82 1.44 1.86 4.72 1.42 1.04 0.5
0.0333333333333333 0.2 0.0666666666666667 0.0666666666666667 0.233333333333333 0.266666666666667 0.533333333333333 0.6 0.8 1.03333333333333 0.9 1.26666666666667 1.96666666666667 1.5 1.43333333333333 0.666666666666667
0 0 0 0.166666666666667 0 0 0 0.0555555555555556 0.388888888888889 0.388888888888889 0.222222222222222 1.44444444444444 0.611111111111111 0.611111111111111 3.5 0.5
0 0 0 0.222222222222222 0.222222222222222 0 0.111111111111111 0.111111111111111 0.222222222222222 0.555555555555556 0.5 0.166666666666667 0.111111111111111 0 4.38888888888889 2
