0.0625 0 0 0.125 1.28125 0.75 0.28125 0.03125 0.03125 0.25 0.65625 0.625 0.3125 0.0625 0 0.0625
0.245283018867925 9.91509433962264 0.311320754716981 0.188679245283019 0.367924528301887 1.0188679245283 0.867924528301887 0.320754716981132 0.245283018867925 0.150943396226415 0.358490566037736 0.566037735849057 0.518867924528302 0.150943396226415 0.0660377358490566 0.0188679245283019
0 0.181818181818182 20.1060606060606 1.3030303030303 0.515151515151515 0.757575757575758 1.60606060606061 1.24242424242424 0.666666666666667 0.409090909090909 0.333333333333333 0.0909090909090909 0.303030303030303 0.0909090909090909 0.272727272727273 0.0606060606060606
0.0493827160493827 0.0123456790123457 1.33333333333333 3.77777777777778 2.20987654320988 2.69135802469136 3.09876543209877 2.77777777777778 3.37037037037037 1.65432098765432 1.20987654320988 1.30864197530864 0.481481481481481 0.407407407407407 0.419753086419753 0.666666666666667
0.0606060606060606 0.196969696969697 0.136363636363636 1.5 3.28787878787879 3.39393939393939 4.45454545454545 2.34848484848485 2.95454545454545 2.33333333333333 2.27272727272727 0.984848484848485 0.636363636363636 0.272727272727273 0.106060606060606 0.257575757575758
0.104651162790698 0.674418604651163 0.232558139534884 1.72093023255814 2.72093023255814 4.52325581395349 4.68604651162791 2.96511627906977 3.73255813953488 2.32558139534884 1.75581395348837 0.906976744186046 0.569767441860465 0.36046511627907 0.197674418604651 0.244186046511628
0.149253731343284 0.402985074626866 0.388059701492537 0.597014925373134 1.97014925373134 1.7910447761194 3.11940298507463 2.7910447761194 2.17910447761194 0.880597014925373 0.925373134328358 0.626865671641791 0.298507462686567 0.238805970149254 0.0746268656716418 0.0746268656716418
0 0.107692307692308 0.492307692307692 1.01538461538462 1.63076923076923 2.07692307692308 3.78461538461538 2.4 2.81538461538462 1.63076923076923 0.8 0.4 1.06153846153846 0.753846153846154 0.461538461538462 0.353846153846154
0.025 0.15 0.4125 1.775 2.2 2.7 3.3125 3.0875 3.425 2.1625 1.1375 0.6875 0.6375 0.5625 0.575 0.2125
0 0.132530120481928 0.192771084337349 0.63855421686747 1.07228915662651 1.13253012048193 1.67469879518072 1.5421686746988 1.79518072289157 1.80722891566265 1.33734939759036 0.710843373493976 0.385542168674699 0.36144578313253 0.44578313253012 0.421686746987952
0.0606060606060606 0.196969696969697 0 0.727272727272727 1.46969696969697 1.77272727272727 2.12121212121212 1.6969696969697 1.96969696969697 1.56060606060606 2.90909090909091 1.27272727272727 0.272727272727273 1.60606060606061 0.46969696969697 0.848484848484849
0.0192307692307692 0.0384615384615385 0.115384615384615 0.211538461538462 0.461538461538462 0.692307692307692 1.03846153846154 0.769230769230769 1.03846153846154 0.980769230769231 1.15384615384615 2.11538461538462 1.44230769230769 0.653846153846154 0.326923076923077 0.673076923076923
0.08 0.12 0.02 0.18 0.38 0.34 1.08 0.86 1.16 0.58 1.78 1.84 3.46 0.98 0.68 0.96
0 0.133333333333333 0.2 0.133333333333333 0.0666666666666667 0.0333333333333333 0.233333333333333 0.466666666666667 0.5 0.233333333333333 0.166666666666667 1.53333333333333 1.4 1.33333333333333 1.1 0.533333333333333
0 0.111111111111111 0.111111111111111 0.166666666666667 0.277777777777778 0 0.277777777777778 0.444444444444444 1.33333333333333 0.222222222222222 0.833333333333333 1.72222222222222 1.22222222222222 1.72222222222222 1.77777777777778 0.444444444444444
0 0 0.111111111111111 0 0.0555555555555556 0.388888888888889 0.333333333333333 0 0.388888888888889 0.444444444444444 1.05555555555556 0.944444444444444 0.722222222222222 0.5 1.94444444444444 1.05555555555556
