0.59375 0.4375 0.21875 0.09375 0.9375 0.9375 0.875 0.15625 0.0625 0.3125 0.46875 0.6875 0.84375 0.28125 0 0.125
0.264150943396226 14.4716981132075 0.283018867924528 0.349056603773585 0.60377358490566 1.00943396226415 1.24528301886792 0.367924528301887 0.207547169811321 0.10377358490566 0.264150943396226 0.5 0.471698113207547 0.141509433962264 0.0471698113207547 0.0660377358490566
0 1.28787878787879 19.6666666666667 0.833333333333333 0.575757575757576 0.681818181818182 1.42424242424242 1.09090909090909 0.560606060606061 0.318181818181818 0.212121212121212 0.0909090909090909 0.196969696969697 0.0303030303030303 0.106060606060606 0.0454545454545455
0.0123456790123457 0 0.209876543209877 4.83950617283951 2.17283950617284 2.66666666666667 3.01234567901235 2.41975308641975 3.11111111111111 1.55555555555556 1.22222222222222 0.382716049382716 0.111111111111111 0.148148148148148 0.172839506172839 0.259259259259259
0.0151515151515152 0.136363636363636 0.0454545454545455 1.81818181818182 3.22727272727273 3.09090909090909 3.12121212121212 2.12121212121212 2.24242424242424 2.22727272727273 1.78787878787879 0.909090909090909 0.348484848484849 0.272727272727273 0.106060606060606 0.196969696969697
0.104651162790698 0.744186046511628 0.302325581395349 1.93023255813953 3.09302325581395 4.82558139534884 4.84883720930233 2.96511627906977 4.05813953488372 2.17441860465116 2.32558139534884 1.15116279069767 0.488372093023256 0.313953488372093 0.174418604651163 0.313953488372093
0.0746268656716418 0.447761194029851 0.507462686567164 0.985074626865672 2.14925373134328 2.53731343283582 3.26865671641791 2.65671641791045 2.46268656716418 1.28358208955224 1.08955223880597 0.746268656716418 0.253731343283582 0.17910447761194 0.104477611940299 0.0746268656716418
0 0.246153846153846 0.461538461538462 1.35384615384615 1.69230769230769 2.47692307692308 3.41538461538462 2.38461538461538 3.24615384615385 1.41538461538462 1.03076923076923 0.338461538461538 0.4 0.415384615384615 0.292307692307692 0.123076923076923
0.0375 0.2375 0.3375 1.375 1.975 2.4125 2.8125 2.8875 2.95 1.775 1.1625 0.6875 0.5375 0.4625 0.3625 0.2
0.0120481927710843 0.120481927710843 0.240963855421687 0.867469879518072 1.53012048192771 1.20481927710843 2.08433734939759 1.85542168674699 2.87951807228916 1.7710843373494 1.40963855421687 1.4578313253012 0.566265060240964 0.373493975903614 0.349397590361446 0.614457831325301
0.0303030303030303 0.196969696969697 0 0.757575757575758 1.42424242424242 1.56060606060606 1.71212121212121 1.40909090909091 2.1969696969697 1.57575757575758 2.66666666666667 1.09090909090909 0.318181818181818 0.651515151515151 0.5 1.04545454545455
0 0.0384615384615385 0.134615384615385 0.346153846153846 0.673076923076923 1.19230769230769 0.846153846153846 1.21153846153846 1.13461538461538 1.19230769230769 2.17307692307692 1.73076923076923 1.34615384615385 0.442307692307692 0.173076923076923 0.538461538461538
0 0.18 0.16 0.08 0.14 0.18 0.56 0.42 0.54 0.58 1.12 1.72 3.14 1.4 0.74 0.76
0 0.266666666666667 0.166666666666667 0.1 0.0333333333333333 0.133333333333333 0.333333333333333 0.4 0.833333333333333 0.366666666666667 0.533333333333333 0.966666666666667 1.86666666666667 1.36666666666667 1.5 0.266666666666667
0 0 0.0555555555555556 0.0555555555555556 0 0 0.0555555555555556 0.111111111111111 0.388888888888889 0.388888888888889 0.444444444444444 2.11111111111111 1.44444444444444 1.05555555555556 1.5 1.05555555555556
0 0 0.166666666666667 0.111111111111111 0.111111111111111 0.444444444444444 0 0.0555555555555556 0.0555555555555556 0.833333333333333 1.27777777777778 2.11111111111111 1.72222222222222 1.05555555555556 1.44444444444444 0.777777777777778
