0.65625 0.40625 0.03125 0.03125 1.0625 1.0625 0.65625 0.125 0 0.09375 0.375 0.625 0.34375 0.0625 0 0
0.00943396226415094 11.9528301886792 0.528301886792453 0.141509433962264 0.320754716981132 0.792452830188679 1.17924528301887 0.216981132075472 0.226415094339623 0.150943396226415 0.235849056603774 0.594339622641509 0.481132075471698 0.0754716981132075 0.0377358490566038 0.0754716981132075
0 0.106060606060606 19.0151515151515 0.863636363636364 0.621212121212121 0.742424242424242 1.66666666666667 1.13636363636364 0.712121212121212 0.454545454545455 0.212121212121212 0.0303030303030303 0.272727272727273 0.0757575757575758 0.0909090909090909 0.0606060606060606
0.0123456790123457 0.0246913580246914 0.246913580246914 4.40740740740741 2.01234567901235 2.30864197530864 3.20987654320988 2.76543209876543 2.93827160493827 1.93827160493827 1.38271604938272 0.679012345679012 0.185185185185185 0.197530864197531 0.259259259259259 0.382716049382716
0 0.212121212121212 0.106060606060606 1.28787878787879 2.72727272727273 2.78787878787879 3.71212121212121 2.27272727272727 2.39393939393939 1.98484848484848 1.81818181818182 1.39393939393939 0.984848484848485 0.515151515151515 0.257575757575758 0.636363636363636
0.162790697674419 0.813953488372093 0.162790697674419 1.47674418604651 2.86046511627907 4.08139534883721 4.38372093023256 2.65116279069767 3.32558139534884 1.76744186046512 1.8953488372093 1.1046511627907 0.465116279069767 0.197674418604651 0.127906976744186 0.244186046511628
0.0597014925373134 0.313432835820896 0.283582089552239 0.611940298507463 1.22388059701493 1.88059701492537 2.76119402985075 1.53731343283582 1.7910447761194 0.895522388059702 1.08955223880597 0.477611940298507 0.194029850746269 0.17910447761194 0.0597014925373134 0.0597014925373134
0 0.184615384615385 0.4 0.984615384615385 1.69230769230769 2.78461538461538 2.92307692307692 2 2.83076923076923 1.81538461538462 0.969230769230769 0.415384615384615 1.27692307692308 0.569230769230769 0.446153846153846 0.276923076923077
0 0.05 0.25 1.45 1.8125 2.225 2.525 2.4625 2.6625 1.675 1 0.5625 0.4625 0.4125 0.525 0.1875
0.0240963855421687 0.192771084337349 0.132530120481928 0.843373493975904 1.55421686746988 1.12048192771084 2.20481927710843 1.89156626506024 1.8433734939759 1.56626506024096 1.59036144578313 1.59036144578313 0.819277108433735 0.578313253012048 0.566265060240964 0.783132530120482
0.0303030303030303 0.196969696969697 0.0151515151515152 0.53030303030303 0.636363636363636 1.16666666666667 0.96969696969697 0.545454545454545 1.01515151515152 0.757575757575758 1.3030303030303 1.09090909090909 0.439393939393939 1.31818181818182 0.393939393939394 1.1969696969697
0.0192307692307692 0.0192307692307692 0.134615384615385 0.230769230769231 0.461538461538462 0.807692307692308 0.75 0.461538461538462 1 0.769230769230769 1.26923076923077 1.30769230769231 0.807692307692308 0.134615384615385 0.0961538461538462 0.134615384615385
0.04 0.06 0.14 0.16 0.32 0.5 0.78 0.8 0.92 0.46 1.24 1.92 3.36 1.02 0.74 0.8
0 0.433333333333333 0 0.133333333333333 0.133333333333333 0.133333333333333 0.733333333333333 0.766666666666667 0.766666666666667 1 0.766666666666667 2.3 2.96666666666667 2.16666666666667 1.46666666666667 0.866666666666667
0 0.0555555555555556 0 0.166666666666667 0 0.0555555555555556 0.0555555555555556 0.888888888888889 0.222222222222222 0.5 0.5 2.83333333333333 1.38888888888889 1.11111111111111 0.944444444444444 0.5
0 0 0 0.277777777777778 0.166666666666667 0 0.0555555555555556 0.222222222222222 0.222222222222222 0.722222222222222 0.388888888888889 0.277777777777778 0.5 0.277777777777778 1.44444444444444 1.33333333333333
