0.125 0 0.125 0.0625 0.78125 0.9375 0.71875 0.0625 0 0.09375 0.53125 0.71875 0.53125 0.09375 0 0.09375
0.283018867924528 11.1792452830189 0.30188679245283 0.207547169811321 0.424528301886792 1.06603773584906 1.17924528301887 0.39622641509434 0.235849056603774 0.132075471698113 0.216981132075472 0.556603773584906 0.5 0.216981132075472 0.132075471698113 0.0377358490566038
0 0.636363636363636 24.0757575757576 1.51515151515152 0.348484848484849 0.681818181818182 1.33333333333333 1.06060606060606 0.712121212121212 0.196969696969697 0.393939393939394 0.0757575757575758 0.409090909090909 0.0909090909090909 0.257575757575758 0.0606060606060606
0.0493827160493827 0.0246913580246914 0.407407407407407 4.95061728395062 2.69135802469136 2.77777777777778 3.25925925925926 2.83950617283951 2.88888888888889 1.82716049382716 1.41975308641975 0.555555555555556 0.234567901234568 0.222222222222222 0.271604938271605 0.45679012345679
0.0454545454545455 0.212121212121212 0.196969696969697 1.66666666666667 3.56060606060606 3.5 4.96969696969697 2.96969696969697 3.59090909090909 2.42424242424242 2.22727272727273 1.37878787878788 0.833333333333333 0.439393939393939 0.227272727272727 0.681818181818182
0.104651162790698 0.732558139534884 0.290697674418605 1.38372093023256 2.11627906976744 3.88372093023256 3.98837209302326 2.53488372093023 3.23255813953488 2 2.15116279069767 1.05813953488372 0.662790697674419 0.348837209302326 0.209302325581395 0.302325581395349
0.104477611940299 0.373134328358209 0.343283582089552 1.26865671641791 2.17910447761194 2.37313432835821 3.8955223880597 2.14925373134328 2.22388059701493 1.6865671641791 1.22388059701493 0.671641791044776 0.432835820895522 0.208955223880597 0.0895522388059701 0.119402985074627
0 0.276923076923077 0.492307692307692 1.32307692307692 1.49230769230769 2.13846153846154 3.26153846153846 2.36923076923077 2.63076923076923 1.43076923076923 0.984615384615385 0.246153846153846 0.815384615384615 0.476923076923077 0.215384615384615 0.2
0.0125 0.2375 0.45 1.5 2.3375 2.9125 3.375 3.325 3.15 2.2125 1.4 0.6125 0.45 0.35 0.325 0.15
0.036144578313253 0.192771084337349 0.216867469879518 1.44578313253012 2.19277108433735 1.69879518072289 2.97590361445783 2.69879518072289 3.06024096385542 2.46987951807229 2.24096385542169 1.80722891566265 0.674698795180723 0.493975903614458 0.433734939759036 0.626506024096386
0.0151515151515152 0.242424242424242 0 0.515151515151515 1.46969696969697 1.40909090909091 2.31818181818182 1.43939393939394 1.96969696969697 1.74242424242424 2.39393939393939 1.16666666666667 0.333333333333333 0.5 0.378787878787879 1.36363636363636
0 0.0576923076923077 0.115384615384615 0.153846153846154 0.5 0.75 1.36538461538462 0.961538461538462 0.634615384615385 0.961538461538462 1.09615384615385 1.94230769230769 1.82692307692308 0.653846153846154 0.519230769230769 0.615384615384615
0.02 0.04 0.14 0.18 0.18 0.1 0.7 0.96 1.32 1.16 1.88 2.58 3.92 1.52 1.2 0.94
0.0333333333333333 0.166666666666667 0.166666666666667 0.166666666666667 0.233333333333333 0.233333333333333 0.333333333333333 0.866666666666667 1.03333333333333 0.633333333333333 0.433333333333333 2.16666666666667 2.06666666666667 2.16666666666667 1.36666666666667 0.666666666666667
0 0.0555555555555556 0.111111111111111 0.0555555555555556 0.111111111111111 0 0.0555555555555556 0.444444444444444 0.388888888888889 0.277777777777778 0.333333333333333 1.16666666666667 1.27777777777778 0.666666666666667 2.72222222222222 0.555555555555556
0 0 0.166666666666667 0.111111111111111 0.166666666666667 0.333333333333333 0.277777777777778 0.111111111111111 0.277777777777778 0.888888888888889 1.66666666666667 1.61111111111111 1.33333333333333 0.611111111111111 3.05555555555556 2.44444444444444
