0.65625 0.4375 0.09375 0.03125 0.65625 1.03125 0.8125 0.125 0.0625 0.375 0.59375 1.125 0.71875 0.21875 0 0.25
0.0660377358490566 13.4811320754717 0.367924528301887 0.150943396226415 0.452830188679245 0.792452830188679 1.0188679245283 0.245283018867925 0.141509433962264 0.207547169811321 0.283018867924528 0.349056603773585 0.424528301886792 0.113207547169811 0.0377358490566038 0.0377358490566038
0 1.22727272727273 21.1363636363636 0.696969696969697 0.242424242424242 0.257575757575758 1.16666666666667 0.848484848484849 0.318181818181818 0.272727272727273 0.136363636363636 0.151515151515152 0.515151515151515 0.0454545454545455 0.166666666666667 0.0303030303030303
0.0493827160493827 0.0123456790123457 0.839506172839506 4.01234567901235 1.75308641975309 2.02469135802469 3.03703703703704 2.07407407407407 2.49382716049383 1.55555555555556 1.06172839506173 0.604938271604938 0.320987654320988 0.296296296296296 0.185185185185185 0.296296296296296
0.0454545454545455 0.151515151515152 0.166666666666667 1.1969696969697 2.8030303030303 2.07575757575758 2.68181818181818 1.66666666666667 2.51515151515152 1.45454545454545 1.45454545454545 1.13636363636364 0.742424242424242 0.409090909090909 0.181818181818182 0.378787878787879
0.151162790697674 0.63953488372093 0.127906976744186 1.38372093023256 2.51162790697674 4.26744186046512 3.73255813953488 2.77906976744186 2.83720930232558 1.97674418604651 1.73255813953488 1.1046511627907 0.511627906976744 0.232558139534884 0.116279069767442 0.255813953488372
0.0895522388059701 0.358208955223881 0.313432835820896 0.91044776119403 2.08955223880597 2.76119402985075 3.3134328358209 2.17910447761194 2.70149253731343 1.56716417910448 1.34328358208955 0.850746268656716 0.373134328358209 0.164179104477612 0.119402985074627 0.104477611940299
0 0.2 0.569230769230769 1.07692307692308 1.56923076923077 1.87692307692308 3.30769230769231 2.27692307692308 2.76923076923077 1.35384615384615 0.907692307692308 0.2 0.261538461538462 0.4 0.169230769230769 0.0461538461538462
0.0375 0.225 0.4875 1.4 2.0625 2.7125 2.975 3 2.9 1.6375 1.2125 0.6625 0.45 0.35 0.4 0.25
0.0240963855421687 0.144578313253012 0.180722891566265 1.16867469879518 1.91566265060241 1.68674698795181 2.7710843373494 2.12048192771084 3.07228915662651 2.50602409638554 2.06024096385542 1.78313253012048 0.939759036144578 0.566265060240964 0.385542168674699 1.09638554216867
0.0151515151515152 0.196969696969697 0 0.424242424242424 1.03030303030303 1.09090909090909 1.45454545454545 1.16666666666667 1.77272727272727 1.36363636363636 2.6969696969697 1.18181818181818 0.560606060606061 0.681818181818182 0.46969696969697 0.924242424242424
0.0192307692307692 0.115384615384615 0.0769230769230769 0.442307692307692 1.25 1.30769230769231 1.25 1.05769230769231 1.03846153846154 1.28846153846154 2.19230769230769 1.38461538461538 0.865384615384615 0.25 0.0961538461538462 0.173076923076923
0 0.18 0.08 0.36 0.56 0.76 0.88 1.3 1.48 0.92 1.2 1.62 3.92 1.1 1.56 0.94
0 0.333333333333333 0.133333333333333 0.133333333333333 0.0666666666666667 0.0666666666666667 0.366666666666667 0.7 0.533333333333333 0.7 0.866666666666667 0.933333333333333 1.63333333333333 1.4 0.666666666666667 0.366666666666667
0 0 0.0555555555555556 0.111111111111111 0 0 0 0.222222222222222 0.388888888888889 0.166666666666667 0.111111111111111 0.5 0.611111111111111 0.666666666666667 0.5 0.277777777777778
0 0 0 0.444444444444444 0.0555555555555556 0.0555555555555556 0.166666666666667 0.277777777777778 0.444444444444444 1.05555555555556 0.111111111111111 0.666666666666667 0.444444444444444 0.333333333333333 2.44444444444444 0.444444444444444
