0.84375 0.4375 0 0.03125 0.8125 0.96875 0.5625 0.03125 0 0.0625 0.4375 0.53125 0.65625 0.0625 0 0
0.349056603773585 13.9433962264151 0.443396226415094 0.226415094339623 0.39622641509434 1 1.09433962264151 0.386792452830189 0.292452830188679 0.141509433962264 0.405660377358491 0.424528301886792 0.490566037735849 0.0849056603773585 0.0660377358490566 0.0283018867924528
0 0.257575757575758 17.8181818181818 1.1969696969697 0.560606060606061 0.696969696969697 1.39393939393939 1.5 0.742424242424242 0.621212121212121 0.409090909090909 0.181818181818182 0.393939393939394 0.0151515151515152 0.181818181818182 0.0151515151515152
0.0617283950617284 0.037037037037037 0.827160493827161 4.06172839506173 2.32098765432099 2.53086419753086 3.61728395061728 2.77777777777778 3.19753086419753 1.80246913580247 1.48148148148148 0.395061728395062 0.123456790123457 0.0864197530864197 0.0740740740740741 0.172839506172839
0.0757575757575758 0.151515151515152 0.136363636363636 1.45454545454545 2.5 2.48484848484848 3.34848484848485 2.31818181818182 3.03030303030303 2.15151515151515 1.95454545454545 1.8030303030303 1.01515151515152 0.742424242424242 0.363636363636364 0.848484848484849
0.151162790697674 0.790697674418605 0.244186046511628 1.19767441860465 2.03488372093023 3.38372093023256 4.2906976744186 2.03488372093023 2.93023255813953 1.51162790697674 1.54651162790698 0.941860465116279 0.546511627906977 0.267441860465116 0.104651162790698 0.232558139534884
0.0149253731343284 0.313432835820896 0.283582089552239 0.805970149253731 1.22388059701493 1.8955223880597 3.05970149253731 1.34328358208955 2.2089552238806 1.49253731343284 1.6865671641791 0.597014925373134 0.313432835820896 0.149253731343284 0.0597014925373134 0.0895522388059701
0 0.261538461538462 0.384615384615385 1.09230769230769 1.86153846153846 2.41538461538462 3.12307692307692 2.15384615384615 3.41538461538462 1.2 0.953846153846154 0.292307692307692 0.492307692307692 0.430769230769231 0.169230769230769 0.0461538461538462
0.0125 0.175 0.2625 1.225 1.5125 1.95 2.3625 2.075 2.625 2.1375 1.05 0.6 0.3875 0.4625 0.525 0.2375
0.0120481927710843 0.168674698795181 0.192771084337349 1.24096385542169 2.13253012048193 1.59036144578313 3.12048192771084 2.46987951807229 2.87951807228916 2.36144578313253 1.73493975903614 1.32530120481928 0.698795180722892 0.421686746987952 0.36144578313253 0.807228915662651
0.0454545454545455 0.166666666666667 0.0151515151515152 0.575757575757576 1.01515151515152 1.37878787878788 1.71212121212121 1.01515151515152 1.18181818181818 1.15151515151515 1.92424242424242 1.01515151515152 0.515151515151515 0.212121212121212 0.287878787878788 0.136363636363636
0 0.0961538461538462 0.115384615384615 0.25 0.865384615384615 1.09615384615385 1.48076923076923 0.903846153846154 1.11538461538462 0.903846153846154 1.78846153846154 2.11538461538462 1.98076923076923 0.634615384615385 0.230769230769231 0.634615384615385
0.02 0.4 0.02 0.38 0.38 0.78 1.44 1.46 1.06 0.78 0.88 1.2 4 0.88 0.7 0.72
0 0.1 0.0333333333333333 0.166666666666667 0.266666666666667 0.133333333333333 0.466666666666667 0.5 0.866666666666667 0.533333333333333 0.566666666666667 1.5 1.96666666666667 1.83333333333333 1.2 0.533333333333333
0 0.111111111111111 0.111111111111111 0 0.222222222222222 0 0.333333333333333 0.833333333333333 0.611111111111111 0.166666666666667 0.777777777777778 0.944444444444444 1.27777777777778 0.222222222222222 2.11111111111111 0.611111111111111
0 0 0.0555555555555556 0.111111111111111 0.222222222222222 0.222222222222222 0.0555555555555556 0.111111111111111 0.111111111111111 0.611111111111111 0.888888888888889 1.38888888888889 1.44444444444444 1.05555555555556 2.88888888888889 2.22222222222222
