0.0625 0.09375 0 0 1 1.125 0.53125 0.09375 0.0625 0.15625 0.65625 0.65625 0.78125 0.125 0 0.21875
0.367924528301887 12.5283018867925 0.320754716981132 0.19811320754717 0.613207547169811 1.14150943396226 1.15094339622642 0.377358490566038 0.132075471698113 0.150943396226415 0.264150943396226 0.443396226415094 0.235849056603774 0.150943396226415 0.0188679245283019 0.0377358490566038
0 0.772727272727273 19.6666666666667 1.06060606060606 0.621212121212121 0.818181818181818 1.46969696969697 1.13636363636364 0.757575757575758 0.378787878787879 0.287878787878788 0.0757575757575758 0.545454545454545 0.106060606060606 0.121212121212121 0.0454545454545455
0.0493827160493827 0 0.716049382716049 4.33333333333333 2.01234567901235 2.49382716049383 3.55555555555556 2.62962962962963 3.14814814814815 1.85185185185185 1.5679012345679 0.728395061728395 0.296296296296296 0.296296296296296 0.320987654320988 0.54320987654321
0.0151515151515152 0.181818181818182 0.136363636363636 1.5 2.57575757575758 2.6969696969697 4.09090909090909 2.53030303030303 2.56060606060606 1.8030303030303 1.74242424242424 1.09090909090909 0.712121212121212 0.439393939393939 0.227272727272727 0.545454545454545
0.116279069767442 0.755813953488372 0.36046511627907 2.06976744186047 3.03488372093023 5.13953488372093 5.31395348837209 3.59302325581395 4.30232558139535 1.97674418604651 2.48837209302326 0.720930232558139 0.267441860465116 0.22093023255814 0.0465116279069767 0.197674418604651
0.0447761194029851 0.462686567164179 0.194029850746269 0.82089552238806 1.23880597014925 2.50746268656716 2.80597014925373 2 1.73134328358209 1.19402985074627 1.13432835820896 0.522388059701492 0.358208955223881 0.194029850746269 0 0.0597014925373134
0 0.215384615384615 0.430769230769231 0.953846153846154 1.58461538461538 2.12307692307692 3.30769230769231 1.86153846153846 2.90769230769231 1.52307692307692 0.953846153846154 0.523076923076923 1.07692307692308 0.646153846153846 0.276923076923077 0.384615384615385
0.0125 0.125 0.4875 1.9 2.55 3.5125 3.3125 3.5125 3.35 2.3 1.725 0.775 0.5875 0.325 0.475 0.2625
0.0120481927710843 0.156626506024096 0.168674698795181 0.927710843373494 1.65060240963855 1.30120481927711 2.40963855421687 1.7710843373494 2.26506024096386 1.92771084337349 1.78313253012048 1.26506024096386 0.469879518072289 0.409638554216867 0.132530120481928 0.457831325301205
0.0454545454545455 0.212121212121212 0.0151515151515152 0.727272727272727 1.15151515151515 1.78787878787879 1.39393939393939 1.24242424242424 1.46969696969697 1.45454545454545 1.60606060606061 0.954545454545455 0.590909090909091 1.1969696969697 0.590909090909091 0.954545454545455
0 0.134615384615385 0.134615384615385 0.173076923076923 0.711538461538462 0.692307692307692 0.826923076923077 0.788461538461538 0.788461538461538 1.01923076923077 0.942307692307692 2 1.30769230769231 0.538461538461538 0.326923076923077 0.596153846153846
0.02 0.12 0.06 0.16 0.4 0.52 0.84 0.82 0.58 0.42 1.08 1.36 3.7 1.02 0.44 0.88
0.0666666666666667 0.233333333333333 0.0666666666666667 0.0666666666666667 0.666666666666667 0.3 1.03333333333333 0.466666666666667 1.06666666666667 1.3 1.06666666666667 1.76666666666667 2.5 1.8 1.46666666666667 0.8
0 0 0.0555555555555556 0.222222222222222 0 0.0555555555555556 0.166666666666667 0.277777777777778 0.388888888888889 0.5 0.388888888888889 0.5 0.888888888888889 0.722222222222222 0.666666666666667 1.22222222222222
0 0 0 0.333333333333333 0.277777777777778 0.111111111111111 0.166666666666667 0.222222222222222 0.388888888888889 0.833333333333333 0.555555555555556 0.833333333333333 0.666666666666667 0.666666666666667 2 1.88888888888889
