0.0625 0.0625 0.03125 0 0.5625 1.15625 0.78125 0 0 0.0625 0.40625 0.90625 0.5625 0.125 0 0.125
0.169811320754717 13.7452830188679 0.858490566037736 0.367924528301887 0.490566037735849 1.00943396226415 0.877358490566038 0.5 0.292452830188679 0.264150943396226 0.226415094339623 0.452830188679245 0.320754716981132 0.150943396226415 0.0377358490566038 0.0188679245283019
0 0.772727272727273 20.8181818181818 0.787878787878788 0.151515151515152 0.212121212121212 1.03030303030303 0.863636363636364 0.545454545454545 0.151515151515152 0.151515151515152 0.0909090909090909 0.333333333333333 0.0454545454545455 0.166666666666667 0.0606060606060606
0.0493827160493827 0.0246913580246914 0.62962962962963 3.4320987654321 2.50617283950617 2.83950617283951 3.65432098765432 2.58024691358025 3.22222222222222 2.1358024691358 1.46913580246914 0.567901234567901 0.185185185185185 0.234567901234568 0.246913580246914 0.358024691358025
0.0151515151515152 0.136363636363636 0.181818181818182 0.833333333333333 2.72727272727273 2.48484848484848 3.18181818181818 1.75757575757576 1.77272727272727 1.60606060606061 1.53030303030303 0.378787878787879 0.196969696969697 0.121212121212121 0 0.0606060606060606
0.209302325581395 0.674418604651163 0.174418604651163 1.22093023255814 2.47674418604651 3.5 3.72093023255814 2.48837209302326 2.91860465116279 1.67441860465116 1.74418604651163 1.30232558139535 0.674418604651163 0.22093023255814 0.162790697674419 0.290697674418605
0.104477611940299 0.253731343283582 0.417910447761194 0.776119402985075 1.26865671641791 1.85074626865672 2.88059701492537 1.86567164179104 2.37313432835821 0.925373134328358 0.656716417910448 0.626865671641791 0.298507462686567 0.149253731343284 0.0298507462686567 0.0447761194029851
0 0.246153846153846 0.4 1.29230769230769 1.93846153846154 2.43076923076923 3.44615384615385 2.64615384615385 2.38461538461538 1.53846153846154 0.892307692307692 0.276923076923077 0.876923076923077 0.338461538461538 0.323076923076923 0.230769230769231
0.025 0.225 0.2 1.475 2.075 2.35 2.9375 2.65 3.1375 1.675 1.075 0.5375 0.35 0.2625 0.325 0.175
0.0120481927710843 0.156626506024096 0.0843373493975904 0.987951807228916 1.55421686746988 1.2289156626506 2.21686746987952 1.71084337349398 2.26506024096386 2.01204819277108 1.50602409638554 1.39759036144578 0.903614457831325 0.578313253012048 0.337349397590361 0.867469879518072
0.0303030303030303 0.181818181818182 0 0.727272727272727 1.33333333333333 1.87878787878788 2.25757575757576 1.24242424242424 2.12121212121212 1.53030303030303 2.34848484848485 1.13636363636364 0.681818181818182 0.333333333333333 0.5 1.25757575757576
0 0.115384615384615 0.134615384615385 0.365384615384615 1.03846153846154 1.26923076923077 1.67307692307692 1.17307692307692 1.07692307692308 1.34615384615385 0.961538461538462 2.21153846153846 1.46153846153846 0.692307692307692 0.288461538461538 0.423076923076923
0 0.16 0.18 0.22 0.66 0.6 0.78 1.08 0.98 0.46 1.18 1.28 3.34 0.72 0.6 0.22
0 0.3 0.266666666666667 0.0333333333333333 0.2 0 0.6 0.4 0.466666666666667 0.233333333333333 0.2 0.966666666666667 1.46666666666667 1.43333333333333 2.46666666666667 0.0666666666666667
0 0 0 0.555555555555556 0 0.111111111111111 0.111111111111111 0.722222222222222 0.5 0.388888888888889 0.388888888888889 1.05555555555556 1.11111111111111 1.11111111111111 0.777777777777778 0.166666666666667
0 0 0 0.111111111111111 0.277777777777778 0 0.277777777777778 0.111111111111111 0.333333333333333 0.444444444444444 0.611111111111111 0.444444444444444 0.611111111111111 0.277777777777778 2.22222222222222 2
