0.1875 0.0625 0.09375 0.09375 1.03125 0.96875 0.59375 0.09375 0.03125 0.1875 0.875 0.8125 0.34375 0.15625 0 0.15625
0.301204819277108 7.96385542168675 1.14457831325301 0.192771084337349 0.614457831325301 1.04819277108434 1.07228915662651 0.325301204819277 0.156626506024096 0.204819277108434 0.289156626506024 0.590361445783133 0.578313253012048 0.132530120481928 0.036144578313253 0.036144578313253
0 1.28089887640449 22.5168539325843 1.0561797752809 0.685393258426966 0.887640449438202 1.53932584269663 0.955056179775281 0.719101123595506 0.235955056179775 0.258426966292135 0.235955056179775 0.359550561797753 0.0337078651685393 0.213483146067416 0.0449438202247191
0.0246913580246914 0.0740740740740741 1.02469135802469 5.38271604938272 2.32098765432099 2.11111111111111 3.09876543209877 2.40740740740741 2.64197530864198 1.39506172839506 1.11111111111111 0.432098765432099 0.185185185185185 0.222222222222222 0.296296296296296 0.419753086419753
0.106060606060606 0.136363636363636 0.196969696969697 1.07575757575758 2.27272727272727 1.92424242424242 2.74242424242424 2.03030303030303 2.18181818181818 1.57575757575758 1.51515151515152 0.545454545454545 0.454545454545455 0.242424242424242 0.106060606060606 0.333333333333333
0.0930232558139535 0.558139534883721 0.290697674418605 2.22093023255814 3.06976744186047 4.66279069767442 4.93023255813953 3.44186046511628 4.25581395348837 3 2.23255813953488 0.883720930232558 0.27906976744186 0.232558139534884 0.116279069767442 0.232558139534884
0.0447761194029851 0.298507462686567 0.462686567164179 0.895522388059702 1.47761194029851 2.2089552238806 3.40298507462687 2.41791044776119 2.50746268656716 1.46268656716418 1.47761194029851 0.582089552238806 0.373134328358209 0.119402985074627 0.0597014925373134 0.0746268656716418
0 0.0769230769230769 0.553846153846154 1.24615384615385 1.32307692307692 2.64615384615385 2.98461538461538 2.64615384615385 3.53846153846154 1.33846153846154 0.938461538461538 0.384615384615385 0.784615384615385 0.615384615384615 0.246153846153846 0.2
0 0.125 0.2125 0.95 1.45 1.85 1.725 1.6625 1.9125 1.775 0.925 0.375 0.2125 0.375 0.425 0.1375
0.0120481927710843 0.108433734939759 0.27710843373494 1.1566265060241 1.74698795180723 1.59036144578313 2.7710843373494 2 2.75903614457831 2.03614457831325 1.59036144578313 1.63855421686747 0.831325301204819 0.530120481927711 0.349397590361446 0.795180722891566
0.0606060606060606 0.151515151515152 0.0606060606060606 0.53030303030303 1.09090909090909 1.40909090909091 1.86363636363636 1.24242424242424 1.66666666666667 1.18181818181818 2.75757575757576 1.06060606060606 0.515151515151515 0.606060606060606 0.409090909090909 0.303030303030303
0.0192307692307692 0.134615384615385 0.0961538461538462 0.269230769230769 0.769230769230769 0.884615384615385 1.17307692307692 0.711538461538462 0.903846153846154 0.942307692307692 1.65384615384615 1.75 1.86538461538462 0.557692307692308 0.153846153846154 0.653846153846154
0 0.1 0.12 0.2 0.34 0.42 0.74 0.94 0.94 0.62 0.9 1.5 3 1.16 1.18 0.72
0.0333333333333333 0.266666666666667 0.133333333333333 0.166666666666667 0.233333333333333 0.533333333333333 0.866666666666667 1.13333333333333 1.63333333333333 1.36666666666667 0.933333333333333 1.46666666666667 1.83333333333333 1.56666666666667 1 0.6
0 0 0 0 0.111111111111111 0 0.111111111111111 0.111111111111111 0.166666666666667 0.166666666666667 0.666666666666667 2.27777777777778 1.38888888888889 1.16666666666667 4.16666666666667 1.38888888888889
0 0 0.0555555555555556 0.444444444444444 0.222222222222222 0.111111111111111 0.0555555555555556 0.277777777777778 0.388888888888889 1.16666666666667 0.944444444444444 1.22222222222222 0.888888888888889 0.666666666666667 3.5 2
