0.71875 0.4375 0 0.0625 1 1.0625 0.4375 0.0625 0 0.09375 0.625 0.4375 0.4375 0.0625 0 0.0625
0.216867469879518 8.85542168674699 1.1566265060241 0.180722891566265 0.325301204819277 1 1.24096385542169 0.265060240963855 0.180722891566265 0.192771084337349 0.301204819277108 0.614457831325301 0.481927710843373 0.204819277108434 0.0240963855421687 0.0963855421686747
0 0.134831460674157 21.3707865168539 0.640449438202247 0.404494382022472 0.696629213483146 1.07865168539326 1.15730337078652 0.629213483146067 0.235955056179775 0.213483146067416 0.191011235955056 0.48314606741573 0.112359550561798 0.235955056179775 0.0786516853932584
0.0493827160493827 0.0123456790123457 0.209876543209877 3.09876543209877 2.40740740740741 2.92592592592593 3.4320987654321 3.08641975308642 3.2716049382716 1.71604938271605 1.28395061728395 0.419753086419753 0.209876543209877 0.160493827160494 0.222222222222222 0.160493827160494
0.0757575757575758 0.121212121212121 0.0909090909090909 0.939393939393939 3.22727272727273 2.57575757575758 3.10606060606061 1.72727272727273 2.42424242424242 2.01515151515152 1.37878787878788 1.01515151515152 0.515151515151515 0.378787878787879 0.166666666666667 0.378787878787879
0.174418604651163 0.895348837209302 0.255813953488372 1.68604651162791 2.76744186046512 4.54651162790698 4.58139534883721 2.88372093023256 3.32558139534884 2.43023255813953 1.69767441860465 1.67441860465116 1.17441860465116 0.476744186046512 0.372093023255814 0.465116279069767
0.119402985074627 0.313432835820896 0.402985074626866 0.567164179104478 1.56716417910448 2.28358208955224 2.49253731343284 2.08955223880597 2.37313432835821 1.23880597014925 1.34328358208955 0.701492537313433 0.298507462686567 0.253731343283582 0.0597014925373134 0.0597014925373134
0 0.123076923076923 0.769230769230769 1.36923076923077 1.53846153846154 2.49230769230769 3.36923076923077 3.4 3.27692307692308 1.58461538461538 0.923076923076923 0.384615384615385 0.661538461538462 0.415384615384615 0.184615384615385 0.153846153846154
0.025 0.2625 0.4 1.55 1.75 2.6125 2.4625 2.6 3.1625 2.075 1.2625 0.575 0.4625 0.45 0.3375 0.175
0.036144578313253 0.120481927710843 0.289156626506024 1.09638554216867 1.78313253012048 1.49397590361446 2.55421686746988 2.40963855421687 2.56626506024096 2.08433734939759 1.69879518072289 1.43373493975904 0.650602409638554 0.44578313253012 0.662650602409639 0.674698795180723
0 0.227272727272727 0.0606060606060606 0.696969696969697 1.33333333333333 1.51515151515152 1.54545454545455 1.13636363636364 1.34848484848485 1.25757575757576 2.3030303030303 0.787878787878788 0.393939393939394 0.954545454545455 0.287878787878788 0.681818181818182
0 0.0576923076923077 0.0384615384615385 0.269230769230769 0.653846153846154 1.05769230769231 0.923076923076923 0.807692307692308 0.788461538461538 1.13461538461538 1.73076923076923 1.69230769230769 1.42307692307692 0.346153846153846 0.153846153846154 0.576923076923077
0 0.26 0.08 0.06 0.48 0.18 0.78 0.46 0.58 0.84 1.42 2.08 3.18 1.34 1 1.2
0 0.133333333333333 0.133333333333333 0.2 0.2 0 0.5 0.3 1.23333333333333 0.166666666666667 0.166666666666667 1.76666666666667 1.93333333333333 2.96666666666667 1.5 0.466666666666667
0 0.0555555555555556 0.0555555555555556 0.277777777777778 0 0.0555555555555556 0 0.555555555555556 0.5 0.555555555555556 0.388888888888889 1.5 0.777777777777778 0.555555555555556 3.44444444444444 0.5
0 0 0.111111111111111 0 0.388888888888889 0.277777777777778 0.333333333333333 0.222222222222222 0.166666666666667 0.777777777777778 1.94444444444444 1.94444444444444 1.83333333333333 1.66666666666667 2.88888888888889 4.66666666666667
