0.65625 0.5 0.1875 0 0.53125 1.1875 0.71875 0.0625 0 0.0625 0.25 0.78125 0.625 0.1875 0 0.0625
0.0188679245283019 12 0.330188679245283 0.141509433962264 0.377358490566038 0.877358490566038 1.12264150943396 0.320754716981132 0.188679245283019 0.245283018867925 0.254716981132075 0.443396226415094 0.5 0.188679245283019 0.0377358490566038 0.00943396226415094
0 0.772727272727273 22.4545454545455 1.09090909090909 0.393939393939394 0.515151515151515 1.36363636363636 0.818181818181818 0.5 0.196969696969697 0.136363636363636 0.136363636363636 0.378787878787879 0.0151515151515152 0.0757575757575758 0.0757575757575758
0.0987654320987654 0.0123456790123457 0.555555555555556 5.2962962962963 2.48148148148148 3.02469135802469 4.01234567901235 3.28395061728395 3.7037037037037 1.88888888888889 1.35802469135802 0.802469135802469 0.296296296296296 0.259259259259259 0.246913580246914 0.444444444444444
0.0303030303030303 0.136363636363636 0.0757575757575758 1.27272727272727 2.86363636363636 2.09090909090909 2.6969696969697 1.86363636363636 2.15151515151515 1.78787878787879 1.34848484848485 0.833333333333333 0.409090909090909 0.333333333333333 0.106060606060606 0.242424242424242
0.186046511627907 0.63953488372093 0.151162790697674 1.75581395348837 2.98837209302326 4.22093023255814 4.40697674418605 3.3953488372093 3.73255813953488 2.16279069767442 2.02325581395349 1.34883720930233 0.767441860465116 0.267441860465116 0.244186046511628 0.313953488372093
0.119402985074627 0.537313432835821 0.402985074626866 0.582089552238806 1.13432835820896 2.11940298507463 2.98507462686567 1.76119402985075 1.88059701492537 0.671641791044776 0.91044776119403 0.582089552238806 0.26865671641791 0.0746268656716418 0.0597014925373134 0.0447761194029851
0 0.2 0.353846153846154 1.15384615384615 1.50769230769231 2.32307692307692 3 2.15384615384615 2.64615384615385 1.58461538461538 0.938461538461538 0.4 0.584615384615385 0.430769230769231 0.261538461538462 0.138461538461538
0.0125 0.3625 0.35 1.275 1.75 2.325 2.4125 2.2125 2.4 2.025 0.975 0.4625 0.35 0.3375 0.425 0.1625
0.0240963855421687 0.216867469879518 0.216867469879518 0.927710843373494 1.65060240963855 1.53012048192771 2.3855421686747 1.97590361445783 2.60240963855422 2.26506024096386 1.43373493975904 1.1566265060241 0.602409638554217 0.530120481927711 0.301204819277108 0.566265060240964
0.0454545454545455 0.227272727272727 0 0.5 0.909090909090909 1.33333333333333 1.1969696969697 0.939393939393939 1.25757575757576 0.878787878787879 1.78787878787879 0.909090909090909 0.46969696969697 1.84848484848485 0.439393939393939 0.878787878787879
0 0.0576923076923077 0.0576923076923077 0.288461538461538 0.75 0.903846153846154 1.28846153846154 0.769230769230769 1.15384615384615 0.826923076923077 2.13461538461538 1.44230769230769 0.673076923076923 0.269230769230769 0.0576923076923077 0.230769230769231
0 0.28 0.06 0.14 0.38 0.54 1.16 0.96 0.64 0.42 0.82 1.34 3.84 0.72 0.4 0.4
0 0.333333333333333 0.0666666666666667 0.166666666666667 0.233333333333333 0.166666666666667 0.466666666666667 0.633333333333333 0.633333333333333 1.16666666666667 1.03333333333333 1.26666666666667 2.56666666666667 1.5 1.56666666666667 0.4
0 0 0.0555555555555556 0 0.222222222222222 0 0.222222222222222 0.222222222222222 0.388888888888889 0.111111111111111 0.388888888888889 1.83333333333333 1.38888888888889 1.55555555555556 1.66666666666667 1.22222222222222
0 0 0.166666666666667 0.333333333333333 0.222222222222222 0.333333333333333 0.444444444444444 0.277777777777778 0.666666666666667 1.38888888888889 1.88888888888889 1.88888888888889 1.5 0.888888888888889 2.55555555555556 2.94444444444444
