0.0625 0.09375 0.0625 0.03125 0.78125 1.21875 0.5625 0.03125 0 0.21875 0.375 0.75 0.5625 0.15625 0 0
0.188679245283019 14.0849056603774 0.283018867924528 0.160377358490566 0.424528301886792 0.924528301886792 1.17924528301887 0.273584905660377 0.150943396226415 0.160377358490566 0.311320754716981 0.471698113207547 0.5 0.150943396226415 0.0471698113207547 0.0188679245283019
0 0.166666666666667 21.9545454545455 0.984848484848485 0.590909090909091 0.727272727272727 1.22727272727273 1.01515151515152 0.545454545454545 0.348484848484849 0.242424242424242 0.0909090909090909 0.53030303030303 0.0606060606060606 0.181818181818182 0.0606060606060606
0.0123456790123457 0.0123456790123457 0.716049382716049 4.45679012345679 2.17283950617284 2.62962962962963 3.39506172839506 2.82716049382716 3.35802469135802 1.97530864197531 1.35802469135802 0.753086419753086 0.197530864197531 0.271604938271605 0.333333333333333 0.481481481481481
0.0151515151515152 0.196969696969697 0.166666666666667 2.12121212121212 3.77272727272727 3.54545454545455 5.09090909090909 3.06060606060606 3.68181818181818 2.72727272727273 2.33333333333333 0.893939393939394 0.590909090909091 0.318181818181818 0.151515151515152 0.409090909090909
0.151162790697674 0.627906976744186 0.267441860465116 1.48837209302326 2.5 4.15116279069767 4.31395348837209 2.75581395348837 3.40697674418605 1.95348837209302 2 1.22093023255814 0.662790697674419 0.313953488372093 0.151162790697674 0.267441860465116
0.134328358208955 0.358208955223881 0.238805970149254 0.955223880597015 1.65671641791045 1.64179104477612 2.77611940298507 2.37313432835821 1.6865671641791 1.49253731343284 0.970149253731343 0.716417910447761 0.522388059701492 0.17910447761194 0.0149253731343284 0.0746268656716418
0 0.384615384615385 0.323076923076923 0.969230769230769 1.07692307692308 1.56923076923077 2.06153846153846 1.76923076923077 2.04615384615385 0.938461538461538 0.953846153846154 0.169230769230769 0.4 0.4 0.0615384615384615 0.0153846153846154
0.025 0.125 0.4125 1.85 2.375 3.8125 3.475 3.0375 3.75 2.55 1.8125 0.925 0.6625 0.525 0.85 0.4
0.0120481927710843 0.156626506024096 0.313253012048193 1.34939759036145 1.97590361445783 1.71084337349398 3.37349397590361 2.20481927710843 2.46987951807229 2.49397590361446 1.6144578313253 1.86746987951807 1.19277108433735 0.686746987951807 0.72289156626506 1.24096385542169
0.0606060606060606 0.227272727272727 0.0303030303030303 0.5 1.03030303030303 1.48484848484848 1.71212121212121 1.16666666666667 1.37878787878788 0.909090909090909 3.13636363636364 1.16666666666667 0.409090909090909 1.92424242424242 0.287878787878788 0.863636363636364
0.0192307692307692 0.230769230769231 0.0576923076923077 0.269230769230769 0.519230769230769 0.75 0.75 0.461538461538462 0.673076923076923 0.961538461538462 1.28846153846154 1.53846153846154 0.942307692307692 0.461538461538462 0.326923076923077 0.461538461538462
0 0.44 0.02 0.28 0.38 0.68 1.42 1.3 1.44 0.74 1.72 1.88 4.28 1.22 1.24 0.98
0.0666666666666667 0.133333333333333 0.166666666666667 0.0666666666666667 0.166666666666667 0.3 0.6 0.566666666666667 0.8 1.3 0.833333333333333 1.03333333333333 1.76666666666667 1.6 1.23333333333333 0.5
0 0.166666666666667 0 0.222222222222222 0.111111111111111 0.0555555555555556 0.111111111111111 0.833333333333333 0.555555555555556 0.722222222222222 0.944444444444444 2.27777777777778 2.44444444444444 0.722222222222222 1.33333333333333 0.444444444444444
0 0 0 0 0.166666666666667 0.111111111111111 0.166666666666667 0.0555555555555556 0.111111111111111 0.277777777777778 0.388888888888889 1.11111111111111 0.944444444444444 0.944444444444444 2.94444444444444 1.27777777777778
