0.59375 0.40625 0 0 1.0625 0.90625 0.84375 0.0625 0 0.125 0.40625 0.5 0.5 0.0625 0 0.125
0.204819277108434 10.6626506024096 0.987951807228916 0.120481927710843 0.301204819277108 0.843373493975904 1.10843373493976 0.349397590361446 0.216867469879518 0.132530120481928 0.228915662650602 0.421686746987952 0.36144578313253 0.216867469879518 0.0120481927710843 0.0481927710843374
0 0.134831460674157 18.4606741573034 1.28089887640449 0.764044943820225 0.943820224719101 1.56179775280899 1.49438202247191 0.786516853932584 0.51685393258427 0.393258426966292 0.0674157303370786 0.224719101123595 0.0674157303370786 0.269662921348315 0.0674157303370786
0.037037037037037 0.0123456790123457 0.938271604938272 2.66666666666667 1.81481481481481 1.74074074074074 2.59259259259259 2.14814814814815 2.54320987654321 1.48148148148148 1.23456790123457 0.654320987654321 0.209876543209877 0.209876543209877 0.259259259259259 0.419753086419753
0.0454545454545455 0.121212121212121 0.227272727272727 1.22727272727273 2.75757575757576 2.74242424242424 3.74242424242424 2.39393939393939 2.09090909090909 1.65151515151515 2.04545454545455 0.378787878787879 0.257575757575758 0.166666666666667 0.0303030303030303 0.151515151515152
0.104651162790698 0.5 0.267441860465116 1.48837209302326 2.25581395348837 3.82558139534884 4.72093023255814 2.36046511627907 3.2093023255814 1.6046511627907 2.04651162790698 0.918604651162791 0.430232558139535 0.232558139534884 0.0697674418604651 0.186046511627907
0.223880597014925 0.313432835820896 0.26865671641791 0.597014925373134 1.23880597014925 2.25373134328358 3.28358208955224 2.59701492537313 2.34328358208955 1.1044776119403 1.28358208955224 0.791044776119403 0.298507462686567 0.223880597014925 0 0
0 0.138461538461538 0.507692307692308 1.13846153846154 1.63076923076923 2.12307692307692 3.4 2.07692307692308 2.41538461538462 1.16923076923077 0.938461538461538 0.169230769230769 0.384615384615385 0.292307692307692 0.169230769230769 0.0307692307692308
0.0125 0.1125 0.4 1.5 1.775 2.3375 2.675 2.725 3.1 1.925 0.9625 0.4375 0.5125 0.3 0.1375 0.125
0.0481927710843374 0.120481927710843 0.313253012048193 0.843373493975904 1.46987951807229 1.39759036144578 2.2289156626506 2 2.42168674698795 2.14457831325301 1.89156626506024 1.44578313253012 0.807228915662651 0.879518072289157 0.506024096385542 0.530120481927711
0.0454545454545455 0.212121212121212 0.0454545454545455 0.666666666666667 0.848484848484849 1.78787878787879 1.51515151515152 1.21212121212121 1.78787878787879 0.954545454545455 2.83333333333333 1.16666666666667 0.242424242424242 0.712121212121212 0.439393939393939 0.924242424242424
0.0384615384615385 0.0576923076923077 0.173076923076923 0.384615384615385 1.07692307692308 1.23076923076923 1.32692307692308 0.961538461538462 1.5 1.01923076923077 1.69230769230769 1.42307692307692 0.769230769230769 0.269230769230769 0.115384615384615 0.173076923076923
0 0.26 0.1 0.14 0.32 0.14 1.14 0.86 0.86 1 1.7 1.76 3.24 0.88 1.04 0.52
0 0.0666666666666667 0.2 0.0666666666666667 0.1 0.133333333333333 0.133333333333333 0.6 0.6 0.233333333333333 0.433333333333333 1.2 1.3 0.933333333333333 1.66666666666667 0.3
0 0.111111111111111 0.0555555555555556 0.111111111111111 0.111111111111111 0 0.111111111111111 0.388888888888889 0.666666666666667 0.388888888888889 0.5 1.05555555555556 1.11111111111111 1 1.33333333333333 0.777777777777778
0 0 0 0.111111111111111 0.388888888888889 0 0.111111111111111 0.166666666666667 0.166666666666667 0.5 0.777777777777778 0.5 0.777777777777778 0.555555555555556 2.05555555555556 2.77777777777778
