0.0625 0.0625 0.03125 0.0625 0.9375 1.09375 0.96875 0.03125 0 0.125 0.6875 0.46875 0.5625 0.0625 0 0.0625
0.19811320754717 14.2830188679245 0.226415094339623 0.264150943396226 0.415094339622642 1.16037735849057 1.05660377358491 0.358490566037736 0.122641509433962 0.19811320754717 0.386792452830189 0.537735849056604 0.594339622641509 0.188679245283019 0.00943396226415094 0
0 1.28787878787879 19.4090909090909 1.42424242424242 0.848484848484849 1.01515151515152 1.46969696969697 0.924242424242424 0.651515151515151 0.212121212121212 0.303030303030303 0.136363636363636 0.424242424242424 0.136363636363636 0.106060606060606 0.0454545454545455
0.037037037037037 0.0123456790123457 0.592592592592593 5.83950617283951 2.28395061728395 2.88888888888889 3.5679012345679 3.39506172839506 3.2716049382716 1.87654320987654 1.24691358024691 0.481481481481481 0.283950617283951 0.185185185185185 0.197530864197531 0.259259259259259
0.0606060606060606 0.227272727272727 0.166666666666667 1.84848484848485 3.01515151515152 3.03030303030303 3.56060606060606 2.46969696969697 2.5 2.33333333333333 1.96969696969697 0.954545454545455 0.590909090909091 0.303030303030303 0.136363636363636 0.439393939393939
0.104651162790698 0.627906976744186 0.162790697674419 1.3953488372093 2.48837209302326 3.66279069767442 4.58139534883721 2.43023255813953 2.80232558139535 1.53488372093023 1.25581395348837 0.906976744186046 0.511627906976744 0.127906976744186 0.13953488372093 0.13953488372093
0.0895522388059701 0.477611940298507 0.313432835820896 0.582089552238806 1.26865671641791 1.98507462686567 2.6865671641791 1.7910447761194 1.80597014925373 0.73134328358209 0.91044776119403 0.582089552238806 0.164179104477612 0.223880597014925 0.0447761194029851 0.0746268656716418
0 0.276923076923077 0.492307692307692 1.10769230769231 1.64615384615385 2.55384615384615 3.23076923076923 2.66153846153846 3.07692307692308 1.58461538461538 1.09230769230769 0.415384615384615 0.907692307692308 0.646153846153846 0.292307692307692 0.153846153846154
0 0.1375 0.4125 1.8375 2.1375 2.775 3.1 3.3375 3.1625 2.2375 1.3875 0.85 0.5625 0.5375 0.45 0.2375
0.0240963855421687 0.27710843373494 0.349397590361446 1.50602409638554 2.20481927710843 2 3.34939759036145 2.66265060240964 2.96385542168675 2.43373493975904 1.48192771084337 2.62650602409639 1.37349397590361 0.939759036144578 0.795180722891566 1.48192771084337
0.0606060606060606 0.121212121212121 0 0.575757575757576 1.59090909090909 2 2.57575757575758 1.77272727272727 2.12121212121212 1.90909090909091 2.3030303030303 1.24242424242424 0.681818181818182 1.21212121212121 0.515151515151515 0.909090909090909
0 0.0769230769230769 0.115384615384615 0.25 0.730769230769231 0.711538461538462 1.09615384615385 0.846153846153846 0.846153846153846 0.807692307692308 1.53846153846154 1.46153846153846 1.07692307692308 0.538461538461538 0.423076923076923 0.346153846153846
0 0.22 0.12 0.18 0.5 0.48 0.78 1 0.66 0.82 1.72 1.78 4.34 1.32 0.52 0.44
0 0.266666666666667 0.233333333333333 0.2 0.233333333333333 0.333333333333333 0.533333333333333 0.833333333333333 0.933333333333333 0.8 0.733333333333333 1.2 1.3 1.23333333333333 0.9 0.266666666666667
0 0.0555555555555556 0.111111111111111 0.277777777777778 0.388888888888889 0.0555555555555556 0.444444444444444 0.611111111111111 0.666666666666667 0.333333333333333 1.16666666666667 1.83333333333333 1.33333333333333 1.33333333333333 5.44444444444444 0.888888888888889
0 0 0.0555555555555556 0 0.277777777777778 0.111111111111111 0.277777777777778 0.0555555555555556 0.277777777777778 0.388888888888889 0.944444444444444 0.777777777777778 0.722222222222222 0.388888888888889 3.33333333333333 2.05555555555556
