0.71875 0.4375 0.03125 0.03125 0.90625 1.125 0.46875 0.03125 0 0.21875 0.4375 0.78125 0.5625 0.0625 0 0
0.132075471698113 11.1603773584906 0.349056603773585 0.216981132075472 0.490566037735849 1 1.16037735849057 0.320754716981132 0.179245283018868 0.141509433962264 0.292452830188679 0.556603773584906 0.349056603773585 0.122641509433962 0.0471698113207547 0.0188679245283019
0 1.46969696969697 18.530303030303 0.833333333333333 0.590909090909091 0.727272727272727 1.22727272727273 1.34848484848485 0.681818181818182 0.454545454545455 0.257575757575758 0.121212121212121 0.46969696969697 0.121212121212121 0.106060606060606 0.0151515151515152
0.0740740740740741 0.0246913580246914 0.469135802469136 5.66666666666667 2.16049382716049 2.2962962962963 2.8641975308642 2.34567901234568 2.95061728395062 1.41975308641975 1.06172839506173 0.333333333333333 0.0740740740740741 0.0987654320987654 0.111111111111111 0.111111111111111
0.166666666666667 0.212121212121212 0.106060606060606 1.10606060606061 2.60606060606061 2 3.33333333333333 1.95454545454545 2.42424242424242 1.51515151515152 1.81818181818182 0.318181818181818 0.333333333333333 0.136363636363636 0.0606060606060606 0.151515151515152
0.104651162790698 0.651162790697674 0.232558139534884 2.03488372093023 2.76744186046512 4.54651162790698 4.93023255813953 3.26744186046512 3.62790697674419 2.65116279069767 1.86046511627907 1 0.686046511627907 0.27906976744186 0.162790697674419 0.313953488372093
0.0746268656716418 0.402985074626866 0.328358208955224 0.776119402985075 1.43283582089552 2.82089552238806 3.37313432835821 2.58208955223881 2.85074626865672 1.82089552238806 1.85074626865672 0.716417910447761 0.432835820895522 0.253731343283582 0.0597014925373134 0.119402985074627
0 0.261538461538462 0.353846153846154 1.32307692307692 1.33846153846154 2.10769230769231 3.27692307692308 2.72307692307692 2.70769230769231 1.43076923076923 0.907692307692308 0.276923076923077 0.538461538461538 0.476923076923077 0.169230769230769 0.107692307692308
0.0125 0.175 0.2625 1.4375 1.55 2.0125 2.3 2.425 2.85 1.7625 0.9375 0.4125 0.45 0.3 0.2375 0.05
0.0481927710843374 0.180722891566265 0.253012048192771 1.08433734939759 1.91566265060241 1.68674698795181 3.03614457831325 2.28915662650602 2.85542168674699 2.24096385542169 1.79518072289157 1.72289156626506 0.795180722891566 0.759036144578313 0.373493975903614 0.698795180722892
0.0454545454545455 0.212121212121212 0.0151515151515152 0.409090909090909 0.893939393939394 1.16666666666667 1.63636363636364 0.984848484848485 1.66666666666667 1.90909090909091 2.1969696969697 1.37878787878788 0.575757575757576 0.606060606060606 0.318181818181818 1.45454545454545
0.0192307692307692 0.0576923076923077 0.115384615384615 0.115384615384615 0.461538461538462 0.519230769230769 0.942307692307692 0.673076923076923 0.519230769230769 0.788461538461538 2.51923076923077 1.75 1.53846153846154 0.557692307692308 0.442307692307692 0.788461538461538
0 0.12 0.16 0.12 0.26 0.32 0.98 0.68 0.76 0.62 1.3 1.3 3.56 0.62 0.8 0.44
0 0.233333333333333 0.133333333333333 0.233333333333333 0.2 0.333333333333333 0.4 0.7 0.8 1.4 0.7 2.26666666666667 1.9 1.7 2.16666666666667 0.566666666666667
0 0 0 0.388888888888889 0.111111111111111 0 0.277777777777778 0 0.888888888888889 0.444444444444444 0.555555555555556 1.05555555555556 0.722222222222222 1.55555555555556 2.94444444444444 0.444444444444444
0 0 0.111111111111111 0.222222222222222 0.333333333333333 0.333333333333333 0.166666666666667 0.166666666666667 0.277777777777778 0.944444444444444 1.38888888888889 1.66666666666667 1.16666666666667 0.888888888888889 2.5 2.22222222222222
