0.59375 0.375 0.09375 0 1.15625 1 0.65625 0.0625 0 0.0625 0.34375 0.375 0.78125 0.125 0 0
0.150943396226415 13.3018867924528 0.5 0.0754716981132075 0.283018867924528 0.783018867924528 1 0.367924528301887 0.179245283018868 0.150943396226415 0.160377358490566 0.490566037735849 0.377358490566038 0.122641509433962 0.0377358490566038 0.00943396226415094
0 1.31818181818182 20.9090909090909 1.16666666666667 0.287878787878788 0.348484848484849 1.45454545454545 0.924242424242424 0.560606060606061 0.439393939393939 0.151515151515152 0.0606060606060606 0.333333333333333 0.106060606060606 0.0909090909090909 0.0454545454545455
0 0.0246913580246914 1.04938271604938 5.33333333333333 1.98765432098765 2.1358024691358 2.5679012345679 2.03703703703704 2.59259259259259 1.53086419753086 1.07407407407407 0.740740740740741 0.246913580246914 0.271604938271605 0.296296296296296 0.54320987654321
0.0757575757575758 0.242424242424242 0.196969696969697 1.22727272727273 2.51515151515152 2.46969696969697 2.77272727272727 1.95454545454545 1.95454545454545 1.28787878787879 1.89393939393939 0.848484848484849 0.5 0.287878787878788 0.0757575757575758 0.257575757575758
0.13953488372093 0.953488372093023 0.27906976744186 1.65116279069767 2.68604651162791 4.58139534883721 5.30232558139535 2.98837209302326 3.47674418604651 2.01162790697674 1.88372093023256 1.31395348837209 0.837209302325581 0.383720930232558 0.290697674418605 0.406976744186047
0.0746268656716418 0.283582089552239 0.388059701492537 0.82089552238806 1.6865671641791 2.22388059701493 3.04477611940298 1.95522388059702 2.47761194029851 1.13432835820896 1.32835820895522 0.761194029850746 0.253731343283582 0.164179104477612 0.119402985074627 0.119402985074627
0 0.246153846153846 0.369230769230769 1.41538461538462 1.81538461538462 3.33846153846154 3.86153846153846 3 3.53846153846154 1.8 1 0.276923076923077 0.523076923076923 0.4 0.184615384615385 0.107692307692308
0.0125 0.1125 0.45 1.95 2.4125 3.3375 3.5125 3.425 3.1125 2.1 1.475 0.75 0.6375 0.4875 0.55 0.2
0.0240963855421687 0.240963855421687 0.144578313253012 1.2289156626506 2.06024096385542 1.67469879518072 3.01204819277108 2.78313253012048 2.78313253012048 2.10843373493976 1.5421686746988 1.66265060240964 0.867469879518072 0.590361445783133 0.759036144578313 0.951807228915663
0 0.151515151515152 0.0151515151515152 0.681818181818182 1.21212121212121 1.77272727272727 2.13636363636364 1.24242424242424 1.33333333333333 1.27272727272727 1.62121212121212 1.04545454545455 0.681818181818182 0.287878787878788 0.363636363636364 0.696969696969697
0.0192307692307692 0.153846153846154 0.0769230769230769 0.634615384615385 1.55769230769231 1.61538461538462 1.88461538461538 1.25 1.48076923076923 1.71153846153846 1.55769230769231 1.88461538461538 1.32692307692308 0.75 0.365384615384615 0.423076923076923
0 0.22 0.14 0.22 0.32 0.66 0.88 1.1 1 0.7 1.22 2.14 4.1 1.64 1.04 0.94
0 0.133333333333333 0.0666666666666667 0.233333333333333 0.266666666666667 0.266666666666667 0.3 0.733333333333333 0.633333333333333 0.366666666666667 0.2 1.43333333333333 1.4 1.6 0.833333333333333 0.2
0 0 0.0555555555555556 0.111111111111111 0.111111111111111 0 0.0555555555555556 0.166666666666667 0.444444444444444 0.166666666666667 0.333333333333333 0.166666666666667 0.777777777777778 0.444444444444444 0.888888888888889 0.333333333333333
0 0 0.0555555555555556 0 0.166666666666667 0.166666666666667 0.388888888888889 0 0.333333333333333 0.277777777777778 0.833333333333333 1.05555555555556 0.888888888888889 0.444444444444444 3.88888888888889 1.77777777777778
