0.0625 0.03125 0.09375 0.03125 0.65625 1.15625 1 0.03125 0.03125 0.1875 0.65625 1.21875 0.78125 0.28125 0 0.1875
0.108433734939759 11.6506024096386 1.44578313253012 0.120481927710843 0.55421686746988 1.01204819277108 1.12048192771084 0.301204819277108 0.192771084337349 0.0963855421686747 0.313253012048193 0.590361445783133 0.373493975903614 0.0963855421686747 0 0.036144578313253
0 1.01123595505618 23.3258426966292 0.741573033707865 0.48314606741573 0.595505617977528 1.19101123595506 1.01123595505618 0.662921348314607 0.280898876404494 0.157303370786517 0.123595505617978 0.235955056179775 0.0449438202247191 0.112359550561798 0.0561797752808989
0.0493827160493827 0 0.567901234567901 4.2962962962963 1.98765432098765 1.8641975308642 3.34567901234568 2.5679012345679 2.74074074074074 1.82716049382716 1.14814814814815 0.802469135802469 0.283950617283951 0.234567901234568 0.234567901234568 0.444444444444444
0.0606060606060606 0.242424242424242 0.333333333333333 1.60606060606061 3.16666666666667 3.03030303030303 3.45454545454545 2.28787878787879 2.74242424242424 1.72727272727273 2.1969696969697 0.651515151515151 0.272727272727273 0.136363636363636 0.0454545454545455 0.212121212121212
0.0697674418604651 0.476744186046512 0.186046511627907 1.44186046511628 2.16279069767442 4.04651162790698 4.51162790697674 2.58139534883721 3.77906976744186 2.03488372093023 1.81395348837209 0.697674418604651 0.27906976744186 0.116279069767442 0.0581395348837209 0.151162790697674
0.0298507462686567 0.238805970149254 0.582089552238806 0.835820895522388 1.58208955223881 2.47761194029851 3 2.02985074626866 2.43283582089552 1.01492537313433 1.07462686567164 0.582089552238806 0.432835820895522 0.134328358208955 0.149253731343284 0.0597014925373134
0 0.123076923076923 0.507692307692308 0.892307692307692 1.07692307692308 1.8 2.90769230769231 1.92307692307692 2.49230769230769 1.15384615384615 0.846153846153846 0.353846153846154 0.753846153846154 0.615384615384615 0.276923076923077 0.2
0.025 0.15 0.45 1.325 2.15 2.45 2.55 2.8875 2.6 1.85 1.3125 0.55 0.35 0.325 0.5 0.2125
0.036144578313253 0.0843373493975904 0.385542168674699 0.987951807228916 1.60240963855422 1.46987951807229 3 2.10843373493976 2.56626506024096 2 1.42168674698795 1.53012048192771 0.710843373493976 0.602409638554217 0.44578313253012 0.650602409638554
0.0454545454545455 0.151515151515152 0.0909090909090909 1 1.03030303030303 1.93939393939394 1.63636363636364 1.09090909090909 1.87878787878788 1.12121212121212 2.16666666666667 1.48484848484848 0.242424242424242 1.01515151515152 0.393939393939394 2.12121212121212
0.0576923076923077 0.0192307692307692 0.192307692307692 0.153846153846154 0.480769230769231 0.769230769230769 0.807692307692308 0.75 0.903846153846154 0.846153846153846 1 1.78846153846154 1.07692307692308 0.5 0.384615384615385 0.365384615384615
0.06 0.08 0.24 0.08 0.26 0.1 0.9 0.64 0.8 0.58 1.44 1.44 3.7 1.34 0.84 0.74
0 0.133333333333333 0.233333333333333 0.2 0.3 0.366666666666667 0.5 0.833333333333333 1.3 0.633333333333333 0.5 1.5 2.4 1.6 0.866666666666667 0.666666666666667
0 0.0555555555555556 0 0.222222222222222 0.111111111111111 0.0555555555555556 0.111111111111111 0.5 0.555555555555556 0.555555555555556 0.777777777777778 1.61111111111111 1 1.33333333333333 1.88888888888889 0.333333333333333
0 0 0.166666666666667 0.111111111111111 0.333333333333333 0.333333333333333 0 0.0555555555555556 0.166666666666667 0.722222222222222 1.61111111111111 2.11111111111111 1.61111111111111 0.888888888888889 4.11111111111111 2
