0 0.03125 0 0.03125 1.59375 0.96875 0.96875 0.0625 0 0.1875 0.84375 0.3125 0.71875 0.03125 0 0.125
0.377358490566038 12.1981132075472 0.226415094339623 0.264150943396226 0.405660377358491 0.962264150943396 0.867924528301887 0.405660377358491 0.19811320754717 0.150943396226415 0.349056603773585 0.443396226415094 0.377358490566038 0.0754716981132075 0.0471698113207547 0.0188679245283019
0 0.757575757575758 24.2727272727273 1.74242424242424 0.333333333333333 0.409090909090909 1.18181818181818 0.984848484848485 0.590909090909091 0.257575757575758 0.257575757575758 0.0606060606060606 0.348484848484849 0.0454545454545455 0.0909090909090909 0.136363636363636
0.0123456790123457 0 0.666666666666667 6.01234567901235 2.55555555555556 2.71604938271605 4.04938271604938 3.22222222222222 3.71604938271605 1.88888888888889 1.49382716049383 0.271604938271605 0.135802469135802 0.160493827160494 0.185185185185185 0.308641975308642
0.0606060606060606 0.136363636363636 0.0909090909090909 0.787878787878788 2.53030303030303 1.60606060606061 2.31818181818182 1.15151515151515 2.16666666666667 1.39393939393939 1.40909090909091 1.46969696969697 0.833333333333333 0.575757575757576 0.242424242424242 0.545454545454545
0.209302325581395 0.825581395348837 0.255813953488372 1.80232558139535 3.02325581395349 4.77906976744186 4.56976744186047 3.2906976744186 3.65116279069767 2.38372093023256 2.2906976744186 1.36046511627907 0.709302325581395 0.313953488372093 0.22093023255814 0.27906976744186
0.0895522388059701 0.313432835820896 0.477611940298507 1 1.52238805970149 2.26865671641791 2.92537313432836 2.61194029850746 2.41791044776119 1.08955223880597 1.08955223880597 0.850746268656716 0.194029850746269 0.26865671641791 0.0895522388059701 0.104477611940299
0 0.2 0.523076923076923 1.18461538461538 1.87692307692308 2.35384615384615 4.06153846153846 2.47692307692308 3 1.56923076923077 0.969230769230769 0.292307692307692 0.707692307692308 0.646153846153846 0.276923076923077 0.123076923076923
0 0.075 0.3375 1.55 2.2625 3.075 2.725 3.4625 2.4875 1.9625 1.2125 0.4625 0.4125 0.3125 0.6125 0.175
0.0120481927710843 0.204819277108434 0.253012048192771 1.12048192771084 1.5421686746988 1.4578313253012 2.48192771084337 2 2.21686746987952 1.97590361445783 1.4578313253012 0.927710843373494 0.469879518072289 0.518072289156627 0.349397590361446 0.493975903614458
0 0.242424242424242 0.0303030303030303 0.893939393939394 1.24242424242424 1.89393939393939 1.66666666666667 1.5 1.8030303030303 1.48484848484848 2.74242424242424 0.909090909090909 0.545454545454545 0.545454545454545 0.393939393939394 1.01515151515152
0 0.0769230769230769 0.0961538461538462 0.365384615384615 0.846153846153846 1.09615384615385 1.25 0.942307692307692 1.19230769230769 1.19230769230769 1.59615384615385 1.65384615384615 1.30769230769231 0.576923076923077 0.25 0.346153846153846
0 0.1 0.1 0.04 0.18 0.22 1.08 0.58 0.66 0.58 0.88 1.82 4.22 1.26 1.2 0.86
0.0333333333333333 0.1 0.2 0.166666666666667 0.166666666666667 0.233333333333333 0.4 0.666666666666667 1.2 0.5 0.5 1.33333333333333 2.2 1.4 1.46666666666667 0.533333333333333
0 0.0555555555555556 0 0.0555555555555556 0.166666666666667 0 0.222222222222222 0.277777777777778 0.611111111111111 0.111111111111111 0.611111111111111 2.44444444444444 2.16666666666667 1.5 1 0.777777777777778
0 0 0 0.111111111111111 0.277777777777778 0.111111111111111 0.0555555555555556 0.111111111111111 0.0555555555555556 0.5 0.611111111111111 1.44444444444444 1.22222222222222 1.27777777777778 4 2.44444444444444
