0.59375 0.5 0 0.15625 0.90625 0.8125 0.46875 0.03125 0 0.125 0.5 0.4375 0.46875 0 0 0.03125
0.254716981132075 13.5471698113208 0.443396226415094 0.122641509433962 0.169811320754717 1.04716981132075 0.962264150943396 0.235849056603774 0.179245283018868 0.0754716981132075 0.30188679245283 0.462264150943396 0.490566037735849 0.0754716981132075 0.0849056603773585 0.0283018867924528
0 1.53030303030303 19.0909090909091 0.787878787878788 0.666666666666667 0.924242424242424 1.5 0.893939393939394 0.772727272727273 0.212121212121212 0.196969696969697 0.0909090909090909 0.409090909090909 0.0606060606060606 0.106060606060606 0.0454545454545455
0.0617283950617284 0.0123456790123457 0.111111111111111 5.18518518518519 2.44444444444444 2.59259259259259 3.37037037037037 3.18518518518519 3.25925925925926 1.83950617283951 1.46913580246914 0.45679012345679 0.111111111111111 0.111111111111111 0.185185185185185 0.222222222222222
0.0303030303030303 0.151515151515152 0.181818181818182 1.18181818181818 2.90909090909091 2.84848484848485 3.45454545454545 2.25757575757576 2.5 1.92424242424242 1.83333333333333 0.318181818181818 0.257575757575758 0.0303030303030303 0.0303030303030303 0.212121212121212
0.162790697674419 0.941860465116279 0.313953488372093 1.98837209302326 3.40697674418605 4.90697674418605 5.5 3.06976744186047 4.08139534883721 2.37209302325581 2.13953488372093 0.976744186046512 0.441860465116279 0.244186046511628 0.13953488372093 0.209302325581395
0.0895522388059701 0.402985074626866 0.402985074626866 0.970149253731343 1.80597014925373 2.80597014925373 3.52238805970149 2.22388059701493 3.22388059701493 1.59701492537313 1.77611940298507 0.805970149253731 0.194029850746269 0.194029850746269 0.0746268656716418 0.104477611940299
0 0.138461538461538 0.507692307692308 1 2.29230769230769 2.6 4.35384615384615 2.58461538461538 2.67692307692308 1.66153846153846 0.8 0.323076923076923 0.630769230769231 0.461538461538462 0.323076923076923 0.0923076923076923
0.0125 0.05 0.3125 2.125 2.65 3.2875 3.7 3.3375 3.35 2.175 1.525 0.575 0.65 0.25 0.4875 0.125
0.0240963855421687 0.156626506024096 0.240963855421687 1.13253012048193 1.86746987951807 1.43373493975904 2.98795180722892 1.7710843373494 2.57831325301205 2 1.09638554216867 1.8433734939759 0.963855421686747 0.602409638554217 0.481927710843373 0.903614457831325
0 0.151515151515152 0.0303030303030303 0.878787878787879 1.5 1.93939393939394 2.03030303030303 1.54545454545455 1.84848484848485 1.39393939393939 2.48484848484848 0.848484848484849 0.318181818181818 1.24242424242424 0.409090909090909 0.439393939393939
0 0.115384615384615 0.115384615384615 0.384615384615385 0.961538461538462 1.23076923076923 1.46153846153846 1.34615384615385 1.32692307692308 1.42307692307692 1.73076923076923 1.94230769230769 1.65384615384615 0.634615384615385 0.384615384615385 0.480769230769231
0 0.06 0.16 0.1 0.34 0.36 0.78 0.52 0.7 0.56 1.1 1.34 3.82 0.96 0.5 0.74
0 0.1 0.133333333333333 0.166666666666667 0.2 0.0333333333333333 0.5 0.166666666666667 0.766666666666667 0.266666666666667 0.2 0.166666666666667 1.83333333333333 1.1 0.7 0
0 0 0.111111111111111 0.333333333333333 0 0.111111111111111 0 0.666666666666667 0.333333333333333 0.444444444444444 0.611111111111111 1.16666666666667 0.777777777777778 0.888888888888889 0.944444444444444 0.166666666666667
0 0 0.0555555555555556 0.222222222222222 0.111111111111111 0.333333333333333 0.222222222222222 0.111111111111111 0.388888888888889 0.722222222222222 0.666666666666667 1 0.777777777777778 0.611111111111111 2.33333333333333 1.22222222222222
