0.125 0.03125 0.1875 0 1.1875 1.03125 0.96875 0.125 0.03125 0.15625 0.78125 1.15625 0.53125 0.25 0 0.15625
0.141509433962264 12.0849056603774 0.39622641509434 0.0754716981132075 0.207547169811321 0.726415094339623 0.877358490566038 0.320754716981132 0.283018867924528 0.226415094339623 0.226415094339623 0.547169811320755 0.39622641509434 0.0566037735849057 0.0188679245283019 0.0283018867924528
0 0.287878787878788 21.2121212121212 1.53030303030303 0.545454545454545 0.621212121212121 1.48484848484848 1.42424242424242 0.621212121212121 0.46969696969697 0.257575757575758 0.151515151515152 0.363636363636364 0.0909090909090909 0.121212121212121 0.0909090909090909
0.0740740740740741 0.0123456790123457 1.1358024691358 3.66666666666667 2.03703703703704 2.59259259259259 3.37037037037037 2.76543209876543 3.11111111111111 1.93827160493827 1.32098765432099 0.444444444444444 0.209876543209877 0.123456790123457 0.148148148148148 0.172839506172839
0.0757575757575758 0.196969696969697 0.106060606060606 1.1969696969697 2.86363636363636 2.5 3.03030303030303 1.86363636363636 2.56060606060606 1.89393939393939 1.72727272727273 1.09090909090909 0.575757575757576 0.378787878787879 0.181818181818182 0.348484848484849
0.174418604651163 0.63953488372093 0.186046511627907 1.51162790697674 2.53488372093023 4.33720930232558 3.97674418604651 2.84883720930233 3.18604651162791 1.68604651162791 1.98837209302326 1.16279069767442 0.627906976744186 0.151162790697674 0.151162790697674 0.244186046511628
0.149253731343284 0.283582089552239 0.462686567164179 0.776119402985075 1.73134328358209 2.14925373134328 2.55223880597015 2.52238805970149 2.64179104477612 1.3134328358209 1.08955223880597 0.73134328358209 0.223880597014925 0.17910447761194 0.0597014925373134 0.0895522388059701
0 0.261538461538462 0.446153846153846 1.12307692307692 2 2.58461538461538 3.6 2.13846153846154 2.24615384615385 1.58461538461538 0.830769230769231 0.338461538461538 0.876923076923077 0.446153846153846 0.307692307692308 0.230769230769231
0.025 0.125 0.3875 1.5125 2.0375 2.0375 2.65 2.5625 2.6 2 1.0375 0.7 0.475 0.45 0.4875 0.2875
0.036144578313253 0.204819277108434 0.216867469879518 1.08433734939759 1.65060240963855 1.48192771084337 2.4578313253012 1.72289156626506 2.44578313253012 2.01204819277108 1.4578313253012 1.08433734939759 0.602409638554217 0.674698795180723 0.228915662650602 0.433734939759036
0.0151515151515152 0.151515151515152 0.0303030303030303 0.818181818181818 1.34848484848485 1.98484848484848 2.28787878787879 1.48484848484848 2.01515151515152 1.21212121212121 1.84848484848485 1.43939393939394 0.590909090909091 0.621212121212121 0.560606060606061 1.45454545454545
0 0.134615384615385 0.173076923076923 0.0961538461538462 0.480769230769231 0.576923076923077 0.980769230769231 0.692307692307692 0.557692307692308 0.634615384615385 1.23076923076923 1.59615384615385 1.76923076923077 0.865384615384615 0.557692307692308 0.461538461538462
0.02 0.22 0.16 0.14 0.48 0.26 0.66 0.7 0.82 0.7 1.34 1.54 3.48 0.94 0.8 0.76
0.0333333333333333 0.133333333333333 0.133333333333333 0.133333333333333 0.566666666666667 0.3 0.566666666666667 0.6 0.7 0.966666666666667 0.866666666666667 1.7 1.53333333333333 1.5 1.13333333333333 0.433333333333333
0 0 0 0.111111111111111 0 0 0.222222222222222 0.444444444444444 0.611111111111111 0.222222222222222 1.5 1.55555555555556 1.55555555555556 1.5 1.72222222222222 1.38888888888889
0 0 0.111111111111111 0.166666666666667 0.166666666666667 0.333333333333333 0.111111111111111 0.166666666666667 0.111111111111111 0.888888888888889 1.27777777777778 1.66666666666667 1.44444444444444 1.16666666666667 1.66666666666667 2.5
