0.0625 0.03125 0.03125 0 0.40625 1.40625 0.625 0.09375 0.03125 0.0625 0.4375 0.90625 0.375 0.1875 0 0.1875
0.169811320754717 13.7358490566038 0.226415094339623 0.113207547169811 0.254716981132075 1.0377358490566 1.13207547169811 0.188679245283019 0.235849056603774 0.0943396226415094 0.349056603773585 0.509433962264151 0.509433962264151 0.0471698113207547 0.0377358490566038 0.0188679245283019
0 0.863636363636364 22.5606060606061 0.863636363636364 0.318181818181818 0.393939393939394 1.01515151515152 1.16666666666667 0.742424242424242 0.378787878787879 0.196969696969697 0.151515151515152 0.545454545454545 0.0909090909090909 0.106060606060606 0
0.0740740740740741 0.0123456790123457 1.18518518518519 6.4320987654321 2.48148148148148 3.45679012345679 3.61728395061728 3.35802469135802 3.53086419753086 1.76543209876543 1.19753086419753 0.765432098765432 0.358024691358025 0.259259259259259 0.308641975308642 0.567901234567901
0.0757575757575758 0.136363636363636 0.121212121212121 1.60606060606061 2.65151515151515 2.40909090909091 3.81818181818182 2.33333333333333 2.66666666666667 1.83333333333333 1.93939393939394 0.742424242424242 0.666666666666667 0.242424242424242 0.136363636363636 0.409090909090909
0.162790697674419 0.790697674418605 0.186046511627907 1.5 2.68604651162791 3.74418604651163 4.16279069767442 2.27906976744186 3.27906976744186 1.68604651162791 2.24418604651163 1.43023255813953 0.767441860465116 0.22093023255814 0.197674418604651 0.313953488372093
0.134328358208955 0.492537313432836 0.253731343283582 0.880597014925373 1.70149253731343 2.34328358208955 4.05970149253731 2.44776119402985 2.61194029850746 1.55223880597015 1.62686567164179 0.522388059701492 0.283582089552239 0.253731343283582 0.0597014925373134 0.0298507462686567
0 0.307692307692308 0.446153846153846 1.32307692307692 2.29230769230769 3.10769230769231 4.30769230769231 2.81538461538462 2.83076923076923 1.98461538461538 1.16923076923077 0.353846153846154 0.692307692307692 0.261538461538462 0.153846153846154 0.123076923076923
0.025 0.2625 0.2875 1.3375 1.9 2.4 2.5125 2.4875 2.475 2.3375 1.0875 0.55 0.4375 0.3125 0.4 0.1875
0.0240963855421687 0.228915662650602 0.27710843373494 1.4578313253012 2.04819277108434 1.68674698795181 3.31325301204819 2.31325301204819 2.85542168674699 2.19277108433735 1.49397590361446 2 1.03614457831325 0.746987951807229 0.457831325301205 0.975903614457831
0.0454545454545455 0.121212121212121 0.0303030303030303 0.696969696969697 1.16666666666667 1.75757575757576 1.81818181818182 1.18181818181818 1.59090909090909 1.31818181818182 2 1.3030303030303 0.363636363636364 0.939393939393939 0.378787878787879 1.25757575757576
0 0.0769230769230769 0.134615384615385 0.134615384615385 0.307692307692308 0.519230769230769 0.692307692307692 0.557692307692308 0.519230769230769 0.807692307692308 1.25 1.55769230769231 1.32692307692308 0.384615384615385 0.211538461538462 0.307692307692308
0.02 0.18 0.22 0.08 0.22 0.42 0.9 0.7 0.72 0.42 1 1.64 4.44 1.4 0.58 0.54
0.0333333333333333 0.233333333333333 0.166666666666667 0.0333333333333333 0.2 0.0666666666666667 0.366666666666667 0.566666666666667 0.566666666666667 0.433333333333333 0.2 0.833333333333333 1.5 1.5 0.8 0.266666666666667
0 0.111111111111111 0 0.0555555555555556 0.222222222222222 0 0.166666666666667 0.944444444444444 0.611111111111111 0.277777777777778 1.5 1.55555555555556 1.16666666666667 1 0.722222222222222 1
0 0 0.0555555555555556 0 0.277777777777778 0.277777777777778 0.222222222222222 0 0.388888888888889 0.222222222222222 0.833333333333333 0.944444444444444 0.777777777777778 0.555555555555556 2 1.44444444444444
