0 0.03125 0.0625 0.03125 1.34375 0.875 0.90625 0.0625 0.03125 0.25 0.65625 0.59375 0.625 0.15625 0 0.125
0.311320754716981 13.8490566037736 0.39622641509434 0.311320754716981 0.424528301886792 1.04716981132075 1.26415094339623 0.311320754716981 0.235849056603774 0.132075471698113 0.358490566037736 0.556603773584906 0.547169811320755 0.0660377358490566 0.0377358490566038 0.0283018867924528
0 0.151515151515152 18.1969696969697 0.712121212121212 0.651515151515151 0.803030303030303 1.31818181818182 0.924242424242424 0.742424242424242 0.348484848484849 0.257575757575758 0.196969696969697 0.257575757575758 0.181818181818182 0.106060606060606 0.121212121212121
0.0493827160493827 0.0123456790123457 1.50617283950617 5.97530864197531 2.62962962962963 3.2716049382716 3.74074074074074 3.32098765432099 3.34567901234568 1.93827160493827 1.22222222222222 0.641975308641975 0.185185185185185 0.222222222222222 0.296296296296296 0.518518518518518
0.0454545454545455 0.287878787878788 0.106060606060606 1.3030303030303 2.83333333333333 2.90909090909091 3.54545454545455 2.16666666666667 2.33333333333333 2.04545454545455 1.71212121212121 1.3030303030303 0.727272727272727 0.5 0.181818181818182 0.5
0.116279069767442 0.709302325581395 0.13953488372093 1.54651162790698 2.43023255813953 4.17441860465116 5.03488372093023 2.66279069767442 3.59302325581395 1.86046511627907 1.55813953488372 0.813953488372093 0.523255813953488 0.197674418604651 0.0930232558139535 0.174418604651163
0.0149253731343284 0.537313432835821 0.402985074626866 0.746268656716418 1.58208955223881 1.94029850746269 3.05970149253731 1.67164179104478 2.25373134328358 1.29850746268657 1.34328358208955 0.850746268656716 0.373134328358209 0.119402985074627 0.134328358208955 0.0746268656716418
0 0.338461538461538 0.461538461538462 1.09230769230769 1.6 2.43076923076923 3.13846153846154 2.58461538461538 2.72307692307692 1.26153846153846 1.09230769230769 0.553846153846154 1.16923076923077 0.753846153846154 0.4 0.384615384615385
0 0.1625 0.2875 1.5625 1.725 2.175 2.675 2.5 2.4 1.9625 0.9625 0.5 0.35 0.4625 0.375 0.1625
0.0240963855421687 0.144578313253012 0.168674698795181 0.819277108433735 1.34939759036145 1.40963855421687 1.97590361445783 1.68674698795181 2.12048192771084 1.80722891566265 1.69879518072289 1.14457831325301 0.650602409638554 0.590361445783133 0.409638554216867 0.542168674698795
0 0.272727272727273 0.0151515151515152 0.621212121212121 1.24242424242424 1.96969696969697 2.12121212121212 1.28787878787879 1.5 1.12121212121212 2.87878787878788 0.696969696969697 0.621212121212121 2.51515151515152 0.393939393939394 0.545454545454545
0 0.0961538461538462 0.0961538461538462 0.288461538461538 0.557692307692308 1.07692307692308 1.38461538461538 0.673076923076923 0.942307692307692 0.903846153846154 2.73076923076923 1.76923076923077 1.30769230769231 0.653846153846154 0.288461538461538 0.557692307692308
0 0.22 0.08 0.22 0.4 0.54 1.36 1.1 1.14 0.6 1.12 1.42 3.62 0.74 1 0.62
0.0333333333333333 0.1 0.166666666666667 0.0333333333333333 0.433333333333333 0.0666666666666667 0.333333333333333 0.366666666666667 1 0.433333333333333 0.333333333333333 1.83333333333333 1.66666666666667 1.76666666666667 1.63333333333333 0.666666666666667
0 0 0 0.333333333333333 0 0.0555555555555556 0 0.277777777777778 0.555555555555556 0.5 0.777777777777778 2.11111111111111 1.33333333333333 1.22222222222222 1.11111111111111 0.611111111111111
0 0 0.166666666666667 0 0.277777777777778 0.333333333333333 0.111111111111111 0.111111111111111 0.0555555555555556 0.722222222222222 1.94444444444444 2.27777777777778 2.11111111111111 1.44444444444444 3.16666666666667 3.44444444444444
