0.0625 0.09375 0.21875 0.0625 0.71875 1 0.9375 0.125 0.03125 0.1875 0.625 0.84375 0.4375 0.3125 0 0.15625
0.273584905660377 9.91509433962264 0.169811320754717 0.245283018867925 0.490566037735849 0.981132075471698 1.08490566037736 0.39622641509434 0.235849056603774 0.226415094339623 0.292452830188679 0.367924528301887 0.330188679245283 0.132075471698113 0.0471698113207547 0.0188679245283019
0 0.136363636363636 20.4848484848485 1.68181818181818 0.727272727272727 0.378787878787879 1.34848484848485 1.01515151515152 0.772727272727273 0.46969696969697 0.287878787878788 0.0757575757575758 0.212121212121212 0.0757575757575758 0.181818181818182 0.121212121212121
0.0740740740740741 0.0246913580246914 0.592592592592593 5.12345679012346 1.91358024691358 2.03703703703704 2.71604938271605 2.37037037037037 2.74074074074074 1.2962962962963 1.20987654320988 0.62962962962963 0.271604938271605 0.222222222222222 0.246913580246914 0.345679012345679
0.0909090909090909 0.136363636363636 0.0303030303030303 0.742424242424242 1.57575757575758 1.66666666666667 3.15151515151515 1.22727272727273 1.46969696969697 1.18181818181818 1.33333333333333 0.666666666666667 0.5 0.272727272727273 0.0909090909090909 0.242424242424242
0.127906976744186 0.848837209302326 0.174418604651163 1.44186046511628 2.51162790697674 4.15116279069767 4.63953488372093 2.90697674418605 3.40697674418605 1.98837209302326 1.86046511627907 1.44186046511628 0.662790697674419 0.348837209302326 0.186046511627907 0.418604651162791
0.104477611940299 0.477611940298507 0.417910447761194 0.850746268656716 1.71641791044776 2.74626865671642 3.1044776119403 2.38805970149254 2.71641791044776 1.65671641791045 1.56716417910448 0.701492537313433 0.238805970149254 0.253731343283582 0.119402985074627 0.104477611940299
0 0.215384615384615 0.461538461538462 0.969230769230769 1.36923076923077 2.29230769230769 3.03076923076923 2.01538461538462 2.56923076923077 1.32307692307692 0.907692307692308 0.507692307692308 0.830769230769231 0.492307692307692 0.215384615384615 0.230769230769231
0 0.15 0.275 1.2625 1.8625 2.275 2.7125 2.45 2.375 2.0375 1.15 0.45 0.3375 0.225 0.4875 0.1875
0.0240963855421687 0.253012048192771 0.253012048192771 0.91566265060241 1.40963855421687 1.04819277108434 2.33734939759036 1.50602409638554 2.13253012048193 1.91566265060241 1.26506024096386 2.10843373493976 1.08433734939759 0.855421686746988 0.325301204819277 0.855421686746988
0.0303030303030303 0.212121212121212 0.0454545454545455 0.909090909090909 1.65151515151515 2 3.03030303030303 1.72727272727273 1.92424242424242 1.81818181818182 2.6969696969697 0.954545454545455 0.439393939393939 2.43939393939394 0.409090909090909 0.378787878787879
0.0192307692307692 0.173076923076923 0.0769230769230769 0.288461538461538 0.384615384615385 0.769230769230769 0.923076923076923 0.576923076923077 0.769230769230769 0.942307692307692 1.40384615384615 2.36538461538462 1.84615384615385 0.673076923076923 0.557692307692308 0.576923076923077
0 0.24 0.04 0.08 0.26 0.36 1.08 0.9 0.66 0.84 1.28 1.46 3.56 1.08 0.5 0.44
0.0333333333333333 0.233333333333333 0.133333333333333 0.0333333333333333 0.1 0.1 0.433333333333333 0.633333333333333 0.733333333333333 0.466666666666667 0.566666666666667 1.83333333333333 2.26666666666667 2.73333333333333 1.76666666666667 0.766666666666667
0 0 0 0.0555555555555556 0.222222222222222 0 0.111111111111111 0.277777777777778 0.222222222222222 0.0555555555555556 0.333333333333333 0.166666666666667 0.388888888888889 0.333333333333333 0.833333333333333 0.333333333333333
0 0 0.166666666666667 0 0.277777777777778 0.333333333333333 0.111111111111111 0 0.166666666666667 0.555555555555556 1.55555555555556 2.16666666666667 1.66666666666667 0.888888888888889 3.77777777777778 1.55555555555556
