0.59375 0.375 0.0625 0.03125 0.40625 1.125 0.75 0.125 0.03125 0.15625 0.3125 0.65625 0.78125 0.125 0 0.125
0.397590361445783 9.09638554216867 0.566265060240964 0.228915662650602 0.566265060240964 0.939759036144578 0.975903614457831 0.265060240963855 0.253012048192771 0.253012048192771 0.44578313253012 0.457831325301205 0.325301204819277 0.120481927710843 0 0.036144578313253
0 0.471910112359551 20.314606741573 0.797752808988764 0.224719101123595 0.382022471910112 1.0561797752809 0.865168539325843 0.573033707865168 0.415730337078652 0.168539325842697 0.247191011235955 0.426966292134831 0.0898876404494382 0.0898876404494382 0.0449438202247191
0.197530864197531 0 0.518518518518518 5.20987654320988 1.91358024691358 1.51851851851852 2.19753086419753 1.67901234567901 2.22222222222222 1.16049382716049 0.987654320987654 0.716049382716049 0.259259259259259 0.222222222222222 0.246913580246914 0.395061728395062
0.0151515151515152 0.196969696969697 0.121212121212121 1.33333333333333 2.6969696969697 2.1969696969697 3.77272727272727 2.39393939393939 2.45454545454545 1.93939393939394 1.89393939393939 0.484848484848485 0.53030303030303 0.166666666666667 0.0454545454545455 0.272727272727273
0.104651162790698 0.790697674418605 0.232558139534884 1.72093023255814 2.72093023255814 4.72093023255814 4.69767441860465 3.16279069767442 3.95348837209302 2.33720930232558 1.94186046511628 0.965116279069767 0.523255813953488 0.209302325581395 0.13953488372093 0.209302325581395
0.104477611940299 0.194029850746269 0.522388059701492 1.04477611940298 1.59701492537313 2.23880597014925 2.88059701492537 2.41791044776119 2.50746268656716 1.46268656716418 1 0.776119402985075 0.522388059701492 0.164179104477612 0.0447761194029851 0.0746268656716418
0 0.107692307692308 0.676923076923077 1.23076923076923 1.46153846153846 2.10769230769231 3.58461538461538 2.15384615384615 2.30769230769231 1.35384615384615 1.01538461538462 0.476923076923077 0.8 0.661538461538462 0.353846153846154 0.276923076923077
0 0.15 0.35 1.625 2.05 2.5 2.5625 2.4625 3.025 1.7375 1.35 0.575 0.45 0.2625 0.575 0.25
0.0120481927710843 0.0602409638554217 0.204819277108434 1.13253012048193 1.63855421686747 1.30120481927711 2.57831325301205 2.10843373493976 2.37349397590361 1.95180722891566 1.63855421686747 1.53012048192771 0.807228915662651 0.493975903614458 0.457831325301205 0.662650602409639
0.0151515151515152 0.166666666666667 0.0303030303030303 0.757575757575758 1.04545454545455 1.48484848484848 2.15151515151515 1.13636363636364 2.03030303030303 1.34848484848485 2.95454545454545 0.818181818181818 0.378787878787879 0.424242424242424 0.257575757575758 0.727272727272727
0.0192307692307692 0.0769230769230769 0.211538461538462 0.230769230769231 0.711538461538462 0.942307692307692 1.51923076923077 1.32692307692308 1.30769230769231 1.19230769230769 2.26923076923077 2.46153846153846 3.01923076923077 1.03846153846154 0.423076923076923 0.846153846153846
0 0.14 0.06 0.22 0.36 0.58 0.96 1 0.7 0.66 1.36 1.6 2.96 0.86 0.38 0.42
0 0.233333333333333 0.133333333333333 0.133333333333333 0.2 0.1 0.566666666666667 0.666666666666667 0.933333333333333 0.733333333333333 0.366666666666667 1.33333333333333 1.8 1.93333333333333 0.766666666666667 0.433333333333333
0 0 0 0.111111111111111 0.222222222222222 0 0.222222222222222 0.0555555555555556 0.5 0.222222222222222 0.277777777777778 0.944444444444444 0.277777777777778 1.16666666666667 4.72222222222222 0.611111111111111
0 0 0 0 0.222222222222222 0.0555555555555556 0.166666666666667 0.0555555555555556 0.166666666666667 0.166666666666667 0.555555555555556 0.611111111111111 0.888888888888889 0.666666666666667 3.44444444444444 2.38888888888889
