1.1875 0.75 0.0625 0.03125 1.0625 0.71875 0.84375 0.125 0.0625 0.25 0.53125 0.625 0.75 0.15625 0 0.1875
0.245283018867925 12.7735849056604 0.320754716981132 0.254716981132075 0.330188679245283 1.08490566037736 1.02830188679245 0.462264150943396 0.254716981132075 0.235849056603774 0.254716981132075 0.424528301886792 0.386792452830189 0.141509433962264 0.0660377358490566 0.0283018867924528
0 0.893939393939394 20.3181818181818 1.63636363636364 1.04545454545455 1.07575757575758 1.87878787878788 1.21212121212121 1.22727272727273 0.606060606060606 0.409090909090909 0.0303030303030303 0.227272727272727 0 0.121212121212121 0.0909090909090909
0.037037037037037 0.0123456790123457 0.62962962962963 4.81481481481481 1.98765432098765 2.38271604938272 2.96296296296296 2.08641975308642 2.83950617283951 1.53086419753086 1.25925925925926 0.283950617283951 0.0987654320987654 0.111111111111111 0.135802469135802 0.246913580246914
0.0303030303030303 0.181818181818182 0.121212121212121 1.53030303030303 2.36363636363636 2.6969696969697 3.51515151515152 1.93939393939394 2.43939393939394 1.93939393939394 1.78787878787879 0.848484848484849 0.484848484848485 0.303030303030303 0.106060606060606 0.287878787878788
0.151162790697674 0.825581395348837 0.209302325581395 1.48837209302326 2.52325581395349 4.44186046511628 4.23255813953488 3.05813953488372 3.48837209302326 1.8953488372093 1.98837209302326 1.3953488372093 0.651162790697674 0.244186046511628 0.209302325581395 0.406976744186047
0.0895522388059701 0.283582089552239 0.298507462686567 1.05970149253731 1.49253731343284 2.11940298507463 3.28358208955224 2.23880597014925 2.55223880597015 1.2089552238806 1.04477611940298 0.82089552238806 0.283582089552239 0.253731343283582 0.0447761194029851 0.0895522388059701
0 0.230769230769231 0.476923076923077 0.923076923076923 1.66153846153846 1.87692307692308 2.36923076923077 1.92307692307692 2 1.23076923076923 0.830769230769231 0.415384615384615 1.04615384615385 0.569230769230769 0.323076923076923 0.261538461538462
0.025 0.1625 0.3875 1.7125 2.125 3.0125 3.475 3.5 2.8875 2.225 1.2625 0.95 0.5875 0.575 0.425 0.3
0.072289156626506 0.180722891566265 0.27710843373494 1.09638554216867 1.86746987951807 1.83132530120482 2.71084337349398 2.5421686746988 2.8433734939759 2.50602409638554 2.18072289156627 1.6144578313253 0.698795180722892 0.686746987951807 0.469879518072289 0.650602409638554
0 0.166666666666667 0.0151515151515152 0.848484848484849 1.37878787878788 2.03030303030303 1.84848484848485 1.66666666666667 2.07575757575758 1.51515151515152 2.40909090909091 1.13636363636364 0.545454545454545 2.89393939393939 0.348484848484849 0.863636363636364
0 0.0769230769230769 0.134615384615385 0.326923076923077 0.653846153846154 1.05769230769231 1.07692307692308 0.711538461538462 1.03846153846154 0.961538461538462 2.34615384615385 1.78846153846154 1.05769230769231 0.192307692307692 0.0769230769230769 0.211538461538462
0.02 0.38 0.02 0.26 0.22 0.62 0.64 1.24 0.7 0.5 1.1 1.38 3.04 0.64 0.72 0.7
0 0.2 0.2 0.2 0.3 0.2 0.366666666666667 0.733333333333333 0.733333333333333 0.9 0.633333333333333 1.46666666666667 1.5 1.6 2.53333333333333 0.266666666666667
0 0 0.0555555555555556 0.222222222222222 0.222222222222222 0.0555555555555556 0.222222222222222 0.388888888888889 0.444444444444444 0.333333333333333 0.333333333333333 1.55555555555556 0.666666666666667 1.05555555555556 1.05555555555556 1.11111111111111
0 0 0.0555555555555556 0.222222222222222 0.277777777777778 0.166666666666667 0.0555555555555556 0.166666666666667 0.166666666666667 0.833333333333333 0.944444444444444 1.11111111111111 1.05555555555556 0.722222222222222 2.72222222222222 2.33333333333333
