0 0 0.15625 0 0.84375 0.90625 0.90625 0.09375 0 0.125 0.40625 0.9375 0.53125 0.1875 0 0.0625
0.245283018867925 15.1509433962264 0.613207547169811 0.226415094339623 0.386792452830189 0.811320754716981 1.16981132075472 0.283018867924528 0.150943396226415 0.169811320754717 0.311320754716981 0.452830188679245 0.443396226415094 0.150943396226415 0.0660377358490566 0.0188679245283019
0 0.787878787878788 18.4393939393939 1.33333333333333 1.01515151515152 1.15151515151515 1.6969696969697 1.33333333333333 1.34848484848485 0.590909090909091 0.5 0.136363636363636 0.333333333333333 0.106060606060606 0.0757575757575758 0.0303030303030303
0.0617283950617284 0.0123456790123457 0.925925925925926 4.7037037037037 2.67901234567901 3.17283950617284 3.1358024691358 2.58024691358025 3.16049382716049 1.50617283950617 1.32098765432099 0.753086419753086 0.222222222222222 0.222222222222222 0.246913580246914 0.469135802469136
0.0606060606060606 0.151515151515152 0.0909090909090909 1.3030303030303 2.34848484848485 2.31818181818182 3.18181818181818 1.84848484848485 1.89393939393939 1.28787878787879 1.65151515151515 0.651515151515151 0.484848484848485 0.287878787878788 0.0909090909090909 0.196969696969697
0.13953488372093 0.825581395348837 0.337209302325581 1.7093023255814 2.83720930232558 4.63953488372093 4.69767441860465 3.05813953488372 3.88372093023256 1.83720930232558 2.04651162790698 1.23255813953488 0.86046511627907 0.348837209302326 0.244186046511628 0.395348837209302
0.0746268656716418 0.313432835820896 0.432835820895522 1.07462686567164 1.35820895522388 2.38805970149254 3.73134328358209 2.32835820895522 2.88059701492537 1.22388059701493 1.3134328358209 0.776119402985075 0.552238805970149 0.26865671641791 0.0746268656716418 0.0895522388059701
0 0.184615384615385 0.369230769230769 1.09230769230769 1.18461538461538 2.29230769230769 2.76923076923077 2.23076923076923 2.93846153846154 1.27692307692308 0.938461538461538 0.553846153846154 0.384615384615385 0.553846153846154 0.276923076923077 0.0307692307692308
0.0125 0.25 0.2375 1.5625 1.7875 2.325 2.65 2.5 2.825 1.9125 1.1 0.775 0.5625 0.475 0.8 0.375
0.0240963855421687 0.108433734939759 0.265060240963855 1.5421686746988 2.1566265060241 1.69879518072289 3.1566265060241 2.39759036144578 2.87951807228916 2.36144578313253 2.12048192771084 1.02409638554217 0.578313253012048 0.469879518072289 0.313253012048193 0.289156626506024
0.0151515151515152 0.257575757575758 0.0151515151515152 0.681818181818182 1.01515151515152 1.34848484848485 1.33333333333333 0.909090909090909 1.56060606060606 1.18181818181818 2.43939393939394 1.10606060606061 0.363636363636364 0.575757575757576 0.53030303030303 0.833333333333333
0.0192307692307692 0.0961538461538462 0.0576923076923077 0.307692307692308 1 0.942307692307692 0.942307692307692 0.846153846153846 0.961538461538462 0.903846153846154 1.73076923076923 1.55769230769231 1.38461538461538 0.365384615384615 0.230769230769231 0.230769230769231
0 0.18 0.1 0.34 0.4 0.82 0.98 1.44 0.82 0.58 1.04 1.54 3.12 0.88 0.7 0.64
0 0.1 0.233333333333333 0.0333333333333333 0.1 0.166666666666667 0.466666666666667 0.366666666666667 0.433333333333333 0.766666666666667 0.466666666666667 1 1.56666666666667 0.6 1.6 0.133333333333333
0 0 0 0.388888888888889 0.444444444444444 0.111111111111111 0.444444444444444 0.666666666666667 0.611111111111111 0.222222222222222 0.611111111111111 2 0.888888888888889 1.94444444444444 0.777777777777778 1.16666666666667
0 0 0 0.333333333333333 0.111111111111111 0.0555555555555556 0.111111111111111 0.166666666666667 0.333333333333333 0.777777777777778 0.222222222222222 1.38888888888889 1.22222222222222 0.888888888888889 2.33333333333333 0.777777777777778
