0.65625 0.40625 0.03125 0.03125 0.90625 1.03125 0.65625 0.09375 0.03125 0.40625 0.59375 0.8125 0.5 0.125 0 0.125
0.216981132075472 11.688679245283 0.669811320754717 0.235849056603774 0.292452830188679 0.905660377358491 1.0377358490566 0.377358490566038 0.273584905660377 0.169811320754717 0.311320754716981 0.490566037735849 0.39622641509434 0.113207547169811 0.0377358490566038 0.0188679245283019
0 1.92424242424242 19.9090909090909 0.893939393939394 0.287878787878788 0.333333333333333 1.18181818181818 0.924242424242424 0.606060606060606 0.303030303030303 0.242424242424242 0.136363636363636 0.333333333333333 0.0757575757575758 0.181818181818182 0.0454545454545455
0.0740740740740741 0 0.592592592592593 4.58024691358025 2.18518518518519 2.49382716049383 2.85185185185185 2.48148148148148 2.81481481481481 1.54320987654321 1.02469135802469 0.728395061728395 0.222222222222222 0.296296296296296 0.333333333333333 0.493827160493827
0.0606060606060606 0.212121212121212 0.151515151515152 1.15151515151515 2.59090909090909 2.39393939393939 3.60606060606061 2.01515151515152 2.25757575757576 1.89393939393939 1.89393939393939 0.484848484848485 0.424242424242424 0.227272727272727 0.0454545454545455 0.212121212121212
0.209302325581395 0.953488372093023 0.465116279069767 1.45348837209302 2.7906976744186 4.24418604651163 4.88372093023256 2.76744186046512 3.69767441860465 1.72093023255814 1.95348837209302 1.13953488372093 0.720930232558139 0.418604651162791 0.151162790697674 0.290697674418605
0.104477611940299 0.402985074626866 0.313432835820896 0.686567164179104 1.2089552238806 2.08955223880597 2.74626865671642 1.91044776119403 2.07462686567164 1.19402985074627 1.44776119402985 0.865671641791045 0.447761194029851 0.253731343283582 0.0298507462686567 0.0895522388059701
0 0.261538461538462 0.569230769230769 1.03076923076923 1.56923076923077 2.87692307692308 3.61538461538462 2.44615384615385 3.55384615384615 1.43076923076923 0.923076923076923 0.4 0.953846153846154 0.507692307692308 0.384615384615385 0.215384615384615
0 0.225 0.4 1.8375 2.1625 3.1 3.1125 3.3375 3.0375 1.825 1.375 0.55 0.5875 0.325 0.4125 0.15
0.0240963855421687 0.192771084337349 0.253012048192771 0.951807228915663 1.6144578313253 1.09638554216867 2.36144578313253 1.89156626506024 2.01204819277108 1.85542168674699 1.55421686746988 1.96385542168675 1.07228915662651 0.843373493975904 0.614457831325301 0.91566265060241
0.0303030303030303 0.227272727272727 0.0303030303030303 1 1.31818181818182 2.1969696969697 1.74242424242424 1.54545454545455 1.77272727272727 1.62121212121212 2.89393939393939 1.09090909090909 0.545454545454545 1.48484848484848 0.560606060606061 0.378787878787879
0.0192307692307692 0.153846153846154 0.0961538461538462 0.230769230769231 0.75 0.903846153846154 0.980769230769231 0.75 0.653846153846154 1.09615384615385 0.826923076923077 1.69230769230769 1.36538461538462 0.673076923076923 0.365384615384615 0.653846153846154
0.02 0.22 0.06 0.12 0.26 0.42 0.82 0.68 1.06 0.42 0.66 2.54 4.54 1.88 1.6 1.04
0 0.0666666666666667 0.2 0.133333333333333 0.1 0 0.2 0.8 0.6 0.133333333333333 0.366666666666667 1.03333333333333 1.96666666666667 0.8 1.16666666666667 0.233333333333333
0 0.0555555555555556 0.0555555555555556 0.0555555555555556 0.111111111111111 0 0.111111111111111 0.388888888888889 0.666666666666667 0.277777777777778 0.666666666666667 1.77777777777778 1.33333333333333 1.22222222222222 1.33333333333333 0.5
0 0 0.222222222222222 0 0.333333333333333 0.5 0.111111111111111 0.111111111111111 0.166666666666667 1.05555555555556 2.27777777777778 1.88888888888889 1.61111111111111 1.05555555555556 2.05555555555556 3.33333333333333
