0 0 0.0625 0.03125 0.78125 1.1875 0.3125 0.15625 0.03125 0.125 0.25 0.59375 0.40625 0.09375 0 0.09375
0.30188679245283 14.122641509434 0.443396226415094 0.283018867924528 0.39622641509434 0.943396226415094 0.943396226415094 0.377358490566038 0.207547169811321 0.19811320754717 0.358490566037736 0.415094339622642 0.367924528301887 0.179245283018868 0.0188679245283019 0.0660377358490566
0 0.121212121212121 24.8333333333333 1.39393939393939 0.484848484848485 0.409090909090909 1.18181818181818 1.3030303030303 0.742424242424242 0.363636363636364 0.166666666666667 0.0606060606060606 0.303030303030303 0.106060606060606 0.121212121212121 0.0757575757575758
0.0493827160493827 0 0.790123456790123 3.74074074074074 2.14814814814815 2.23456790123457 3.23456790123457 2.74074074074074 3.02469135802469 1.60493827160494 1.27160493827161 0.320987654320988 0.172839506172839 0.111111111111111 0.111111111111111 0.123456790123457
0.0454545454545455 0.196969696969697 0.121212121212121 1.25757575757576 2.92424242424242 2.62121212121212 2.6969696969697 1.81818181818182 2.01515151515152 1.83333333333333 1.53030303030303 0.409090909090909 0.257575757575758 0.0909090909090909 0.0151515151515152 0.106060606060606
0.197674418604651 0.511627906976744 0.174418604651163 1.61627906976744 3.11627906976744 3.83720930232558 5.47674418604651 2.77906976744186 4.09302325581395 1.98837209302326 1.72093023255814 0.918604651162791 0.36046511627907 0.255813953488372 0.127906976744186 0.232558139534884
0.0447761194029851 0.373134328358209 0.373134328358209 0.701492537313433 1.1044776119403 2.01492537313433 2.61194029850746 1.6865671641791 1.76119402985075 1.08955223880597 0.895522388059702 0.791044776119403 0.328358208955224 0.164179104477612 0.0149253731343284 0.0746268656716418
0 0.230769230769231 0.4 1.23076923076923 1.89230769230769 2.78461538461538 4.03076923076923 2.43076923076923 2.92307692307692 1.83076923076923 1.24615384615385 0.353846153846154 0.569230769230769 0.384615384615385 0.230769230769231 0.138461538461538
0.0125 0.1 0.25 1.2625 1.35 2.025 2.1 2.3375 2.475 1.5375 0.9 0.3125 0.4125 0.3125 0.3 0.175
0.0481927710843374 0.253012048192771 0.253012048192771 1.27710843373494 1.87951807228916 1.71084337349398 2.86746987951807 2.44578313253012 2.66265060240964 2.26506024096386 2.1566265060241 1.19277108433735 0.72289156626506 0.566265060240964 0.397590361445783 0.734939759036145
0.0151515151515152 0.136363636363636 0.0151515151515152 0.424242424242424 0.96969696969697 1.15151515151515 1.68181818181818 0.772727272727273 1.13636363636364 1.10606060606061 2.72727272727273 1.21212121212121 0.909090909090909 1.15151515151515 0.712121212121212 0.924242424242424
0.0192307692307692 0.134615384615385 0.0961538461538462 0.25 0.692307692307692 1.09615384615385 1.5 1.15384615384615 1.05769230769231 1.11538461538462 1.51923076923077 2.09615384615385 1.5 0.423076923076923 0.288461538461538 0.346153846153846
0.02 0.2 0.12 0.1 0.32 0.5 0.8 0.74 0.86 0.46 1.04 1.7 4.54 1.28 0.86 0.9
0 0.1 0.0666666666666667 0.0666666666666667 0.266666666666667 0.1 0.466666666666667 0.366666666666667 0.2 0.3 0.633333333333333 0.533333333333333 1.13333333333333 0.8 0.666666666666667 0.233333333333333
0 0.0555555555555556 0 0.333333333333333 0.166666666666667 0 0.111111111111111 0.388888888888889 0.833333333333333 0.611111111111111 0.833333333333333 1.5 0.666666666666667 0.777777777777778 2.5 0.555555555555556
0 0 0 0.111111111111111 0.111111111111111 0 0.444444444444444 0.111111111111111 0.388888888888889 0.388888888888889 0.611111111111111 1.61111111111111 1.61111111111111 1.16666666666667 3.5 1.88888888888889
