0.71875 0.375 0.09375 0.03125 1.1875 0.96875 0.78125 0.15625 0.09375 0.21875 0.84375 1.1875 0.8125 0.28125 0 0.21875
0.245283018867925 15.1603773584906 0.339622641509434 0.179245283018868 0.509433962264151 1.0377358490566 0.981132075471698 0.292452830188679 0.207547169811321 0.188679245283019 0.358490566037736 0.415094339622641 0.537735849056604 0.0943396226415094 0.0188679245283019 0.0188679245283019
0 0.712121212121212 20.2575757575758 1.27272727272727 0.515151515151515 0.590909090909091 1.56060606060606 1.13636363636364 0.515151515151515 0.257575757575758 0.181818181818182 0.0454545454545454 0.424242424242424 0.0757575757575757 0.287878787878788 0.0606060606060606
0.0617283950617284 0.037037037037037 1.44444444444444 6.66666666666667 2.35802469135802 2.64197530864198 3.04938271604938 2.58024691358025 2.77777777777778 1.55555555555556 0.962962962962963 0.395061728395062 0.222222222222222 0.222222222222222 0.185185185185185 0.419753086419753
0.0606060606060606 0.166666666666667 0.181818181818182 1.13636363636364 2.81818181818182 2.77272727272727 3.25757575757576 1.95454545454545 2.62121212121212 1.89393939393939 1.89393939393939 0.757575757575757 0.5 0.242424242424242 0.136363636363636 0.378787878787879
0.151162790697674 0.558139534883721 0.162790697674419 1.5 2.77906976744186 3.75581395348837 4.26744186046512 2.67441860465116 3.58139534883721 1.98837209302326 1.84883720930233 1.12790697674419 0.488372093023256 0.220930232558139 0.104651162790698 0.290697674418605
0.0447761194029851 0.373134328358209 0.283582089552239 0.761194029850746 1.26865671641791 2.29850746268657 3.01492537313433 1.47761194029851 1.95522388059701 1.19402985074627 1.22388059701493 0.776119402985075 0.298507462686567 0.17910447761194 0.0447761194029851 0.0895522388059701
0 0.323076923076923 0.4 1.15384615384615 1.73846153846154 2.63076923076923 3.36923076923077 2.41538461538461 3 1.35384615384615 0.923076923076923 0.353846153846154 0.923076923076923 0.584615384615385 0.353846153846154 0.276923076923077
0 0.1625 0.2875 1.575 2.2875 2.7 3.275 2.7875 2.7625 1.9375 1.1375 0.525 0.4 0.45 0.3875 0.1625
0.036144578313253 0.156626506024096 0.156626506024096 1.02409638554217 1.69879518072289 1.4578313253012 2.72289156626506 1.79518072289157 2.48192771084337 1.8433734939759 1.80722891566265 1.57831325301205 0.879518072289156 0.626506024096385 0.313253012048193 0.710843373493976
0.0151515151515152 0.121212121212121 0.0151515151515152 0.651515151515151 1.60606060606061 1.59090909090909 2.36363636363636 1.65151515151515 1.68181818181818 1.10606060606061 2.22727272727273 1.36363636363636 0.575757575757576 2.24242424242424 0.333333333333333 1.3030303030303
0.0192307692307692 0.0576923076923077 0.0192307692307692 0.192307692307692 0.576923076923077 0.730769230769231 0.865384615384615 0.576923076923077 0.884615384615384 0.769230769230769 1.71153846153846 1.57692307692308 1.21153846153846 0.653846153846154 0.461538461538461 0.461538461538461
0.02 0.28 0.16 0.22 0.48 0.46 0.94 1.18 1.02 0.66 1.58 2 3.48 1.2 1.28 0.8
0 0.5 0.0666666666666667 0.1 0.0333333333333333 0.1 1.06666666666667 0.8 0.466666666666667 0.8 0.2 1.13333333333333 2.6 1.56666666666667 0.7 0.266666666666667
0 0 0 0 0.111111111111111 0 0.166666666666667 0.222222222222222 0.388888888888889 0.277777777777778 0.333333333333333 1.05555555555556 0.277777777777778 1.05555555555556 1.83333333333333 1.44444444444444
0 0 0.111111111111111 0.222222222222222 0.166666666666667 0.222222222222222 0.0555555555555556 0.166666666666667 0.111111111111111 0.944444444444444 1.22222222222222 2.27777777777778 1.88888888888889 1.38888888888889 3 1.77777777777778
