0.125 0.0625 0.09375 0 0.6875 1.125 0.53125 0.125 0.0625 0.1875 0.59375 1.0625 0.71875 0.21875 0 0.21875
0.337349397590361 10.710843373494 0.879518072289157 0.204819277108434 0.44578313253012 1.14457831325301 1.01204819277108 0.301204819277108 0.228915662650602 0.192771084337349 0.457831325301205 0.626506024096386 0.542168674698795 0.144578313253012 0.0120481927710843 0.072289156626506
0 0.853932584269663 20.438202247191 0.49438202247191 0.382022471910112 0.449438202247191 1.1685393258427 0.910112359550562 0.606741573033708 0.337078651685393 0.213483146067416 0.168539325842697 0.258426966292135 0.0449438202247191 0.146067415730337 0.0337078651685393
0.0617283950617284 0.0123456790123457 0.580246913580247 5.12345679012346 2.11111111111111 2.1358024691358 2.90123456790123 2.20987654320988 2.65432098765432 1.41975308641975 1.02469135802469 0.753086419753086 0.271604938271605 0.320987654320988 0.283950617283951 0.493827160493827
0.0303030303030303 0.0909090909090909 0.0757575757575758 1.37878787878788 2.8030303030303 2.53030303030303 3 1.98484848484848 2.09090909090909 1.56060606060606 1.72727272727273 0.424242424242424 0.363636363636364 0.0303030303030303 0.0151515151515152 0.0454545454545455
0.0581395348837209 0.581395348837209 0.162790697674419 1.80232558139535 2.48837209302326 4.41860465116279 4.90697674418605 2.94186046511628 3.7093023255814 2.54651162790698 2.18604651162791 1.19767441860465 0.395348837209302 0.267441860465116 0.0697674418604651 0.302325581395349
0.134328358208955 0.26865671641791 0.492537313432836 0.597014925373134 1.04477611940298 1.74626865671642 3.04477611940298 2.08955223880597 2.26865671641791 1.11940298507463 0.970149253731343 0.597014925373134 0.462686567164179 0.253731343283582 0.0447761194029851 0.104477611940299
0 0.138461538461538 0.4 1.04615384615385 1.56923076923077 2.27692307692308 3.03076923076923 2.13846153846154 2.43076923076923 1.26153846153846 0.953846153846154 0.369230769230769 0.753846153846154 0.507692307692308 0.230769230769231 0.138461538461538
0.025 0.1875 0.4875 1.6 2.075 2.925 3.075 3.1625 3.1875 1.7625 1.1625 0.6125 0.675 0.3625 0.4625 0.2
0.0240963855421687 0.120481927710843 0.240963855421687 1.28915662650602 1.85542168674699 1.53012048192771 2.55421686746988 2.25301204819277 2.49397590361446 2.1566265060241 2.04819277108434 1.97590361445783 1.12048192771084 0.746987951807229 0.759036144578313 0.975903614457831
0.0303030303030303 0.106060606060606 0.0909090909090909 0.696969696969697 0.954545454545455 1.25757575757576 1.60606060606061 1.07575757575758 1.24242424242424 1 2.27272727272727 0.939393939393939 0.393939393939394 1.04545454545455 0.212121212121212 0.651515151515151
0.0192307692307692 0.0576923076923077 0.0961538461538462 0.442307692307692 1.07692307692308 1.53846153846154 1.78846153846154 0.980769230769231 1.21153846153846 1.32692307692308 2.26923076923077 1.80769230769231 1.05769230769231 0.538461538461538 0.134615384615385 0.230769230769231
0.02 0.24 0.08 0.58 0.56 1.14 1.48 2.5 1.36 1.16 1.68 2.16 4.12 1.68 0.96 1
0.0333333333333333 0.2 0.2 0.0333333333333333 0.233333333333333 0.266666666666667 0.766666666666667 0.666666666666667 0.833333333333333 1.23333333333333 0.833333333333333 1.53333333333333 1.66666666666667 2.36666666666667 1.53333333333333 0.566666666666667
0 0.0555555555555556 0.0555555555555556 0 0.333333333333333 0 0.388888888888889 0.444444444444444 0.944444444444444 0.222222222222222 0.666666666666667 0.888888888888889 1.5 2.05555555555556 1.27777777777778 0.777777777777778
0 0 0.0555555555555556 0.222222222222222 0.0555555555555556 0.222222222222222 0.111111111111111 0.111111111111111 0.277777777777778 0.722222222222222 0.5 1.33333333333333 1.22222222222222 0.777777777777778 2.22222222222222 0.666666666666667
