0 0.0625 0.09375 0.03125 1.21875 0.84375 0.8125 0.09375 0 0.15625 0.375 1.03125 0.28125 0.09375 0 0.03125
0.0471698113207547 13.6415094339623 0.5 0.235849056603774 0.349056603773585 0.745283018867924 1.18867924528302 0.377358490566038 0.283018867924528 0.235849056603774 0.207547169811321 0.490566037735849 0.415094339622642 0.188679245283019 0.0566037735849057 0.00943396226415094
0 1.33333333333333 19.9090909090909 0.727272727272727 0.545454545454545 0.590909090909091 1.24242424242424 0.96969696969697 0.939393939393939 0.363636363636364 0.272727272727273 0.0606060606060606 0.287878787878788 0 0.196969696969697 0.0757575757575758
0.0123456790123457 0 0.679012345679012 3.79012345679012 2.35802469135802 2.48148148148148 3.38271604938272 2.75308641975309 3.11111111111111 1.76543209876543 1.34567901234568 0.567901234567901 0.259259259259259 0.222222222222222 0.234567901234568 0.333333333333333
0.0757575757575758 0.121212121212121 0.0909090909090909 0.924242424242424 2.48484848484848 2.18181818181818 2.71212121212121 1.89393939393939 1.84848484848485 1.57575757575758 1.54545454545455 0.803030303030303 0.424242424242424 0.227272727272727 0.106060606060606 0.303030303030303
0.174418604651163 0.767441860465116 0.116279069767442 1.96511627906977 3.19767441860465 4.51162790697674 5.51162790697674 3.3953488372093 4.11627906976744 2.38372093023256 1.84883720930233 1.31395348837209 0.720930232558139 0.186046511627907 0.197674418604651 0.337209302325581
0.0447761194029851 0.402985074626866 0.417910447761194 1.05970149253731 1.65671641791045 3.29850746268657 3.82089552238806 2.56716417910448 3.13432835820896 1.98507462686567 1.97014925373134 0.701492537313433 0.17910447761194 0.17910447761194 0.0447761194029851 0.0298507462686567
0 0.246153846153846 0.4 0.984615384615385 1.24615384615385 1.36923076923077 2.55384615384615 2 2.52307692307692 0.892307692307692 0.630769230769231 0.215384615384615 0.446153846153846 0.353846153846154 0.0923076923076923 0.0923076923076923
0.025 0.075 0.2875 1.7375 2.0375 2.9 2.75 2.675 2.7875 1.95 1.4125 0.4625 0.3875 0.4625 0.5 0.15
0.0120481927710843 0.216867469879518 0.265060240963855 1.18072289156627 1.75903614457831 1.27710843373494 2.80722891566265 1.95180722891566 2.55421686746988 2.03614457831325 1.27710843373494 1.33734939759036 0.927710843373494 0.542168674698795 0.481927710843373 0.91566265060241
0 0.272727272727273 0 0.454545454545455 1.12121212121212 1.09090909090909 1.16666666666667 0.909090909090909 1.51515151515152 1.27272727272727 1.78787878787879 1.07575757575758 0.46969696969697 2.39393939393939 0.287878787878788 0.833333333333333
0 0.0961538461538462 0.134615384615385 0.365384615384615 1.05769230769231 1.13461538461538 1.42307692307692 1.15384615384615 1.13461538461538 1.21153846153846 1.75 1.84615384615385 1.15384615384615 0.596153846153846 0.384615384615385 0.480769230769231
0.02 0.28 0.1 0.1 0.36 0.24 0.88 0.88 1.04 0.68 1.28 1.48 3.48 1.18 0.92 0.54
0 0.0666666666666667 0 0.0333333333333333 0.1 0.2 0.666666666666667 0.466666666666667 0.666666666666667 0.8 0.666666666666667 1.43333333333333 1.5 1.16666666666667 1 0.233333333333333
0 0.0555555555555556 0 0.0555555555555556 0.333333333333333 0 0.222222222222222 0.222222222222222 0.833333333333333 0.666666666666667 0.944444444444444 1.77777777777778 2.55555555555556 1.88888888888889 1.88888888888889 0.5
0 0 0.0555555555555556 0 0.444444444444444 0.111111111111111 0.333333333333333 0.111111111111111 0.222222222222222 0.388888888888889 1.38888888888889 1.05555555555556 0.888888888888889 0.666666666666667 2.55555555555556 3.27777777777778
