0.125 0 0.0625 0.03125 1.03125 0.8125 0.6875 0.0625 0.03125 0.34375 0.65625 0.6875 0.8125 0.09375 0 0.125
0.311320754716981 11.1698113207547 0.311320754716981 0.19811320754717 0.311320754716981 0.89622641509434 0.990566037735849 0.349056603773585 0.216981132075472 0.169811320754717 0.452830188679245 0.433962264150943 0.386792452830189 0.169811320754717 0.0471698113207547 0.0377358490566038
0 0.0757575757575758 17.9545454545455 1.42424242424242 0.590909090909091 0.742424242424242 1.48484848484848 1.43939393939394 0.954545454545455 0.621212121212121 0.424242424242424 0.0454545454545455 0.287878787878788 0.0303030303030303 0.181818181818182 0.0303030303030303
0.0246913580246914 0.037037037037037 0.740740740740741 4.90123456790123 2.20987654320988 3.61728395061728 4 3.4320987654321 3.77777777777778 2.30864197530864 1.7037037037037 0.814814814814815 0.209876543209877 0.222222222222222 0.308641975308642 0.506172839506173
0.0151515151515152 0.196969696969697 0.136363636363636 1.39393939393939 2.51515151515152 2.24242424242424 3.16666666666667 2.18181818181818 2.36363636363636 1.57575757575758 1.60606060606061 0.772727272727273 0.545454545454545 0.227272727272727 0.121212121212121 0.439393939393939
0.127906976744186 0.488372093023256 0.127906976744186 1.36046511627907 2.36046511627907 3.52325581395349 3.54651162790698 2.24418604651163 2.54651162790698 1.44186046511628 1.67441860465116 0.953488372093023 0.593023255813954 0.0930232558139535 0.116279069767442 0.116279069767442
0.0746268656716418 0.298507462686567 0.358208955223881 0.970149253731343 1.38805970149254 2.43283582089552 3.37313432835821 1.71641791044776 2.41791044776119 1.82089552238806 1.74626865671642 0.641791044776119 0.522388059701492 0.149253731343284 0.0298507462686567 0.0746268656716418
0 0.215384615384615 0.553846153846154 0.953846153846154 1.18461538461538 2.10769230769231 2.72307692307692 2.13846153846154 2.78461538461538 1.01538461538462 0.692307692307692 0.553846153846154 1.16923076923077 0.723076923076923 0.353846153846154 0.292307692307692
0.05 0.15 0.425 1.425 1.9625 3.025 2.6375 2.575 3.125 2.3875 1.1625 0.475 0.45 0.4125 0.3125 0.15
0.0120481927710843 0.228915662650602 0.180722891566265 1.31325301204819 2.01204819277108 1.36144578313253 3.57831325301205 2.62650602409639 2.75903614457831 1.69879518072289 1.31325301204819 1.27710843373494 0.879518072289157 0.650602409638554 0.457831325301205 0.506024096385542
0.0606060606060606 0.257575757575758 0 0.606060606060606 1.21212121212121 1.74242424242424 1.77272727272727 1.5 1.81818181818182 1.72727272727273 2.36363636363636 1.33333333333333 0.818181818181818 1.3030303030303 0.575757575757576 0.393939393939394
0.0192307692307692 0.0961538461538462 0.0961538461538462 0.192307692307692 0.461538461538462 0.826923076923077 0.826923076923077 0.615384615384615 0.615384615384615 0.884615384615385 2.07692307692308 1.36538461538462 0.884615384615385 0.288461538461538 0.134615384615385 0.173076923076923
0.02 0.12 0.16 0.04 0.34 0.28 0.84 0.7 0.58 0.68 1.1 0.98 2.62 0.78 0.46 0.84
0 0.133333333333333 0.0666666666666667 0.0666666666666667 0.266666666666667 0.133333333333333 0.366666666666667 0.4 0.566666666666667 0.266666666666667 0.333333333333333 0.566666666666667 1.26666666666667 0.9 0.7 0.133333333333333
0 0.0555555555555556 0 0.277777777777778 0.111111111111111 0.0555555555555556 0.111111111111111 0.444444444444444 0.388888888888889 0.277777777777778 0.611111111111111 2.88888888888889 1.22222222222222 1.11111111111111 1.11111111111111 1.94444444444444
0 0 0 0.166666666666667 0.333333333333333 0.0555555555555556 0.166666666666667 0.111111111111111 0.166666666666667 0.388888888888889 0.722222222222222 0.388888888888889 0.333333333333333 0.333333333333333 2.77777777777778 2.61111111111111
