0.0625 0.0625 0.0625 0.03125 0.84375 1.21875 0.5 0.125 0.0625 0.1875 0.5 0.75 0.65625 0.15625 0 0.15625
0.160377358490566 14.5094339622642 0.254716981132075 0.0377358490566038 0.292452830188679 0.877358490566038 0.839622641509434 0.339622641509434 0.141509433962264 0.0943396226415094 0.283018867924528 0.613207547169811 0.349056603773585 0.169811320754717 0.0943396226415094 0.0660377358490566
0 0.181818181818182 25.0454545454545 2.22727272727273 0.575757575757576 0.651515151515151 1.74242424242424 1.56060606060606 0.909090909090909 0.363636363636364 0.393939393939394 0.0606060606060606 0.53030303030303 0.0606060606060606 0.227272727272727 0.121212121212121
0.0493827160493827 0 0.666666666666667 4.87654320987654 2.65432098765432 2.18518518518519 2.67901234567901 2.20987654320988 2.58024691358025 1.44444444444444 1.19753086419753 0.481481481481481 0.172839506172839 0.160493827160494 0.222222222222222 0.345679012345679
0.0909090909090909 0.0909090909090909 0.0151515151515152 0.757575757575758 1.95454545454545 1.57575757575758 1.92424242424242 1.1969696969697 1.72727272727273 1.27272727272727 1.09090909090909 1.01515151515152 0.575757575757576 0.454545454545455 0.151515151515152 0.318181818181818
0.0813953488372093 0.755813953488372 0.232558139534884 1.81395348837209 2.88372093023256 4.61627906976744 5.27906976744186 3.19767441860465 3.52325581395349 2.03488372093023 1.76744186046512 0.883720930232558 0.290697674418605 0.186046511627907 0.0813953488372093 0.255813953488372
0.104477611940299 0.388059701492537 0.223880597014925 0.447761194029851 0.940298507462687 2.43283582089552 2.52238805970149 1.6865671641791 1.80597014925373 1.04477611940298 1.23880597014925 0.776119402985075 0.223880597014925 0.17910447761194 0 0.0298507462686567
0 0.261538461538462 0.4 1.10769230769231 1.26153846153846 2.33846153846154 2.66153846153846 2.27692307692308 2.63076923076923 1.01538461538462 0.769230769230769 0.338461538461538 0.415384615384615 0.461538461538462 0.246153846153846 0.0769230769230769
0.0125 0.1375 0.35 1.6375 2 3.1375 2.9125 3.1625 2.575 1.9125 1.2375 0.8375 0.5625 0.575 0.825 0.325
0.0120481927710843 0.0602409638554217 0.168674698795181 1.1566265060241 2.02409638554217 1.50602409638554 2.97590361445783 2.49397590361446 2.75903614457831 2.46987951807229 2.13253012048193 1.40963855421687 0.674698795180723 0.481927710843373 0.409638554216867 0.698795180722892
0.0151515151515152 0.166666666666667 0.0454545454545455 1.21212121212121 1.48484848484848 2.66666666666667 2.43939393939394 1.81818181818182 2.53030303030303 1.84848484848485 2.3030303030303 0.954545454545455 0.560606060606061 1.81818181818182 0.590909090909091 0.439393939393939
0.0192307692307692 0.0769230769230769 0.0769230769230769 0.346153846153846 0.769230769230769 1.13461538461538 1.28846153846154 0.75 0.942307692307692 1.15384615384615 1.09615384615385 1.46153846153846 0.596153846153846 0.307692307692308 0.230769230769231 0.230769230769231
0.02 0.1 0 0.08 0.28 0.4 0.72 0.44 0.66 0.66 1.46 1.66 3.4 1.06 0.78 1.02
0.0333333333333333 0.266666666666667 0.0666666666666667 0.133333333333333 0.0666666666666667 0.1 0.466666666666667 0.466666666666667 0.9 0.833333333333333 0.866666666666667 2.4 2.4 1.83333333333333 1.33333333333333 0.766666666666667
0 0 0.0555555555555556 0 0.222222222222222 0 0.222222222222222 0.111111111111111 0.444444444444444 0.166666666666667 1.27777777777778 1.55555555555556 0.611111111111111 2.22222222222222 3 0.5
0 0 0.0555555555555556 0.333333333333333 0.222222222222222 0.166666666666667 0 0.166666666666667 0.222222222222222 0.944444444444444 0.722222222222222 0.611111111111111 0.444444444444444 0.166666666666667 2.83333333333333 1.38888888888889
