1.78125 1.125 0.09375 0.03125 0.375 1.28125 0.9375 0.09375 0.03125 0.0625 0.375 1.1875 0.84375 0.3125 0 0.15625
0.245283018867925 17.1132075471698 0.377358490566038 0.207547169811321 0.452830188679245 1.09433962264151 1.14150943396226 0.358490566037736 0.207547169811321 0.188679245283019 0.424528301886792 0.575471698113208 0.358490566037736 0.10377358490566 0.0283018867924528 0.00943396226415094
0 0.984848484848485 18.9242424242424 0.909090909090909 0.363636363636364 0.515151515151515 1.39393939393939 1.04545454545455 0.515151515151515 0.303030303030303 0.196969696969697 0.0454545454545455 0.439393939393939 0.136363636363636 0.196969696969697 0.0757575757575758
0.0493827160493827 0.0123456790123457 0.851851851851852 3.19753086419753 2.61728395061728 2.88888888888889 4.39506172839506 3.14814814814815 3.96296296296296 2.2962962962963 1.7037037037037 0.555555555555556 0.148148148148148 0.185185185185185 0.209876543209877 0.197530864197531
0.0454545454545455 0.136363636363636 0.151515151515152 1.3030303030303 2.34848484848485 2.42424242424242 3.03030303030303 2.21212121212121 2.65151515151515 1.6969696969697 1.66666666666667 1.39393939393939 0.712121212121212 0.575757575757576 0.272727272727273 0.636363636363636
0.104651162790698 0.651162790697674 0.255813953488372 1.33720930232558 2.04651162790698 3.23255813953488 4.48837209302326 2.2093023255814 2.96511627906977 1.62790697674419 1.65116279069767 0.965116279069767 0.651162790697674 0.255813953488372 0.13953488372093 0.232558139534884
0.0746268656716418 0.373134328358209 0.26865671641791 0.865671641791045 1.34328358208955 2.32835820895522 2.6865671641791 2.1044776119403 2.40298507462687 1.64179104477612 1.02985074626866 0.73134328358209 0.208955223880597 0.17910447761194 0.0447761194029851 0.134328358208955
0 0.2 0.584615384615385 1.01538461538462 1.78461538461538 2.38461538461538 3.29230769230769 2.12307692307692 3.47692307692308 1.69230769230769 1.06153846153846 0.323076923076923 0.661538461538462 0.261538461538462 0.246153846153846 0.0615384615384615
0 0.1625 0.3375 1.7875 1.8875 2.7125 3.2 2.9875 3.1375 2.075 1.45 0.475 0.4875 0.375 0.4125 0.175
0.0240963855421687 0.204819277108434 0.180722891566265 1.1566265060241 1.86746987951807 1.66265060240964 2.40963855421687 2.31325301204819 2.37349397590361 2.3855421686747 1.81927710843373 1.48192771084337 0.650602409638554 0.55421686746988 0.385542168674699 0.626506024096386
0.0303030303030303 0.212121212121212 0.0454545454545455 1.16666666666667 1.25757575757576 2.21212121212121 2.15151515151515 1.45454545454545 1.96969696969697 1.31818181818182 2.89393939393939 0.742424242424242 0.666666666666667 1.78787878787879 0.318181818181818 0.257575757575758
0 0.134615384615385 0.115384615384615 0.25 0.519230769230769 0.826923076923077 0.903846153846154 0.5 0.903846153846154 1.11538461538462 1.71153846153846 1.78846153846154 1.26923076923077 0.538461538461538 0.346153846153846 0.5
0 0.2 0.14 0.1 0.34 0.34 0.64 0.82 0.74 0.96 1.88 1.58 3.22 1.18 0.92 0.64
0.0333333333333333 0.333333333333333 0.166666666666667 0.0666666666666667 0.1 0.1 0.5 0.466666666666667 0.633333333333333 0.9 0.9 1.63333333333333 2.46666666666667 1.86666666666667 1.46666666666667 0.966666666666667
0 0.0555555555555556 0 0.111111111111111 0.277777777777778 0 0.277777777777778 0.722222222222222 0.944444444444444 0.444444444444444 1.44444444444444 2.44444444444444 1.05555555555556 1.77777777777778 1.33333333333333 0.611111111111111
0 0 0.0555555555555556 0.277777777777778 0.111111111111111 0.166666666666667 0 0.111111111111111 0.111111111111111 0.722222222222222 0.611111111111111 0.555555555555556 0.5 0.166666666666667 3.27777777777778 1.05555555555556
