0.0625 0.0625 0.1875 0 0.96875 0.875 0.65625 0.21875 0.03125 0.15625 0.4375 0.59375 0.46875 0.1875 0 0.09375
0.0377358490566038 12.7924528301887 0.358490566037736 0.19811320754717 0.264150943396226 0.773584905660377 0.933962264150943 0.292452830188679 0.264150943396226 0.150943396226415 0.254716981132075 0.452830188679245 0.39622641509434 0.150943396226415 0.0283018867924528 0.10377358490566
0 1.03030303030303 20.3787878787879 0.833333333333333 0.409090909090909 0.575757575757576 1.33333333333333 1.07575757575758 0.560606060606061 0.318181818181818 0.166666666666667 0.0454545454545455 0.636363636363636 0.106060606060606 0.333333333333333 0.0454545454545455
0.111111111111111 0.0246913580246914 1.02469135802469 5.46913580246914 2.07407407407407 2.34567901234568 2.8641975308642 2.2716049382716 2.85185185185185 1.69135802469136 1.14814814814815 0.62962962962963 0.172839506172839 0.222222222222222 0.197530864197531 0.432098765432099
0.0303030303030303 0.181818181818182 0.181818181818182 1.10606060606061 2.96969696969697 2.72727272727273 3.31818181818182 1.74242424242424 2.57575757575758 1.84848484848485 1.66666666666667 0.848484848484849 0.515151515151515 0.333333333333333 0.106060606060606 0.303030303030303
0.162790697674419 1.01162790697674 0.127906976744186 1.24418604651163 2.25581395348837 3.48837209302326 4.7093023255814 2.24418604651163 2.69767441860465 1.52325581395349 1.34883720930233 1.45348837209302 0.813953488372093 0.290697674418605 0.209302325581395 0.372093023255814
0.0895522388059701 0.462686567164179 0.373134328358209 1.02985074626866 1.40298507462687 2.34328358208955 3.37313432835821 2.74626865671642 2.37313432835821 1.17910447761194 1.14925373134328 0.716417910447761 0.208955223880597 0.208955223880597 0.0447761194029851 0.0298507462686567
0 0.2 0.507692307692308 1.18461538461538 1.96923076923077 3.03076923076923 3.84615384615385 2.70769230769231 3.2 1.6 1.09230769230769 0.307692307692308 0.415384615384615 0.215384615384615 0.0923076923076923 0.0307692307692308
0 0.175 0.4 1.4375 1.9375 2.5875 2.5625 3.0125 2.8375 2.1 1.25 0.3875 0.45 0.3625 0.35 0.1875
0.0602409638554217 0.168674698795181 0.228915662650602 1.2289156626506 2.07228915662651 1.30120481927711 2.8433734939759 2.40963855421687 2.86746987951807 2.02409638554217 1.80722891566265 1.32530120481928 0.566265060240964 0.530120481927711 0.192771084337349 0.493975903614458
0.0909090909090909 0.227272727272727 0 0.378787878787879 1 0.666666666666667 1.71212121212121 0.696969696969697 1.31818181818182 0.757575757575758 1.63636363636364 1.07575757575758 0.363636363636364 0.439393939393939 0.409090909090909 0.227272727272727
0.0192307692307692 0.0769230769230769 0.153846153846154 0.173076923076923 0.346153846153846 0.596153846153846 0.846153846153846 0.653846153846154 0.692307692307692 0.557692307692308 1.51923076923077 1.76923076923077 1.21153846153846 0.615384615384615 0.346153846153846 0.230769230769231
0.02 0.06 0.08 0.22 0.32 0.46 0.92 1.22 1.04 1.04 1.32 1.88 3.62 1.34 0.92 0.72
0 0.3 0.0333333333333333 0.1 0.1 0.1 0.566666666666667 0.7 1.1 0.866666666666667 0.766666666666667 2.83333333333333 3.4 2.33333333333333 2.13333333333333 0.766666666666667
0 0 0 0.277777777777778 0 0 0.166666666666667 0.166666666666667 0.611111111111111 0.111111111111111 0.388888888888889 0.388888888888889 0.666666666666667 1.11111111111111 2.88888888888889 0.222222222222222
0 0 0.111111111111111 0 0 0.444444444444444 0 0 0 0.333333333333333 0.777777777777778 1.61111111111111 1.27777777777778 1.05555555555556 3.27777777777778 0.722222222222222
