0.65625 0.40625 0.1875 0.03125 1.03125 1.03125 1.09375 0.15625 0.03125 0.0625 0.59375 1.09375 0.71875 0.28125 0 0.09375
0.421686746987952 11.710843373494 0.590361445783133 0.228915662650602 0.590361445783133 1.01204819277108 1.09638554216867 0.289156626506024 0.180722891566265 0.240963855421687 0.421686746987952 0.397590361445783 0.337349397590361 0.0963855421686747 0 0.072289156626506
0 1.29213483146067 20.3033707865169 1.03370786516854 0.449438202247191 0.730337078651685 1.41573033707865 1.21348314606742 0.49438202247191 0.146067415730337 0.247191011235955 0.146067415730337 0.337078651685393 0.0449438202247191 0.213483146067416 0.0224719101123595
0.0246913580246914 0.0246913580246914 0.617283950617284 5.04938271604938 2.34567901234568 3.09876543209877 3.66666666666667 3.20987654320988 3.44444444444444 1.80246913580247 1.37037037037037 0.654320987654321 0.234567901234568 0.185185185185185 0.222222222222222 0.320987654320988
0.0151515151515152 0.106060606060606 0.0909090909090909 1.22727272727273 3.54545454545455 2.07575757575758 2.81818181818182 1.66666666666667 2.10606060606061 1.39393939393939 1.48484848484848 0.454545454545455 0.242424242424242 0.136363636363636 0.0303030303030303 0.136363636363636
0.104651162790698 0.686046511627907 0.302325581395349 1.43023255813953 2.2906976744186 3.82558139534884 3.68604651162791 2.7093023255814 3.15116279069767 1.76744186046512 1.93023255813953 1.01162790697674 0.709302325581395 0.22093023255814 0.162790697674419 0.267441860465116
0.0597014925373134 0.343283582089552 0.552238805970149 0.73134328358209 1.58208955223881 2.44776119402985 2.97014925373134 2.07462686567164 2.56716417910448 1.58208955223881 1.71641791044776 0.597014925373134 0.432835820895522 0.26865671641791 0.0149253731343284 0.0298507462686567
0 0.184615384615385 0.646153846153846 1.06153846153846 1.55384615384615 2.47692307692308 3.72307692307692 2.43076923076923 2.73846153846154 1.56923076923077 1.09230769230769 0.307692307692308 0.692307692307692 0.384615384615385 0.107692307692308 0.138461538461538
0 0.075 0.25 1.35 2.0125 2.7625 2.675 2.8125 2.425 1.9875 1.05 0.7 0.3875 0.5 0.425 0.2125
0.0120481927710843 0.180722891566265 0.204819277108434 1.01204819277108 1.93975903614458 1.20481927710843 2.92771084337349 2.24096385542169 2.25301204819277 1.91566265060241 1.8433734939759 1.20481927710843 0.963855421686747 0.771084337349398 0.542168674698795 0.843373493975904
0.0303030303030303 0.166666666666667 0.0151515151515152 0.757575757575758 1.77272727272727 2.21212121212121 2.46969696969697 1.6969696969697 2.34848484848485 1.51515151515152 2.24242424242424 1.01515151515152 0.303030303030303 1.66666666666667 0.272727272727273 0.878787878787879
0.0192307692307692 0.0384615384615385 0.0576923076923077 0.307692307692308 0.942307692307692 1.03846153846154 1.40384615384615 0.826923076923077 1.09615384615385 0.942307692307692 2.44230769230769 1.53846153846154 1.28846153846154 0.5 0.269230769230769 0.423076923076923
0 0.44 0 0.18 0.46 0.46 1.16 0.7 1.22 0.64 1.46 1.36 3.96 0.84 1.1 0.96
0.0666666666666667 0.133333333333333 0.233333333333333 0.166666666666667 0.266666666666667 0.333333333333333 0.666666666666667 1.13333333333333 0.933333333333333 1.66666666666667 1.03333333333333 1.66666666666667 2.8 2.2 1.76666666666667 0.733333333333333
0 0.0555555555555556 0 0.388888888888889 0 0.0555555555555556 0 0.666666666666667 0.388888888888889 0.777777777777778 0.833333333333333 2.72222222222222 1.66666666666667 1.66666666666667 4.16666666666667 0.833333333333333
0 0 0.0555555555555556 0 0.277777777777778 0.222222222222222 0.166666666666667 0.0555555555555556 0.166666666666667 0.333333333333333 1.05555555555556 1.38888888888889 1.33333333333333 1.05555555555556 3.83333333333333 2.83333333333333
