0.125 0.03125 0.125 0.03125 0.78125 1.21875 0.71875 0.09375 0.03125 0.1875 0.4375 0.96875 0.78125 0.21875 0 0.0625
0.226415094339623 12.9811320754717 0.575471698113208 0.273584905660377 0.292452830188679 0.915094339622642 0.962264150943396 0.292452830188679 0.19811320754717 0.179245283018868 0.30188679245283 0.528301886792453 0.509433962264151 0.113207547169811 0.0377358490566038 0
0 0.712121212121212 17.3333333333333 1.27272727272727 0.5 0.560606060606061 1.56060606060606 1.06060606060606 0.712121212121212 0.439393939393939 0.242424242424242 0.0757575757575758 0.348484848484849 0.0909090909090909 0.212121212121212 0.0909090909090909
0.037037037037037 0 0.333333333333333 4.18518518518519 3.01234567901235 3.09876543209877 3.59259259259259 3.37037037037037 3.18518518518519 1.8641975308642 1.46913580246914 0.530864197530864 0.283950617283951 0.197530864197531 0.246913580246914 0.296296296296296
0.0606060606060606 0.227272727272727 0.151515151515152 1.37878787878788 3.10606060606061 2.87878787878788 4 2.51515151515152 2.10606060606061 1.87878787878788 2.07575757575758 0.696969696969697 0.53030303030303 0.196969696969697 0.106060606060606 0.393939393939394
0.13953488372093 0.604651162790698 0.209302325581395 1.43023255813953 2.68604651162791 3.83720930232558 4.67441860465116 2.93023255813953 3.56976744186047 1.65116279069767 1.77906976744186 1.11627906976744 0.686046511627907 0.127906976744186 0.162790697674419 0.255813953488372
0.0298507462686567 0.373134328358209 0.373134328358209 0.925373134328358 1.59701492537313 2.16417910447761 3 1.8955223880597 2.19402985074627 1.17910447761194 1.17910447761194 0.73134328358209 0.238805970149254 0.17910447761194 0.104477611940299 0.119402985074627
0 0.384615384615385 0.369230769230769 0.984615384615385 1.58461538461538 2.35384615384615 3.4 2.15384615384615 2.66153846153846 1.27692307692308 1.10769230769231 0.323076923076923 0.446153846153846 0.2 0.0153846153846154 0.0615384615384615
0.0375 0.1125 0.2125 1.375 2.1125 2.425 2.875 2.475 2.5875 1.8625 1.175 0.4375 0.3875 0.3375 0.5625 0.175
0.036144578313253 0.168674698795181 0.397590361445783 0.843373493975904 1.26506024096386 1.09638554216867 2.10843373493976 1.7710843373494 2.26506024096386 1.51807228915663 1.51807228915663 1.07228915662651 0.542168674698795 0.614457831325301 0.518072289156627 0.530120481927711
0.0303030303030303 0.196969696969697 0.0151515151515152 0.590909090909091 1.07575757575758 1.54545454545455 1.83333333333333 1.25757575757576 1.74242424242424 1.45454545454545 2.28787878787879 1.40909090909091 0.560606060606061 1.1969696969697 0.575757575757576 1.36363636363636
0.0192307692307692 0.0769230769230769 0.115384615384615 0.384615384615385 0.961538461538462 1.17307692307692 1 1 1.15384615384615 1.17307692307692 1.13461538461538 1.69230769230769 0.826923076923077 0.384615384615385 0.173076923076923 0.5
0 0.4 0.08 0.08 0.56 0.26 0.86 0.98 0.78 0.9 1.82 1.44 2.4 1.14 0.66 0.66
0 0.2 0.133333333333333 0.0333333333333333 0.133333333333333 0 0.2 0.4 0.8 0.466666666666667 0.4 1.56666666666667 2.3 1.56666666666667 1.96666666666667 0.566666666666667
0 0 0 0 0 0 0.111111111111111 0.166666666666667 0.277777777777778 0.222222222222222 0.388888888888889 2 1.77777777777778 1.38888888888889 1.61111111111111 1
0 0 0.222222222222222 0 0.277777777777778 0.444444444444444 0.0555555555555556 0.0555555555555556 0.111111111111111 0.888888888888889 2.11111111111111 2.55555555555556 2.11111111111111 1.27777777777778 2.77777777777778 2.38888888888889
