0 0.0625 0.03125 0 0.65625 1 0.5625 0.03125 0.03125 0.15625 0.25 0.78125 0.625 0.15625 0 0.0625
0.144578313253012 11.7349397590361 0.734939759036145 0.120481927710843 0.349397590361446 1.09638554216867 1.02409638554217 0.27710843373494 0.240963855421687 0.192771084337349 0.385542168674699 0.55421686746988 0.542168674698795 0.120481927710843 0.0120481927710843 0.0240963855421687
0 0.460674157303371 16.4606741573034 1.0561797752809 0.573033707865168 0.629213483146067 1.33707865168539 1.04494382022472 0.629213483146067 0.48314606741573 0.224719101123595 0.235955056179775 0.370786516853933 0.0337078651685393 0.202247191011236 0.0449438202247191
0.0493827160493827 0.0246913580246914 1.7037037037037 5.28395061728395 1.90123456790123 2.23456790123457 2.5679012345679 2.32098765432099 2.46913580246914 1.37037037037037 0.925925925925926 0.975308641975309 0.419753086419753 0.345679012345679 0.407407407407407 0.666666666666667
0.0606060606060606 0.196969696969697 0.151515151515152 1.1969696969697 2.6969696969697 2.18181818181818 2.86363636363636 1.24242424242424 2.18181818181818 1.46969696969697 1.60606060606061 0.636363636363636 0.333333333333333 0.196969696969697 0.0151515151515152 0.0909090909090909
0.0813953488372093 0.895348837209302 0.197674418604651 1.09302325581395 1.94186046511628 3.27906976744186 3.5 1.97674418604651 2.32558139534884 1.6046511627907 1.1046511627907 1.40697674418605 1.04651162790698 0.22093023255814 0.267441860465116 0.290697674418605
0.0149253731343284 0.283582089552239 0.522388059701492 0.716417910447761 1.1044776119403 1.56716417910448 2.62686567164179 1.67164179104478 2 0.91044776119403 0.91044776119403 0.656716417910448 0.522388059701492 0.119402985074627 0 0.0149253731343284
0 0.169230769230769 0.507692307692308 1.35384615384615 2.13846153846154 2.64615384615385 3.67692307692308 2.73846153846154 3.66153846153846 1.63076923076923 1.09230769230769 0.584615384615385 0.907692307692308 0.430769230769231 0.230769230769231 0.184615384615385
0 0.075 0.3 1.4625 1.875 2.35 2.4125 2.5625 2.8125 1.7625 1.0375 0.5125 0.4 0.3125 0.375 0.1875
0.0240963855421687 0.036144578313253 0.313253012048193 1.10843373493976 1.60240963855422 1.36144578313253 2.74698795180723 2.08433734939759 2.50602409638554 2.16867469879518 1.71084337349398 1.3855421686747 0.710843373493976 0.481927710843373 0.506024096385542 0.626506024096386
0 0.227272727272727 0.0303030303030303 0.454545454545455 0.954545454545455 1.1969696969697 1.59090909090909 0.939393939393939 1.57575757575758 1.21212121212121 2.15151515151515 1.27272727272727 0.333333333333333 1.06060606060606 0.363636363636364 1.1969696969697
0.0384615384615385 0.0576923076923077 0.0576923076923077 0.384615384615385 0.923076923076923 1.07692307692308 1.25 0.961538461538462 1.07692307692308 1.36538461538462 1.01923076923077 1.82692307692308 0.961538461538462 0.692307692307692 0.403846153846154 0.461538461538462
0 0.1 0.14 0.1 0.38 0.34 0.7 0.62 0.8 0.42 0.92 1.56 4.26 1 0.78 0.62
0 0 0.166666666666667 0.0333333333333333 0.166666666666667 0.266666666666667 0.233333333333333 0.5 0.666666666666667 1.1 1.03333333333333 0.933333333333333 2.26666666666667 0.733333333333333 1.13333333333333 0.133333333333333
0 0 0 0.277777777777778 0.111111111111111 0.0555555555555556 0.111111111111111 0.388888888888889 0.444444444444444 0.555555555555556 0.5 2.38888888888889 1.27777777777778 1.16666666666667 1.44444444444444 0.666666666666667
0 0 0 0.222222222222222 0.277777777777778 0 0.222222222222222 0.222222222222222 0.222222222222222 0.722222222222222 0.777777777777778 0.944444444444444 1.11111111111111 0.833333333333333 2.88888888888889 3.16666666666667
