0.65625 0.40625 0.09375 0.03125 0.84375 0.96875 0.75 0.09375 0.03125 0.25 0.40625 1.1875 0.46875 0.25 0 0.09375
0.292452830188679 11.6792452830189 0.113207547169811 0.188679245283019 0.424528301886792 1.12264150943396 1.02830188679245 0.330188679245283 0.160377358490566 0.169811320754717 0.415094339622642 0.566037735849057 0.632075471698113 0.132075471698113 0.0471698113207547 0.0754716981132075
0 0.696969696969697 19.4848484848485 1.98484848484848 0.378787878787879 0.439393939393939 1.60606060606061 1.12121212121212 0.651515151515151 0.333333333333333 0.348484848484849 0.0757575757575758 0.409090909090909 0.0909090909090909 0.151515151515152 0.151515151515152
0.0987654320987654 0.0246913580246914 0.827160493827161 3.62962962962963 2.06172839506173 1.91358024691358 2.32098765432099 2.12345679012346 2.37037037037037 1.38271604938272 0.975308641975309 0.518518518518518 0.234567901234568 0.172839506172839 0.185185185185185 0.271604938271605
0.0757575757575758 0.136363636363636 0.121212121212121 1.06060606060606 2.66666666666667 2.34848484848485 2.72727272727273 2.33333333333333 2.06060606060606 1.86363636363636 1.59090909090909 0.166666666666667 0.227272727272727 0.0303030303030303 0.0303030303030303 0.106060606060606
0.116279069767442 0.767441860465116 0.395348837209302 1.54651162790698 2.55813953488372 4.66279069767442 4.46511627906977 2.93023255813953 3.80232558139535 1.63953488372093 1.96511627906977 0.790697674418605 0.430232558139535 0.209302325581395 0.104651162790698 0.174418604651163
0.104477611940299 0.388059701492537 0.447761194029851 0.567164179104478 1.13432835820896 2.08955223880597 2.6865671641791 1.46268656716418 2.56716417910448 1.26865671641791 1.46268656716418 0.701492537313433 0.313432835820896 0.149253731343284 0.0447761194029851 0.0298507462686567
0 0.215384615384615 0.4 1.33846153846154 1.70769230769231 2.52307692307692 3.50769230769231 2.64615384615385 2.93846153846154 1.36923076923077 0.876923076923077 0.430769230769231 0.661538461538462 0.553846153846154 0.261538461538462 0.123076923076923
0.0125 0.175 0.325 1.6125 1.9625 3.025 3.075 2.75 3.4875 2.1625 1.3 0.7 0.55 0.4375 0.5375 0.2125
0.0120481927710843 0.27710843373494 0.265060240963855 1.50602409638554 2.27710843373494 2.31325301204819 3.46987951807229 2.60240963855422 3.12048192771084 2.60240963855422 1.66265060240964 1.26506024096386 0.566265060240964 0.481927710843373 0.289156626506024 0.493975903614458
0.0151515151515152 0.181818181818182 0.0303030303030303 0.636363636363636 1.65151515151515 1.96969696969697 2.18181818181818 1.78787878787879 1.63636363636364 1.68181818181818 2.96969696969697 1.06060606060606 0.454545454545455 0.439393939393939 0.303030303030303 0.378787878787879
0 0.0769230769230769 0.153846153846154 0.211538461538462 0.480769230769231 0.846153846153846 1.07692307692308 0.615384615384615 0.653846153846154 0.730769230769231 1.30769230769231 1.36538461538462 0.942307692307692 0.346153846153846 0.25 0.5
0 0.32 0.14 0.26 0.46 0.58 0.84 1.1 1.1 1 1.34 2.24 4.28 1.72 0.98 0.8
0 0.266666666666667 0.0666666666666667 0.333333333333333 0.333333333333333 0.433333333333333 0.966666666666667 1.3 1.2 1.06666666666667 0.466666666666667 1.4 1.33333333333333 1.76666666666667 1.2 0.5
0 0 0 0.111111111111111 0.222222222222222 0 0.111111111111111 0 0.333333333333333 0.5 0.611111111111111 1.16666666666667 0.833333333333333 0.833333333333333 2.33333333333333 0.666666666666667
0 0 0.166666666666667 0.111111111111111 0.333333333333333 0.333333333333333 0.0555555555555556 0.111111111111111 0.111111111111111 0.944444444444444 1.77777777777778 1.88888888888889 1.44444444444444 0.888888888888889 2.88888888888889 2.5
