0.125 0.0625 0.25 0 1.125 0.84375 1.21875 0.15625 0 0.1875 0.375 0.65625 0.75 0.25 0 0
0.36144578313253 11.8072289156626 1.26506024096386 0.240963855421687 0.409638554216867 1.33734939759036 1.28915662650602 0.530120481927711 0.120481927710843 0.216867469879518 0.409638554216867 0.506024096385542 0.373493975903614 0.27710843373494 0.0240963855421687 0.0481927710843374
0 0.179775280898876 19.8539325842697 1.39325842696629 0.382022471910112 0.50561797752809 1.47191011235955 0.932584269662921 0.539325842696629 0.224719101123595 0.202247191011236 0.123595505617978 0.415730337078652 0.0561797752808989 0.179775280898876 0.0561797752808989
0.0740740740740741 0.0246913580246914 0.839506172839506 6.07407407407407 2.08641975308642 2.4320987654321 3.17283950617284 2.5679012345679 2.7037037037037 1.49382716049383 1.23456790123457 0.197530864197531 0.111111111111111 0.148148148148148 0.0864197530864197 0.172839506172839
0.0909090909090909 0.106060606060606 0.166666666666667 0.848484848484849 2.71212121212121 2.34848484848485 3.03030303030303 1.83333333333333 2.10606060606061 1.87878787878788 1.59090909090909 0.409090909090909 0.242424242424242 0.151515151515152 0.0151515151515152 0.166666666666667
0.13953488372093 0.581395348837209 0.232558139534884 1.26744186046512 2.30232558139535 3.82558139534884 4.3953488372093 2.58139534883721 2.63953488372093 1.69767441860465 1.74418604651163 0.837209302325581 0.337209302325581 0.127906976744186 0.116279069767442 0.162790697674419
0.134328358208955 0.447761194029851 0.26865671641791 0.432835820895522 1.13432835820896 1.70149253731343 2.32835820895522 1.92537313432836 1.6865671641791 0.73134328358209 0.73134328358209 0.537313432835821 0.388059701492537 0.194029850746269 0.0298507462686567 0.0746268656716418
0 0.0923076923076923 0.476923076923077 1.07692307692308 1.47692307692308 2.44615384615385 3 2.44615384615385 2.72307692307692 1.21538461538462 0.769230769230769 0.523076923076923 0.461538461538462 0.292307692307692 0.169230769230769 0.0615384615384615
0 0.125 0.4625 1.675 2.0375 3.2625 3.3625 3.3375 3.3875 2.2875 1.45 0.3875 0.525 0.225 0.4125 0.1625
0.0602409638554217 0.108433734939759 0.240963855421687 0.91566265060241 1.55421686746988 1.55421686746988 2.20481927710843 2.12048192771084 2.75903614457831 1.80722891566265 2.02409638554217 1.60240963855422 0.91566265060241 0.746987951807229 0.566265060240964 0.746987951807229
0.0303030303030303 0.181818181818182 0.0454545454545455 0.863636363636364 1.22727272727273 1.6969696969697 1.72727272727273 1.43939393939394 1.8030303030303 1.34848484848485 2.21212121212121 1.12121212121212 0.575757575757576 0.575757575757576 0.454545454545455 0.409090909090909
0.0384615384615385 0.0769230769230769 0.230769230769231 0.134615384615385 0.326923076923077 0.576923076923077 0.75 0.653846153846154 0.346153846153846 0.730769230769231 1.96153846153846 1.73076923076923 1.42307692307692 0.634615384615385 0.461538461538462 0.596153846153846
0 0.22 0 0.06 0.16 0.26 0.88 0.66 0.72 0.66 1.14 2.2 3.08 1.44 1.24 1.1
0 0.166666666666667 0.133333333333333 0.0666666666666667 0.166666666666667 0 0.466666666666667 0.466666666666667 0.566666666666667 0.366666666666667 0.0333333333333333 1.1 1.4 1.16666666666667 1.6 0.3
0 0 0 0.555555555555556 0.222222222222222 0.111111111111111 0.222222222222222 0.444444444444444 0.833333333333333 0.777777777777778 0.722222222222222 2.11111111111111 1.05555555555556 1.83333333333333 1.05555555555556 0.611111111111111
0 0 0.111111111111111 0.111111111111111 0.111111111111111 0.277777777777778 0.277777777777778 0.111111111111111 0.277777777777778 0.888888888888889 1.27777777777778 1.55555555555556 1.38888888888889 0.833333333333333 2.16666666666667 1.66666666666667
