0.59375 0.375 0.125 0.03125 0.8125 0.8125 0.71875 0.0625 0 0.0625 0.28125 0.65625 0.40625 0.125 0 0.0625
0.245283018867925 12.7358490566038 0.226415094339623 0.245283018867925 0.660377358490566 0.905660377358491 1.24528301886792 0.405660377358491 0.216981132075472 0.188679245283019 0.433962264150943 0.481132075471698 0.39622641509434 0.141509433962264 0.0377358490566038 0.0377358490566038
0 0.772727272727273 19.8484848484848 1.15151515151515 0.833333333333333 1.16666666666667 1.54545454545455 1.3030303030303 0.575757575757576 0.393939393939394 0.287878787878788 0.0909090909090909 0.257575757575758 0.0757575757575758 0.0303030303030303 0
0.0864197530864197 0.0123456790123457 0.222222222222222 4.4320987654321 1.92592592592593 2.61728395061728 3.17283950617284 2.44444444444444 3.2962962962963 1.96296296296296 1.30864197530864 0.740740740740741 0.246913580246914 0.222222222222222 0.246913580246914 0.333333333333333
0.0757575757575758 0.196969696969697 0.0909090909090909 1.34848484848485 2.3030303030303 2.45454545454545 3.77272727272727 2.13636363636364 2.53030303030303 2.21212121212121 1.66666666666667 0.46969696969697 0.454545454545455 0.166666666666667 0.0606060606060606 0.257575757575758
0.13953488372093 0.895348837209302 0.372093023255814 1.62790697674419 2.77906976744186 4.09302325581395 4.38372093023256 2.56976744186047 3.56976744186047 1.76744186046512 2.15116279069767 1.1046511627907 0.593023255813954 0.162790697674419 0.13953488372093 0.244186046511628
0.0746268656716418 0.373134328358209 0.253731343283582 0.656716417910448 0.716417910447761 2 2.7910447761194 1.62686567164179 2.02985074626866 0.880597014925373 1.19402985074627 0.776119402985075 0.388059701492537 0.238805970149254 0.0298507462686567 0.0447761194029851
0 0.292307692307692 0.353846153846154 0.892307692307692 1.38461538461538 1.78461538461538 3.12307692307692 1.83076923076923 2.47692307692308 0.969230769230769 0.784615384615385 0.215384615384615 0.384615384615385 0.184615384615385 0.215384615384615 0.0769230769230769
0.0125 0.125 0.35 1.7 2.1375 2.55 3.05 2.8375 3.0875 1.9 1.325 0.525 0.4125 0.3 0.25 0.15
0.0240963855421687 0.144578313253012 0.204819277108434 1.43373493975904 2.30120481927711 1.8433734939759 3.44578313253012 2.68674698795181 3.32530120481928 2.3855421686747 1.81927710843373 1.02409638554217 0.590361445783133 0.457831325301205 0.36144578313253 0.337349397590361
0.0303030303030303 0.166666666666667 0.0151515151515152 0.651515151515151 1.27272727272727 1.3030303030303 1.66666666666667 1.27272727272727 1.86363636363636 1.56060606060606 2.74242424242424 0.833333333333333 0.242424242424242 2.1969696969697 0.212121212121212 0.318181818181818
0.0576923076923077 0.0384615384615385 0.115384615384615 0.326923076923077 0.5 1 0.961538461538462 0.730769230769231 1.11538461538462 0.903846153846154 1.48076923076923 1.38461538461538 0.403846153846154 0.211538461538462 0.192307692307692 0.115384615384615
0 0.26 0.08 0.06 0.28 0.46 0.98 0.7 0.86 0.98 1.5 2.2 3.6 1.72 1.42 1.36
0 0.0333333333333333 0.133333333333333 0.1 0.533333333333333 0.166666666666667 0.4 0.266666666666667 0.4 0.966666666666667 0.966666666666667 0.466666666666667 0.833333333333333 0.633333333333333 1.16666666666667 0.0333333333333333
0 0.0555555555555556 0.0555555555555556 0.111111111111111 0 0 0 0.388888888888889 0.555555555555556 0.277777777777778 0.611111111111111 1.83333333333333 1.11111111111111 0.833333333333333 1.16666666666667 0.611111111111111
0 0 0 0.222222222222222 0.277777777777778 0.111111111111111 0.111111111111111 0.222222222222222 0.166666666666667 0.722222222222222 0.722222222222222 0.833333333333333 0.833333333333333 0.944444444444444 3.05555555555556 3
