0.59375 0.4375 0 0.03125 1.28125 0.9375 0.53125 0.0625 0 0.15625 0.5 0.21875 0.625 0 0 0
0.180722891566265 8.91566265060241 1 0.180722891566265 0.421686746987952 0.783132530120482 1.14457831325301 0.27710843373494 0.132530120481928 0.192771084337349 0.289156626506024 0.590361445783133 0.614457831325301 0.144578313253012 0.0120481927710843 0.0120481927710843
0 0.449438202247191 21.5280898876404 1.04494382022472 0.730337078651685 0.910112359550562 1.34831460674157 1.14606741573034 0.550561797752809 0.325842696629214 0.224719101123595 0.112359550561798 0.370786516853933 0.0674157303370786 0.0898876404494382 0.0224719101123595
0.0987654320987654 0.0246913580246914 0.567901234567901 3.51851851851852 2.06172839506173 2.38271604938272 3.34567901234568 2.77777777777778 2.82716049382716 1.8641975308642 1.02469135802469 0.62962962962963 0.222222222222222 0.222222222222222 0.148148148148148 0.308641975308642
0.0909090909090909 0.181818181818182 0.136363636363636 1.92424242424242 3.42424242424242 2.78787878787879 3.5 2.16666666666667 2.71212121212121 2.10606060606061 1.96969696969697 0.954545454545455 0.621212121212121 0.196969696969697 0.151515151515152 0.454545454545455
0.186046511627907 0.720930232558139 0.313953488372093 1.62790697674419 2.66279069767442 4.09302325581395 3.77906976744186 2.62790697674419 3.13953488372093 2.26744186046512 1.84883720930233 1.69767441860465 1.09302325581395 0.430232558139535 0.302325581395349 0.5
0.0597014925373134 0.358208955223881 0.432835820895522 0.746268656716418 1.34328358208955 2.3134328358209 2.50746268656716 1.74626865671642 2.64179104477612 1.40298507462687 1.76119402985075 0.746268656716418 0.298507462686567 0.17910447761194 0.0149253731343284 0.0597014925373134
0 0.153846153846154 0.430769230769231 0.876923076923077 1.67692307692308 1.98461538461538 2.8 1.89230769230769 2.38461538461538 1.32307692307692 0.784615384615385 0.261538461538462 0.692307692307692 0.507692307692308 0.307692307692308 0.107692307692308
0.025 0.1375 0.1625 1.425 1.6875 2.0375 2.125 2.3875 2.4375 1.725 0.7625 0.2375 0.375 0.225 0.5 0.125
0.0120481927710843 0.156626506024096 0.313253012048193 1.20481927710843 1.71084337349398 1.49397590361446 3.20481927710843 2.28915662650602 2.59036144578313 2.2289156626506 1.67469879518072 1.44578313253012 0.734939759036145 0.542168674698795 0.542168674698795 0.686746987951807
0.0303030303030303 0.196969696969697 0.0303030303030303 0.287878787878788 1.65151515151515 0.954545454545455 2.03030303030303 1.77272727272727 1.48484848484848 1.66666666666667 2.92424242424242 1.42424242424242 0.484848484848485 0.636363636363636 0.424242424242424 1.39393939393939
0.0192307692307692 0.0769230769230769 0.115384615384615 0.192307692307692 0.596153846153846 0.769230769230769 0.788461538461538 0.711538461538462 0.711538461538462 0.942307692307692 1.57692307692308 1.82692307692308 1.38461538461538 0.615384615384615 0.230769230769231 0.557692307692308
0.02 0.14 0.1 0.36 0.66 0.92 1.18 1.52 0.84 0.36 0.98 1.66 4.2 0.86 0.6 0.6
0 0.366666666666667 0.0666666666666667 0.2 0.2 0.3 0.7 0.8 0.833333333333333 1.13333333333333 0.7 1.8 1.93333333333333 2.03333333333333 1.8 0.466666666666667
0 0.0555555555555556 0 0.333333333333333 0.111111111111111 0.0555555555555556 0.166666666666667 0.388888888888889 0.666666666666667 0.388888888888889 0.833333333333333 1.66666666666667 0.666666666666667 0.944444444444444 0.611111111111111 0.388888888888889
0 0 0.111111111111111 0.111111111111111 0.277777777777778 0.277777777777778 0 0.0555555555555556 0.166666666666667 0.555555555555556 1.11111111111111 0.944444444444444 0.666666666666667 0.277777777777778 2.83333333333333 1.38888888888889
