0 0.09375 0.09375 0 0.65625 1.1875 0.96875 0.03125 0 0 0.3125 0.65625 0.84375 0.1875 0 0.03125
0.0377358490566038 9.66037735849057 0.320754716981132 0.10377358490566 0.471698113207547 1.0188679245283 0.981132075471698 0.207547169811321 0.188679245283019 0.245283018867925 0.339622641509434 0.424528301886792 0.377358490566038 0.122641509433962 0 0.0471698113207547
0 1.25757575757576 16.6212121212121 1.01515151515152 0.53030303030303 0.666666666666667 1.53030303030303 0.909090909090909 0.621212121212121 0.272727272727273 0.196969696969697 0.196969696969697 0.272727272727273 0.0454545454545455 0.136363636363636 0.0151515151515152
0.0864197530864197 0.037037037037037 0.271604938271605 5.7037037037037 2.16049382716049 2.88888888888889 3.40740740740741 2.7037037037037 3.20987654320988 1.69135802469136 1.24691358024691 0.864197530864197 0.333333333333333 0.320987654320988 0.345679012345679 0.54320987654321
0.0606060606060606 0.287878787878788 0.166666666666667 0.833333333333333 2.6969696969697 2.46969696969697 3.09090909090909 2.18181818181818 2.03030303030303 1.51515151515152 1.84848484848485 1.12121212121212 0.681818181818182 0.439393939393939 0.151515151515152 0.409090909090909
0.116279069767442 0.558139534883721 0.22093023255814 1.91860465116279 2.93023255813953 4.45348837209302 5 3.25581395348837 3.67441860465116 2.23255813953488 2.23255813953488 1 0.337209302325581 0.22093023255814 0.151162790697674 0.27906976744186
0.0597014925373134 0.343283582089552 0.522388059701492 0.925373134328358 2.01492537313433 2.92537313432836 3.05970149253731 2.40298507462687 3.23880597014925 1.77611940298507 1.91044776119403 0.791044776119403 0.537313432835821 0.208955223880597 0.104477611940299 0.0895522388059701
0 0.246153846153846 0.461538461538462 0.784615384615385 1.06153846153846 1.6 3.2 2.09230769230769 2.55384615384615 1.03076923076923 0.8 0.230769230769231 0.707692307692308 0.446153846153846 0.184615384615385 0.184615384615385
0.025 0.2 0.425 1.225 1.8875 2.7125 2.425 2.6125 2.575 2.325 1.2375 0.6375 0.45 0.4375 0.5 0.25
0.0120481927710843 0.0843373493975904 0.132530120481928 0.91566265060241 1.42168674698795 1.13253012048193 2.46987951807229 1.87951807228916 2.48192771084337 1.90361445783133 1.65060240963855 1.28915662650602 0.771084337349398 0.457831325301205 0.493975903614458 0.698795180722892
0.0151515151515152 0.212121212121212 0.0151515151515152 0.651515151515151 1.24242424242424 1.74242424242424 1.83333333333333 1.21212121212121 1.78787878787879 1.27272727272727 2.5 0.787878787878788 0.484848484848485 0.924242424242424 0.378787878787879 0.348484848484849
0.0384615384615385 0.0576923076923077 0.0384615384615385 0.211538461538462 0.615384615384615 0.826923076923077 1.07692307692308 0.711538461538462 1.07692307692308 0.788461538461538 2.26923076923077 1.82692307692308 1.36538461538462 0.673076923076923 0.423076923076923 0.5
0 0.32 0.04 0.14 0.32 0.46 0.94 0.8 1.18 0.5 1.1 2.02 3.44 1.42 1.24 0.84
0 0.333333333333333 0.0666666666666667 0.0333333333333333 0.166666666666667 0.1 0.733333333333333 0.633333333333333 0.733333333333333 0.733333333333333 0.4 1.36666666666667 2 1.63333333333333 0.833333333333333 0.4
0 0 0.111111111111111 0.111111111111111 0 0 0.166666666666667 0.333333333333333 0.5 0.166666666666667 0.777777777777778 2.61111111111111 0.833333333333333 0.944444444444444 3.05555555555556 0.777777777777778
0 0 0.0555555555555556 0.111111111111111 0.222222222222222 0.166666666666667 0.222222222222222 0.0555555555555556 0.388888888888889 0.444444444444444 0.777777777777778 1 0.722222222222222 0.444444444444444 2.94444444444444 1.27777777777778
