0.65625 0.4375 0.0625 0 1.3125 1.03125 0.75 0.09375 0.0625 0.3125 0.5625 1.125 0.75 0.25 0 0.15625
0.313253012048193 9.79518072289157 1.3855421686747 0.0481927710843374 0.373493975903614 0.807228915662651 0.975903614457831 0.240963855421687 0.168674698795181 0.072289156626506 0.337349397590361 0.590361445783133 0.72289156626506 0.204819277108434 0.0120481927710843 0.0843373493975904
0 0.696629213483146 19.9550561797753 1.58426966292135 0.247191011235955 0.404494382022472 1.1685393258427 1.10112359550562 0.606741573033708 0.280898876404494 0.269662921348315 0.112359550561798 0.325842696629214 0.0449438202247191 0.157303370786517 0.123595505617978
0 0.0123456790123457 0.530864197530864 4.75308641975309 2.54320987654321 3.20987654320988 4.01234567901235 3.34567901234568 3.85185185185185 2.02469135802469 1.48148148148148 0.518518518518518 0.296296296296296 0.222222222222222 0.197530864197531 0.197530864197531
0.0909090909090909 0.121212121212121 0.0606060606060606 1.15151515151515 2.42424242424242 2.21212121212121 3.1969696969697 1.83333333333333 2.57575757575758 1.33333333333333 1.6969696969697 1.09090909090909 0.515151515151515 0.363636363636364 0.181818181818182 0.333333333333333
0.151162790697674 0.790697674418605 0.22093023255814 1.27906976744186 2.26744186046512 3.77906976744186 4.51162790697674 2.17441860465116 2.93023255813953 1.65116279069767 1.74418604651163 1.2093023255814 0.790697674418605 0.267441860465116 0.209302325581395 0.232558139534884
0.0149253731343284 0.358208955223881 0.582089552238806 1.04477611940298 1.59701492537313 2.3134328358209 3.49253731343284 1.82089552238806 2.52238805970149 1.32835820895522 1.28358208955224 0.641791044776119 0.447761194029851 0.149253731343284 0.0597014925373134 0.0895522388059701
0 0.0923076923076923 0.476923076923077 0.707692307692308 0.830769230769231 1.4 2.29230769230769 1.72307692307692 2.4 0.830769230769231 0.553846153846154 0.676923076923077 0.923076923076923 0.630769230769231 0.430769230769231 0.261538461538462
0 0.15 0.4875 1.6625 2.0875 2.575 3.05 2.4625 2.9375 2.1875 1.225 0.95 0.7 0.575 0.6125 0.2875
0.036144578313253 0.156626506024096 0.313253012048193 1.36144578313253 2.21686746987952 1.93975903614458 3.68674698795181 2.43373493975904 3.08433734939759 2.28915662650602 1.81927710843373 1.46987951807229 0.891566265060241 0.686746987951807 0.325301204819277 0.783132530120482
0.0303030303030303 0.0909090909090909 0.0454545454545455 0.863636363636364 1.15151515151515 1.78787878787879 2.18181818181818 1.66666666666667 2.12121212121212 2.06060606060606 3.22727272727273 1.13636363636364 0.545454545454545 0.545454545454545 0.424242424242424 1.37878787878788
0.0384615384615385 0.0192307692307692 0.115384615384615 0.153846153846154 0.423076923076923 0.615384615384615 0.903846153846154 0.519230769230769 0.788461538461538 1.03846153846154 0.903846153846154 2.11538461538462 1.84615384615385 0.711538461538462 0.711538461538462 0.961538461538462
0 0.22 0 0.02 0.16 0.36 0.9 0.36 0.94 0.24 0.76 1.38 4.48 0.74 0.8 0.94
0 0.166666666666667 0.3 0.0666666666666667 0.2 0.2 0.4 1.06666666666667 0.6 0.933333333333333 0.866666666666667 1.36666666666667 1.43333333333333 1.2 1.3 0.166666666666667
0 0 0.0555555555555556 0.166666666666667 0.222222222222222 0 0.222222222222222 0.111111111111111 0.555555555555556 0.333333333333333 0.277777777777778 1.11111111111111 0.388888888888889 1.11111111111111 2.33333333333333 1.11111111111111
0 0 0.0555555555555556 0.222222222222222 0.222222222222222 0.111111111111111 0.0555555555555556 0.222222222222222 0.166666666666667 0.833333333333333 0.777777777777778 0.833333333333333 0.611111111111111 0.444444444444444 2.05555555555556 1.55555555555556
