0.59375 0.40625 0.0625 0.09375 0.75 0.9375 0.75 0.03125 0 0.1875 0.375 0.34375 0.5625 0.0625 0 0.0625
0.188679245283019 15.2735849056604 0.169811320754717 0.254716981132075 0.443396226415094 1.00943396226415 0.962264150943396 0.424528301886792 0.122641509433962 0.141509433962264 0.254716981132075 0.415094339622642 0.443396226415094 0.160377358490566 0.0377358490566038 0.00943396226415094
0 1.34848484848485 22.4545454545455 1.21212121212121 0.863636363636364 0.863636363636364 1.74242424242424 0.909090909090909 0.833333333333333 0.393939393939394 0.272727272727273 0.136363636363636 0.257575757575758 0.151515151515152 0.181818181818182 0.0606060606060606
0.037037037037037 0 0.45679012345679 3.79012345679012 2.69135802469136 2.8641975308642 3.76543209876543 3.14814814814815 3.51851851851852 1.81481481481481 1.34567901234568 0.555555555555556 0.259259259259259 0.135802469135802 0.135802469135802 0.172839506172839
0.0606060606060606 0.272727272727273 0.136363636363636 0.863636363636364 2.28787878787879 2.53030303030303 3.36363636363636 1.62121212121212 1.84848484848485 1.46969696969697 1.65151515151515 0.727272727272727 0.53030303030303 0.257575757575758 0.0757575757575758 0.242424242424242
0.116279069767442 0.895348837209302 0.162790697674419 1.45348837209302 2.48837209302326 3.88372093023256 3.76744186046512 2.58139534883721 3.23255813953488 2.01162790697674 1.56976744186047 1.7093023255814 0.965116279069767 0.395348837209302 0.267441860465116 0.569767441860465
0.149253731343284 0.462686567164179 0.358208955223881 0.597014925373134 1.52238805970149 2.01492537313433 2.41791044776119 2.59701492537313 2.28358208955224 1.40298507462687 1.25373134328358 0.611940298507463 0.313432835820896 0.17910447761194 0.0298507462686567 0.0597014925373134
0 0.292307692307692 0.415384615384615 1.16923076923077 1.72307692307692 2.69230769230769 3.30769230769231 2.44615384615385 2.63076923076923 1.6 0.938461538461538 0.323076923076923 0.630769230769231 0.446153846153846 0.307692307692308 0.0923076923076923
0 0.25 0.375 1.1625 1.75 2.3 2.425 2.55 2.7625 1.6 1.0625 0.75 0.425 0.3625 0.4625 0.2625
0.0481927710843374 0.132530120481928 0.27710843373494 1.40963855421687 2.13253012048193 1.89156626506024 3.40963855421687 2.72289156626506 3.07228915662651 2.87951807228916 2 1.92771084337349 0.746987951807229 0.566265060240964 0.44578313253012 0.63855421686747
0.0151515151515152 0.227272727272727 0.0151515151515152 0.681818181818182 0.863636363636364 1.86363636363636 1.6969696969697 0.939393939393939 1.45454545454545 1.37878787878788 2.10606060606061 1.51515151515152 0.636363636363636 1.86363636363636 0.287878787878788 1.72727272727273
0 0.115384615384615 0.0769230769230769 0.442307692307692 1 1.19230769230769 1.59615384615385 1 0.980769230769231 1.36538461538462 1.38461538461538 2.01923076923077 1.17307692307692 0.557692307692308 0.365384615384615 0.288461538461538
0.02 0.06 0.08 0.16 0.32 0.46 0.86 0.94 0.94 0.46 1 1.92 4.62 1.14 0.94 0.68
0 0.1 0.0333333333333333 0 0.566666666666667 0 0.3 0.433333333333333 0.566666666666667 0.133333333333333 0.333333333333333 0.8 2.73333333333333 0.933333333333333 1.4 0.333333333333333
0 0 0 0.166666666666667 0 0 0.0555555555555556 0.222222222222222 0.333333333333333 0.333333333333333 0.222222222222222 1.72222222222222 1.11111111111111 0.722222222222222 2.66666666666667 1.05555555555556
0 0 0.111111111111111 0.111111111111111 0.166666666666667 0.333333333333333 0.166666666666667 0.111111111111111 0.166666666666667 0.722222222222222 1.27777777777778 1.61111111111111 1.27777777777778 0.888888888888889 2.16666666666667 1.94444444444444
