1.1875 0.8125 0.09375 0.0625 1.0625 1.25 0.71875 0.0625 0 0.15625 0.59375 0.5625 0.71875 0.125 0 0.09375
0.228915662650602 12.6385542168675 1.90361445783133 0.180722891566265 0.289156626506024 1.34939759036145 1.27710843373494 0.397590361445783 0.192771084337349 0.144578313253012 0.337349397590361 0.626506024096386 0.578313253012048 0.168674698795181 0 0.0120481927710843
0 0.550561797752809 23.5168539325843 1.03370786516854 0.449438202247191 0.640449438202247 1.20224719101124 1.30337078651685 0.617977528089888 0.348314606741573 0.191011235955056 0.0786516853932584 0.528089887640449 0.0674157303370786 0.179775280898876 0.0674157303370786
0.0123456790123457 0.0123456790123457 0.728395061728395 5.03703703703704 2.35802469135802 2.32098765432099 3.41975308641975 2.48148148148148 2.88888888888889 1.5679012345679 1.11111111111111 0.925925925925926 0.333333333333333 0.395061728395062 0.37037037037037 0.666666666666667
0.0454545454545455 0.242424242424242 0.166666666666667 1.15151515151515 2.72727272727273 2.59090909090909 3.39393939393939 1.90909090909091 2.39393939393939 1.72727272727273 2.01515151515152 0.53030303030303 0.5 0.151515151515152 0.0303030303030303 0.166666666666667
0.151162790697674 0.732558139534884 0.151162790697674 1.45348837209302 2.82558139534884 4.06976744186047 4.6046511627907 2.56976744186047 3.37209302325581 1.80232558139535 1.68604651162791 1.11627906976744 0.63953488372093 0.244186046511628 0.232558139534884 0.290697674418605
0.0447761194029851 0.402985074626866 0.582089552238806 0.776119402985075 1.22388059701493 2.02985074626866 2.62686567164179 2.02985074626866 2.14925373134328 1.04477611940298 0.880597014925373 0.761194029850746 0.373134328358209 0.313432835820896 0.0746268656716418 0.0895522388059701
0 0.138461538461538 0.476923076923077 0.630769230769231 1.49230769230769 1.26153846153846 3.10769230769231 1.43076923076923 2.06153846153846 0.830769230769231 0.753846153846154 0.384615384615385 0.646153846153846 0.507692307692308 0.323076923076923 0.153846153846154
0 0.1125 0.425 1.4 1.5875 2.1 2.225 2.4375 2.7375 2.05 1.025 0.7625 0.4125 0.4125 0.45 0.3375
0 0.108433734939759 0.325301204819277 1.01204819277108 1.5421686746988 1.46987951807229 2.62650602409639 1.60240963855422 2.2289156626506 1.85542168674699 1.39759036144578 1.60240963855422 1.18072289156627 0.891566265060241 0.506024096385542 1.03614457831325
0.0606060606060606 0.0909090909090909 0.0303030303030303 0.484848484848485 1.16666666666667 1.28787878787879 1.65151515151515 1.16666666666667 1.33333333333333 1.51515151515152 2.46969696969697 1.37878787878788 0.348484848484849 1.90909090909091 0.363636363636364 1.74242424242424
0.0384615384615385 0.0961538461538462 0.115384615384615 0.230769230769231 0.634615384615385 0.653846153846154 0.980769230769231 0.807692307692308 0.576923076923077 0.826923076923077 1.23076923076923 2.26923076923077 1.61538461538462 0.788461538461538 0.346153846153846 0.288461538461538
0.04 0.22 0.06 0.16 0.36 0.54 1.36 0.9 1.08 0.6 1.16 2.02 4.88 1.5 1.02 0.9
0.0333333333333333 0.4 0.0333333333333333 0.1 0.133333333333333 0.166666666666667 0.766666666666667 1.56666666666667 0.8 0.933333333333333 0.466666666666667 2.7 3.16666666666667 2.56666666666667 1.6 0.933333333333333
0 0 0 0.222222222222222 0 0.111111111111111 0.111111111111111 0.388888888888889 0.444444444444444 0.555555555555556 0.388888888888889 0.833333333333333 1.72222222222222 1.11111111111111 1.5 0.166666666666667
0 0 0 0.333333333333333 0.5 0.0555555555555556 0.0555555555555556 0.222222222222222 0.277777777777778 0.833333333333333 0.777777777777778 0.944444444444444 0.555555555555556 0.611111111111111 2.88888888888889 2.38888888888889
