0.65625 0.46875 0.1875 0 0.96875 1.0625 0.75 0.09375 0.03125 0.28125 0.40625 0.90625 0.625 0.28125 0 0.09375
0.292452830188679 13.0471698113208 0.245283018867925 0.132075471698113 0.377358490566038 1.02830188679245 0.886792452830189 0.339622641509434 0.207547169811321 0.226415094339623 0.481132075471698 0.509433962264151 0.320754716981132 0.10377358490566 0.0188679245283019 0.0849056603773585
0 0.318181818181818 21.9090909090909 1.40909090909091 0.848484848484848 1.24242424242424 1.63636363636364 1.40909090909091 0.757575757575757 0.46969696969697 0.348484848484848 0.106060606060606 0.378787878787879 0.0303030303030303 0.196969696969697 0.121212121212121
0.0740740740740741 0.0246913580246914 0.209876543209877 6.04938271604938 2.19753086419753 3 3.08641975308642 2.75308641975309 3.03703703703704 1.77777777777778 1.51851851851852 0.703703703703704 0.234567901234568 0.234567901234568 0.271604938271605 0.345679012345679
0.0757575757575757 0.151515151515151 0.166666666666667 0.954545454545454 2.60606060606061 2.5 2.3030303030303 1.51515151515151 2.81818181818182 1.86363636363636 1.66666666666667 0.393939393939394 0.227272727272727 0.0454545454545454 0.0151515151515152 0.151515151515151
0.209302325581395 0.534883720930233 0.232558139534884 1.61627906976744 2.66279069767442 4.2906976744186 4.93023255813953 3.02325581395349 3.90697674418605 2.33720930232558 2.52325581395349 1.53488372093023 0.755813953488372 0.511627906976744 0.27906976744186 0.430232558139535
0.104477611940298 0.328358208955224 0.343283582089552 0.686567164179104 1.46268656716418 2.2089552238806 3.1044776119403 2.40298507462687 2.40298507462687 1.26865671641791 1.26865671641791 0.761194029850746 0.223880597014925 0.194029850746269 0.0149253731343284 0.0447761194029851
0 0.153846153846154 0.384615384615385 1.23076923076923 1.46153846153846 2.09230769230769 3.16923076923077 2.6 2.55384615384615 1.44615384615385 0.907692307692308 0.476923076923077 0.707692307692308 0.6 0.292307692307692 0.2
0.0125 0.05 0.35 1.5625 1.6 2.35 2.675 2.5625 2.6375 1.75 1.175 0.5375 0.4375 0.4625 0.6625 0.225
0.0120481927710843 0.216867469879518 0.168674698795181 1.26506024096386 1.98795180722892 1.85542168674699 3.10843373493976 2.16867469879518 2.6144578313253 2.44578313253012 1.20481927710843 1.43373493975904 0.879518072289156 0.602409638554217 0.506024096385542 0.903614457831325
0.0454545454545454 0.196969696969697 0.0151515151515152 0.636363636363636 0.96969696969697 1.62121212121212 1.86363636363636 1.09090909090909 1.34848484848485 1.34848484848485 1.92424242424242 1.22727272727273 0.636363636363636 0.757575757575757 0.424242424242424 1.28787878787879
0 0.0576923076923077 0.0576923076923077 0.211538461538462 0.519230769230769 0.865384615384615 1.01923076923077 0.788461538461538 0.711538461538461 0.865384615384615 0.865384615384615 1.5 0.769230769230769 0.307692307692308 0.0576923076923077 0.173076923076923
0.02 0.18 0.02 0.28 0.34 0.62 1.04 1.46 0.9 0.86 1.2 2.1 3.02 1.18 0.66 0.58
0 0.166666666666667 0.1 0.166666666666667 0 0 0.566666666666667 0.166666666666667 0.8 0.233333333333333 0.233333333333333 1.93333333333333 2.6 1.8 1.06666666666667 0.466666666666667
0 0 0.0555555555555556 0 0.111111111111111 0 0.111111111111111 0.555555555555555 0.277777777777778 0.277777777777778 0.277777777777778 1.5 1.55555555555556 1.22222222222222 2 0.722222222222222
0 0 0.166666666666667 0.222222222222222 0.333333333333333 0.388888888888889 0.111111111111111 0.222222222222222 0.166666666666667 1.22222222222222 2 1.66666666666667 1.33333333333333 0.944444444444444 3.77777777777778 3.5
