0.59375 0.40625 0.0625 0 0.46875 1.09375 0.78125 0.125 0.0625 0.21875 0.40625 0.96875 0.8125 0.21875 0 0.1875
0.19811320754717 11.0471698113208 0.0754716981132075 0.10377358490566 0.405660377358491 0.89622641509434 1.22641509433962 0.311320754716981 0.169811320754717 0.132075471698113 0.292452830188679 0.433962264150943 0.433962264150943 0.160377358490566 0.0660377358490566 0.0188679245283019
0 0.651515151515151 21.4090909090909 1.77272727272727 0.787878787878788 1.03030303030303 1.95454545454545 1.34848484848485 0.96969696969697 0.484848484848485 0.409090909090909 0.0757575757575758 0.272727272727273 0.0303030303030303 0.181818181818182 0.181818181818182
0.123456790123457 0.0123456790123457 0.222222222222222 5.54320987654321 2.38271604938272 2.88888888888889 3.77777777777778 3.1358024691358 3.09876543209877 1.80246913580247 1.06172839506173 0.864197530864197 0.271604938271605 0.320987654320988 0.296296296296296 0.506172839506173
0.0151515151515152 0.212121212121212 0.0757575757575758 1.37878787878788 3.21212121212121 2.51515151515152 3.09090909090909 1.37878787878788 1.77272727272727 1.51515151515152 1.45454545454545 0.636363636363636 0.484848484848485 0.151515151515152 0.0151515151515152 0.0606060606060606
0.151162790697674 0.627906976744186 0.27906976744186 1.52325581395349 2.59302325581395 3.58139534883721 3.96511627906977 2.5 2.83720930232558 1.80232558139535 1.72093023255814 1.2906976744186 0.686046511627907 0.209302325581395 0.197674418604651 0.290697674418605
0.164179104477612 0.417910447761194 0.313432835820896 1.11940298507463 1.82089552238806 2.53731343283582 4.08955223880597 3.05970149253731 2.44776119402985 1.62686567164179 1.52238805970149 0.701492537313433 0.283582089552239 0.208955223880597 0 0.0447761194029851
0 0.323076923076923 0.323076923076923 1.4 1.8 2.55384615384615 3.07692307692308 2.35384615384615 2.75384615384615 1.92307692307692 1.06153846153846 0.246153846153846 0.8 0.4 0.246153846153846 0.107692307692308
0.05 0.1625 0.4 1.5875 2.1875 2.8 3.1125 2.8375 3.075 2.05 1.4125 0.7125 0.5375 0.4375 0.575 0.25
0 0.192771084337349 0.253012048192771 0.963855421686747 1.6144578313253 1.5421686746988 2.57831325301205 2.09638554216867 2.65060240963855 1.87951807228916 1.86746987951807 1.2289156626506 0.831325301204819 0.650602409638554 0.493975903614458 0.674698795180723
0.0303030303030303 0.166666666666667 0.0303030303030303 0.712121212121212 1.22727272727273 1.65151515151515 2.01515151515152 1.48484848484848 1.93939393939394 1.54545454545455 2.36363636363636 1.22727272727273 0.242424242424242 1.81818181818182 0.196969696969697 1.71212121212121
0 0.0384615384615385 0.0769230769230769 0.288461538461538 0.673076923076923 0.826923076923077 1 0.788461538461538 0.865384615384615 0.923076923076923 0.980769230769231 1.55769230769231 1 0.5 0.423076923076923 0.461538461538462
0 0.2 0.08 0.22 0.4 0.6 0.92 1 0.94 0.8 0.98 1.34 3.32 1.06 0.9 0.58
0 0.266666666666667 0.0666666666666667 0.1 0.1 0.3 0.5 0.466666666666667 0.4 0.966666666666667 0.833333333333333 0.966666666666667 0.933333333333333 1.03333333333333 0.733333333333333 0.133333333333333
0 0.0555555555555556 0 0.166666666666667 0.111111111111111 0.0555555555555556 0.111111111111111 0.5 0.555555555555556 0.5 0.444444444444444 1.72222222222222 0.944444444444444 1.22222222222222 2.38888888888889 0.277777777777778
0 0 0.166666666666667 0.222222222222222 0.166666666666667 0.444444444444444 0.277777777777778 0.166666666666667 0.388888888888889 1.11111111111111 1.61111111111111 2 1.55555555555556 1 2.27777777777778 1.94444444444444
