1.3125 0.75 0.03125 0.03125 1.34375 0.96875 0.71875 0.09375 0.03125 0.15625 0.6875 0.65625 0.6875 0.125 0 0.0625
0.469879518072289 10.4819277108434 1.25301204819277 0.228915662650602 0.807228915662651 1.04819277108434 1.30120481927711 0.253012048192771 0.168674698795181 0.168674698795181 0.325301204819277 0.457831325301205 0.650602409638554 0.216867469879518 0.036144578313253 0.0481927710843374
0 0.831460674157303 19.5842696629213 0.831460674157303 0.393258426966292 0.49438202247191 1.21348314606742 0.797752808988764 0.617977528089888 0.179775280898876 0.191011235955056 0.157303370786517 0.449438202247191 0.0561797752808989 0.157303370786517 0
0.0246913580246914 0 0.382716049382716 6.27160493827161 2 2.28395061728395 3.04938271604938 2.14814814814815 2.85185185185185 1.67901234567901 1.22222222222222 0.395061728395062 0.135802469135802 0.123456790123457 0.197530864197531 0.407407407407407
0.0454545454545455 0.0909090909090909 0.121212121212121 1.25757575757576 2.27272727272727 2.74242424242424 2.92424242424242 2.04545454545455 2.27272727272727 2.12121212121212 1.83333333333333 0.333333333333333 0.242424242424242 0.136363636363636 0.0303030303030303 0.0757575757575758
0.151162790697674 0.767441860465116 0.209302325581395 1.32558139534884 2.22093023255814 3.67441860465116 3.81395348837209 2.23255813953488 3.06976744186047 1.74418604651163 1.72093023255814 1.05813953488372 0.546511627906977 0.348837209302326 0.13953488372093 0.232558139534884
0.164179104477612 0.253731343283582 0.417910447761194 0.985074626865672 1.7910447761194 2.34328358208955 3.05970149253731 2.64179104477612 2.08955223880597 1.37313432835821 1.3134328358209 0.447761194029851 0.388059701492537 0.17910447761194 0.0895522388059701 0.119402985074627
0 0.138461538461538 0.584615384615385 1.09230769230769 1.67692307692308 2.50769230769231 3.36923076923077 2.76923076923077 2.63076923076923 1.29230769230769 0.907692307692308 0.307692307692308 0.553846153846154 0.353846153846154 0.138461538461538 0.138461538461538
0 0.1125 0.4625 1.425 1.8875 2.45 3.05 2.85 2.7875 2.125 1.175 0.6625 0.5125 0.325 0.2875 0.2
0.0240963855421687 0.132530120481928 0.168674698795181 0.91566265060241 1.7710843373494 1.32530120481928 2.63855421686747 2.03614457831325 2.37349397590361 2.25301204819277 1.42168674698795 1.01204819277108 0.481927710843373 0.469879518072289 0.397590361445783 0.566265060240964
0.0454545454545455 0.121212121212121 0.0151515151515152 0.545454545454545 0.893939393939394 1.28787878787879 1.57575757575758 0.818181818181818 1.53030303030303 1.62121212121212 2.25757575757576 1.21212121212121 0.46969696969697 1.06060606060606 0.242424242424242 1.24242424242424
0.0192307692307692 0.0576923076923077 0.0576923076923077 0.192307692307692 0.557692307692308 0.711538461538462 0.615384615384615 0.538461538461538 0.692307692307692 0.923076923076923 1.11538461538462 1.84615384615385 0.807692307692308 0.634615384615385 0.365384615384615 0.442307692307692
0.02 0.22 0.26 0.36 0.32 0.64 0.92 1.66 0.9 0.88 1.76 1.54 2.68 0.86 0.56 0.38
0 0.0333333333333333 0.133333333333333 0.166666666666667 0.0666666666666667 0.2 0.533333333333333 0.3 1 0.933333333333333 0.733333333333333 1.76666666666667 1.93333333333333 1.66666666666667 1.33333333333333 0.5
0 0.0555555555555556 0.111111111111111 0 0 0 0.111111111111111 0.388888888888889 0.388888888888889 0.222222222222222 0.722222222222222 2.22222222222222 1.22222222222222 1.16666666666667 1 1.05555555555556
0 0 0 0.222222222222222 0.111111111111111 0.222222222222222 0 0.111111111111111 0.166666666666667 0.5 0.166666666666667 0.888888888888889 0.833333333333333 0.777777777777778 2.11111111111111 0.944444444444444
