0 0.0625 0 0 1 1.0625 0.6875 0.09375 0.0625 0.21875 0.5625 0.8125 0.875 0.125 0 0.1875
0.30188679245283 13.0754716981132 0.320754716981132 0.188679245283019 0.490566037735849 1.0188679245283 1.00943396226415 0.39622641509434 0.19811320754717 0.245283018867925 0.283018867924528 0.405660377358491 0.320754716981132 0.19811320754717 0.0566037735849057 0.0471698113207547
0 0.287878787878788 23.0454545454545 0.742424242424242 0.409090909090909 0.545454545454545 1.16666666666667 1.22727272727273 0.53030303030303 0.257575757575758 0.227272727272727 0.121212121212121 0.363636363636364 0.106060606060606 0.166666666666667 0.0151515151515152
0.037037037037037 0.0246913580246914 1.33333333333333 6.95061728395062 1.98765432098765 2.18518518518519 2.7037037037037 1.97530864197531 2.67901234567901 1.44444444444444 1.09876543209877 0.395061728395062 0.148148148148148 0.160493827160494 0.160493827160494 0.37037037037037
0.0151515151515152 0.196969696969697 0.151515151515152 1.75757575757576 2.96969696969697 2.8030303030303 3.77272727272727 2.12121212121212 2.84848484848485 2.06060606060606 1.84848484848485 1.33333333333333 0.772727272727273 0.5 0.166666666666667 0.363636363636364
0.151162790697674 0.790697674418605 0.22093023255814 1.38372093023256 2.41860465116279 4.25581395348837 4.7906976744186 2.83720930232558 3.47674418604651 1.7906976744186 1.74418604651163 1.34883720930233 0.930232558139535 0.290697674418605 0.197674418604651 0.302325581395349
0.0895522388059701 0.283582089552239 0.313432835820896 0.761194029850746 1.3134328358209 2.28358208955224 2.80597014925373 2.05970149253731 1.97014925373134 1.13432835820896 1.1044776119403 0.597014925373134 0.462686567164179 0.0298507462686567 0.0149253731343284 0.0597014925373134
0 0.261538461538462 0.461538461538462 1.26153846153846 2.01538461538462 2.66153846153846 4.09230769230769 2.89230769230769 3.64615384615385 1.87692307692308 1.18461538461538 0.523076923076923 0.769230769230769 0.307692307692308 0.230769230769231 0.169230769230769
0 0.175 0.375 1.4125 1.8125 2.4 2.675 2.875 2.4625 1.725 1.1 0.6875 0.525 0.3125 0.3875 0.2125
0.0240963855421687 0.168674698795181 0.313253012048193 1.33734939759036 1.98795180722892 2.19277108433735 3.2289156626506 2.34939759036145 2.66265060240964 2.24096385542169 1.83132530120482 1.21686746987952 0.469879518072289 0.481927710843373 0.301204819277108 0.349397590361446
0.0151515151515152 0.196969696969697 0.0151515151515152 0.590909090909091 1.01515151515152 1.48484848484848 1.68181818181818 1.22727272727273 1.53030303030303 1.15151515151515 1.89393939393939 1.33333333333333 0.287878787878788 1.68181818181818 0.363636363636364 1.31818181818182
0 0.0576923076923077 0.0769230769230769 0.211538461538462 0.711538461538462 0.846153846153846 0.980769230769231 0.923076923076923 0.923076923076923 0.903846153846154 1.55769230769231 2.23076923076923 1.51923076923077 0.923076923076923 0.788461538461538 0.769230769230769
0.08 0.06 0.06 0.14 0.14 0.42 0.78 0.78 0.74 0.56 1.2 1.2 3.14 0.88 0.56 0.32
0.0666666666666667 0.5 0.0666666666666667 0.0666666666666667 0.133333333333333 0.3 0.766666666666667 0.933333333333333 1.13333333333333 1.03333333333333 0.666666666666667 2.53333333333333 2.8 2.6 1.5 0.933333333333333
0 0.111111111111111 0 0.0555555555555556 0.555555555555556 0 0.333333333333333 0.666666666666667 0.944444444444444 0.277777777777778 1.27777777777778 1.05555555555556 1.22222222222222 0.944444444444444 1.22222222222222 0.5
0 0 0.0555555555555556 0.222222222222222 0.222222222222222 0.166666666666667 0.222222222222222 0.111111111111111 0.444444444444444 0.611111111111111 0.722222222222222 1.11111111111111 0.833333333333333 0.444444444444444 2.83333333333333 1.05555555555556
