0 0.03125 0.09375 0.03125 0.78125 1.09375 0.84375 0.0625 0 0.1875 0.46875 0.46875 0.5 0.125 0 0.09375
0.216981132075472 10.0943396226415 0.226415094339623 0.264150943396226 0.367924528301887 1.05660377358491 1.04716981132075 0.39622641509434 0.292452830188679 0.169811320754717 0.339622641509434 0.481132075471698 0.490566037735849 0.19811320754717 0.0377358490566038 0.0188679245283019
0 0.848484848484849 18.6818181818182 1.01515151515152 0.196969696969697 0.257575757575758 1.24242424242424 1 0.575757575757576 0.257575757575758 0.151515151515152 0.0606060606060606 0.257575757575758 0.0757575757575758 0.227272727272727 0.0303030303030303
0.037037037037037 0.0123456790123457 1.03703703703704 3.18518518518519 2.11111111111111 2.40740740740741 2.93827160493827 2.60493827160494 2.91358024691358 1.5679012345679 1.17283950617284 0.666666666666667 0.308641975308642 0.246913580246914 0.271604938271605 0.407407407407407
0.136363636363636 0.227272727272727 0.0757575757575758 1.77272727272727 3 2.75757575757576 3.90909090909091 2.48484848484848 2.6969696969697 2.03030303030303 2.04545454545455 0.575757575757576 0.257575757575758 0.136363636363636 0.0606060606060606 0.227272727272727
0.162790697674419 0.534883720930233 0.13953488372093 1.31395348837209 2.58139534883721 3.77906976744186 4.77906976744186 2.63953488372093 3.09302325581395 1.82558139534884 1.81395348837209 0.883720930232558 0.383720930232558 0.151162790697674 0.0697674418604651 0.162790697674419
0.104477611940299 0.388059701492537 0.402985074626866 0.955223880597015 1.32835820895522 2.22388059701493 3.19402985074627 2.35820895522388 2.17910447761194 1.32835820895522 1.08955223880597 0.552238805970149 0.298507462686567 0.253731343283582 0.0746268656716418 0.0895522388059701
0 0.261538461538462 0.461538461538462 1.12307692307692 1.55384615384615 2.43076923076923 3.01538461538462 2.18461538461538 2.81538461538462 1.58461538461538 0.938461538461538 0.523076923076923 0.707692307692308 0.476923076923077 0.184615384615385 0.153846153846154
0.025 0.1875 0.4 1.3875 1.875 2.35 2.4875 2.3 2.8625 1.875 1.0625 0.575 0.5375 0.325 0.4375 0.2125
0.0120481927710843 0.192771084337349 0.253012048192771 1.21686746987952 1.95180722891566 1.72289156626506 3.08433734939759 2.2289156626506 2.80722891566265 2.40963855421687 1.89156626506024 1.43373493975904 0.771084337349398 0.518072289156627 0.313253012048193 0.710843373493976
0.0454545454545455 0.136363636363636 0.0151515151515152 0.712121212121212 1.57575757575758 1.83333333333333 2.03030303030303 1.62121212121212 1.83333333333333 1.51515151515152 2.68181818181818 1.21212121212121 0.575757575757576 1.86363636363636 0.5 0.909090909090909
0.0192307692307692 0.134615384615385 0.192307692307692 0.0961538461538462 0.288461538461538 0.5 1.40384615384615 0.711538461538462 0.615384615384615 0.634615384615385 1.19230769230769 2 1.78846153846154 0.634615384615385 0.557692307692308 0.442307692307692
0 0.28 0.06 0.2 0.54 0.7 0.98 1.12 1.28 0.86 1.46 2.34 4.76 1.28 0.96 0.9
0 0.433333333333333 0.0666666666666667 0.0333333333333333 0.533333333333333 0.166666666666667 0.966666666666667 0.666666666666667 0.366666666666667 1.26666666666667 0.6 1.03333333333333 0.566666666666667 0.766666666666667 0.833333333333333 0.1
0 0 0.111111111111111 0.388888888888889 0.111111111111111 0.111111111111111 0.166666666666667 0.444444444444444 0.388888888888889 0.666666666666667 0.222222222222222 1.5 1.33333333333333 1 2.72222222222222 0.444444444444444
0 0 0.166666666666667 0 0.277777777777778 0.555555555555556 0.166666666666667 0.0555555555555556 0.111111111111111 0.611111111111111 1.72222222222222 1.55555555555556 1.16666666666667 0.833333333333333 2.22222222222222 2.44444444444444
