0.0625 0 0 0 1.0625 0.875 0.9375 0.09375 0.0625 0.28125 0.6875 0.65625 0.8125 0.125 0 0.21875
0.265060240963855 10.6867469879518 1.39759036144578 0.27710843373494 0.518072289156627 1.18072289156627 1.18072289156627 0.337349397590361 0.180722891566265 0.108433734939759 0.409638554216867 0.433734939759036 0.506024096385542 0.216867469879518 0 0.0602409638554217
0 1.1685393258427 21.7865168539326 1.04494382022472 0.179775280898876 0.280898876404494 1.1123595505618 0.820224719101124 0.426966292134831 0.292134831460674 0.0898876404494382 0.224719101123595 0.48314606741573 0.0898876404494382 0.123595505617978 0.0449438202247191
0.0864197530864197 0.0123456790123457 0.172839506172839 6.09876543209877 2.08641975308642 2.71604938271605 2.90123456790123 2.7283950617284 2.71604938271605 1.53086419753086 0.975308641975309 0.481481481481481 0.185185185185185 0.185185185185185 0.148148148148148 0.234567901234568
0.0454545454545455 0.212121212121212 0.166666666666667 1.31818181818182 3.28787878787879 2.89393939393939 3.5 2.36363636363636 2.77272727272727 2.40909090909091 2.16666666666667 0.5 0.378787878787879 0.166666666666667 0.0151515151515152 0.151515151515152
0.104651162790698 0.906976744186046 0.174418604651163 1.31395348837209 2.44186046511628 3.77906976744186 3.93023255813953 2.44186046511628 2.8953488372093 1.76744186046512 1.41860465116279 1.08139534883721 0.569767441860465 0.209302325581395 0.13953488372093 0.232558139534884
0.0895522388059701 0.26865671641791 0.388059701492537 0.701492537313433 1.41791044776119 2.92537313432836 3.49253731343284 1.94029850746269 2.92537313432836 2.38805970149254 2.38805970149254 0.716417910447761 0.164179104477612 0.134328358208955 0.0298507462686567 0.0746268656716418
0 0.169230769230769 0.584615384615385 0.861538461538462 1.76923076923077 2.44615384615385 3.81538461538462 2.43076923076923 3.6 1.21538461538462 0.8 0.446153846153846 0.923076923076923 0.615384615384615 0.353846153846154 0.230769230769231
0.0125 0.05 0.325 2.05 2.425 2.9625 3.625 3.2375 3.2375 2.2625 1.5875 0.7375 0.7875 0.3125 0.375 0.1375
0 0.120481927710843 0.228915662650602 1.25301204819277 2.07228915662651 1.86746987951807 3.21686746987952 2.28915662650602 2.63855421686747 2.1566265060241 1.79518072289157 1.27710843373494 0.759036144578313 0.36144578313253 0.457831325301205 0.698795180722892
0.0454545454545455 0.196969696969697 0.0151515151515152 0.393939393939394 0.666666666666667 1.12121212121212 1.66666666666667 0.651515151515151 1.33333333333333 1.15151515151515 2.46969696969697 1.22727272727273 0.484848484848485 1.74242424242424 0.287878787878788 1.1969696969697
0 0.0769230769230769 0.25 0.25 0.807692307692308 1.09615384615385 1.15384615384615 0.846153846153846 1.32692307692308 0.865384615384615 1.32692307692308 1.76923076923077 1.30769230769231 0.365384615384615 0.153846153846154 0.384615384615385
0.02 0.34 0.02 0.14 0.5 0.48 0.8 0.78 1 0.42 1.52 1.76 4.02 1.08 1.06 0.82
0 0.166666666666667 0.1 0.0333333333333333 0.133333333333333 0.1 0.2 0.333333333333333 0.866666666666667 0.566666666666667 0.7 1.2 2 1.03333333333333 1.66666666666667 0.533333333333333
0 0 0 0.0555555555555556 0.222222222222222 0 0.277777777777778 0 0.333333333333333 0.5 0.277777777777778 0.166666666666667 1.22222222222222 0.5 2 0.944444444444444
0 0 0 0.222222222222222 0.166666666666667 0 0.111111111111111 0.222222222222222 0.111111111111111 0.833333333333333 0.5 2.05555555555556 1.88888888888889 1.66666666666667 4.11111111111111 2.11111111111111
