0.59375 0.46875 0 0.0625 0.71875 0.96875 0.59375 0.09375 0.09375 0.25 0.53125 1 0.90625 0.25 0 0.1875
0.409638554216867 9.95180722891566 0.987951807228916 0.180722891566265 0.626506024096386 1.12048192771084 1.04819277108434 0.27710843373494 0.192771084337349 0.192771084337349 0.373493975903614 0.518072289156627 0.481927710843373 0.0843373493975904 0 0.072289156626506
0 0.404494382022472 19.685393258427 0.97752808988764 0.48314606741573 0.48314606741573 1.25842696629213 0.910112359550562 1.03370786516854 0.471910112359551 0.235955056179775 0.157303370786517 0.348314606741573 0.0449438202247191 0.191011235955056 0.0224719101123595
0.111111111111111 0.0123456790123457 0.925925925925926 5.12345679012346 1.82716049382716 2.1358024691358 2.60493827160494 2.12345679012346 2.58024691358025 1.37037037037037 0.91358024691358 0.580246913580247 0.185185185185185 0.172839506172839 0.259259259259259 0.37037037037037
0.0909090909090909 0.181818181818182 0.212121212121212 1.07575757575758 2.31818181818182 2.57575757575758 2.74242424242424 1.90909090909091 2.60606060606061 1.6969696969697 1.92424242424242 0.606060606060606 0.5 0.166666666666667 0.106060606060606 0.318181818181818
0.174418604651163 0.744186046511628 0.36046511627907 1.61627906976744 2.8953488372093 4.72093023255814 4.41860465116279 2.91860465116279 3.88372093023256 1.82558139534884 2.1046511627907 0.930232558139535 0.569767441860465 0.22093023255814 0.0697674418604651 0.174418604651163
0.0298507462686567 0.298507462686567 0.567164179104478 0.686567164179104 1.1044776119403 2.3134328358209 2.67164179104478 1.95522388059702 2.64179104477612 1.25373134328358 1.25373134328358 0.791044776119403 0.537313432835821 0.253731343283582 0.0597014925373134 0.0597014925373134
0 0.123076923076923 0.676923076923077 1.04615384615385 1.18461538461538 2.10769230769231 3 2.18461538461538 2.33846153846154 1.36923076923077 0.923076923076923 0.4 1.4 0.769230769230769 0.476923076923077 0.476923076923077
0.0125 0.175 0.1875 1.25 1.625 2.025 2.55 2.325 2.475 1.875 0.9125 0.525 0.325 0.4625 0.2375 0.1375
0.0481927710843374 0.0602409638554217 0.216867469879518 1.18072289156627 1.81927710843373 1.5421686746988 2.96385542168675 2.08433734939759 2.97590361445783 1.91566265060241 1.50602409638554 2.51807228915663 1.46987951807229 0.927710843373494 0.674698795180723 1.20481927710843
0.0454545454545455 0.166666666666667 0.0151515151515152 0.606060606060606 1.07575757575758 1.59090909090909 1.72727272727273 0.984848484848485 1.59090909090909 1.13636363636364 3.22727272727273 1.27272727272727 0.333333333333333 0.893939393939394 0.333333333333333 1.16666666666667
0 0.0384615384615385 0.153846153846154 0.365384615384615 0.903846153846154 1.19230769230769 1.36538461538462 1.17307692307692 1.26923076923077 1.42307692307692 1.32692307692308 1.94230769230769 1.26923076923077 0.615384615384615 0.173076923076923 0.442307692307692
0.02 0.28 0.06 0.32 0.32 0.62 1.1 1.42 1.22 0.94 1.62 2.08 3.84 1.62 1.12 0.82
0.0333333333333333 0.433333333333333 0.266666666666667 0.0666666666666667 0.2 0.233333333333333 1.23333333333333 1.56666666666667 1.06666666666667 1.63333333333333 0.9 1.8 2.06666666666667 1.9 1.23333333333333 0.566666666666667
0 0.0555555555555556 0.0555555555555556 0.111111111111111 0.111111111111111 0 0.166666666666667 0.388888888888889 0.5 0.111111111111111 0.5 0.666666666666667 0.722222222222222 0.5 0.555555555555556 1.05555555555556
0 0 0 0.222222222222222 0.333333333333333 0 0.111111111111111 0.222222222222222 0.222222222222222 0.722222222222222 0.666666666666667 0.555555555555556 0.5 0.611111111111111 1.27777777777778 2.5
