1.1875 0.84375 0.125 0.03125 1.25 0.9375 0.8125 0.09375 0 0.09375 0.21875 0.34375 0.71875 0.0625 0 0
0.301204819277108 10.3734939759036 0.91566265060241 0.192771084337349 0.734939759036145 1.02409638554217 1.28915662650602 0.27710843373494 0.120481927710843 0.204819277108434 0.44578313253012 0.337349397590361 0.373493975903614 0.132530120481928 0 0.036144578313253
0 0.853932584269663 19.3033707865169 0.573033707865168 0.550561797752809 0.820224719101124 1.40449438202247 0.719101123595506 0.752808988764045 0.235955056179775 0.179775280898876 0.134831460674157 0.280898876404494 0.0898876404494382 0.123595505617978 0
0.0740740740740741 0.0123456790123457 0.950617283950617 5.16049382716049 2.50617283950617 2.82716049382716 3.60493827160494 3.30864197530864 3.32098765432099 1.85185185185185 1.46913580246914 0.604938271604938 0.246913580246914 0.185185185185185 0.172839506172839 0.333333333333333
0.0303030303030303 0.166666666666667 0.106060606060606 1.06060606060606 2.22727272727273 2.09090909090909 2.75757575757576 1.66666666666667 1.92424242424242 1.74242424242424 1.87878787878788 0.363636363636364 0.318181818181818 0.0757575757575758 0.0151515151515152 0.0909090909090909
0.104651162790698 0.813953488372093 0.127906976744186 1.88372093023256 2.88372093023256 4.54651162790698 5.30232558139535 3 3.33720930232558 2.2906976744186 1.48837209302326 1.31395348837209 0.779069767441861 0.232558139534884 0.232558139534884 0.325581395348837
0.0447761194029851 0.208955223880597 0.522388059701492 1.08955223880597 1.82089552238806 2.02985074626866 3.41791044776119 2.40298507462687 3.01492537313433 1.62686567164179 1.59701492537313 0.686567164179104 0.298507462686567 0.17910447761194 0.0895522388059701 0.119402985074627
0 0.0769230769230769 0.615384615384615 0.815384615384615 1.63076923076923 1.49230769230769 3.29230769230769 1.98461538461538 2.21538461538462 0.938461538461538 0.6 0.261538461538462 0.523076923076923 0.415384615384615 0.292307692307692 0.138461538461538
0.0375 0.075 0.35 1.35 1.7875 2.6 2.4625 2.3375 2.75 1.6875 1.075 0.525 0.25 0.3625 0.55 0.2
0.0120481927710843 0.156626506024096 0.204819277108434 1.01204819277108 1.91566265060241 1.63855421686747 2.68674698795181 2.13253012048193 2.50602409638554 2.21686746987952 1.37349397590361 1.63855421686747 0.855421686746988 0.530120481927711 0.518072289156627 0.963855421686747
0 0.227272727272727 0.0757575757575758 0.53030303030303 1.27272727272727 1.39393939393939 2.06060606060606 1.37878787878788 1.87878787878788 1.53030303030303 2.59090909090909 1.21212121212121 0.712121212121212 0.575757575757576 0.439393939393939 0.939393939393939
0 0.0192307692307692 0.173076923076923 0.461538461538462 1.07692307692308 1.13461538461538 1.15384615384615 0.769230769230769 1.61538461538462 1.32692307692308 1.71153846153846 1.86538461538462 1.07692307692308 0.596153846153846 0.576923076923077 0.5
0 0.1 0.02 0.52 0.36 1.04 1.4 2.3 1.52 0.84 0.84 1.92 3.06 1.34 1.2 0.76
0 0.166666666666667 0.166666666666667 0.0333333333333333 0.166666666666667 0.1 0.233333333333333 0.666666666666667 0.733333333333333 0.466666666666667 0.533333333333333 2.2 3.1 1.66666666666667 2.06666666666667 0.533333333333333
0 0 0.0555555555555556 0.222222222222222 0.111111111111111 0.0555555555555556 0.111111111111111 0.388888888888889 0.222222222222222 0.333333333333333 0.166666666666667 0.666666666666667 0.5 0.666666666666667 0.722222222222222 1.44444444444444
0 0 0.222222222222222 0 0.111111111111111 0.5 0.111111111111111 0 0.166666666666667 0.777777777777778 1.72222222222222 1.66666666666667 1.22222222222222 0.5 2.94444444444444 1.27777777777778
