0.0625 0.09375 0 0.03125 0.5 1.15625 0.71875 0.125 0.0625 0.28125 0.53125 0.9375 0.78125 0.125 0 0.25
0.169811320754717 13.9811320754717 0.415094339622642 0.141509433962264 0.349056603773585 0.971698113207547 1.07547169811321 0.320754716981132 0.150943396226415 0.226415094339623 0.358490566037736 0.349056603773585 0.433962264150943 0.0660377358490566 0.0660377358490566 0.00943396226415094
0 0.242424242424242 17.8636363636364 0.96969696969697 0.560606060606061 0.772727272727273 1.40909090909091 0.984848484848485 0.560606060606061 0.409090909090909 0.242424242424242 0.0606060606060606 0.272727272727273 0.0606060606060606 0.151515151515152 0.0454545454545455
0.037037037037037 0.0246913580246914 1.37037037037037 5.34567901234568 2.58024691358025 2.20987654320988 3.06172839506173 2.62962962962963 2.60493827160494 1.45679012345679 1.08641975308642 0.580246913580247 0.185185185185185 0.234567901234568 0.222222222222222 0.432098765432099
0.0454545454545455 0.303030303030303 0.121212121212121 1.10606060606061 3.15151515151515 2.74242424242424 3.31818181818182 1.95454545454545 2.10606060606061 2.03030303030303 1.75757575757576 0.53030303030303 0.303030303030303 0.121212121212121 0.0303030303030303 0.212121212121212
0.151162790697674 0.604651162790698 0.465116279069767 1.72093023255814 3.15116279069767 4.51162790697674 5.01162790697674 3.12790697674419 4.17441860465116 1.75581395348837 2.47674418604651 0.674418604651163 0.418604651162791 0.290697674418605 0.0581395348837209 0.151162790697674
0.104477611940299 0.417910447761194 0.492537313432836 0.850746268656716 1.98507462686567 2.58208955223881 3.08955223880597 2.56716417910448 2.40298507462687 1.37313432835821 1.41791044776119 0.597014925373134 0.298507462686567 0.164179104477612 0.149253731343284 0.0895522388059701
0 0.307692307692308 0.430769230769231 0.861538461538462 1.26153846153846 1.73846153846154 2.98461538461538 1.83076923076923 1.8 1.13846153846154 0.938461538461538 0.261538461538462 0.538461538461538 0.507692307692308 0.153846153846154 0.123076923076923
0 0.15 0.2125 1.3625 1.525 2.275 2.4625 2.5375 2.75 1.6125 0.8375 0.425 0.35 0.25 0.3125 0.1375
0.0240963855421687 0.180722891566265 0.228915662650602 1.02409638554217 1.81927710843373 1.1566265060241 3.06024096385542 1.98795180722892 2.26506024096386 1.90361445783133 1.66265060240964 1.09638554216867 0.650602409638554 0.481927710843373 0.409638554216867 0.63855421686747
0.0303030303030303 0.212121212121212 0 0.606060606060606 1.04545454545455 1.36363636363636 1.48484848484848 1.27272727272727 1.53030303030303 1.21212121212121 2.66666666666667 0.909090909090909 0.393939393939394 1.15151515151515 0.318181818181818 0.757575757575758
0.0192307692307692 0.134615384615385 0.0961538461538462 0.173076923076923 0.403846153846154 0.865384615384615 0.903846153846154 0.884615384615385 0.596153846153846 1.15384615384615 2.13461538461538 2.21153846153846 1.63461538461538 0.923076923076923 0.519230769230769 0.480769230769231
0 0.14 0.12 0.12 0.6 0.22 0.52 0.52 1.06 0.56 2.04 1.82 3.62 1.1 1.4 1.32
0 0.333333333333333 0.1 0.0666666666666667 0.2 0.466666666666667 0.666666666666667 0.933333333333333 0.666666666666667 1.9 1.7 1.76666666666667 2.66666666666667 1.56666666666667 0.966666666666667 0.466666666666667
0 0 0.0555555555555556 0.277777777777778 0 0.0555555555555556 0 0.388888888888889 0.444444444444444 0.444444444444444 0.555555555555556 2.5 0.777777777777778 1 1.16666666666667 0.722222222222222
0 0 0.0555555555555556 0 0.277777777777778 0.222222222222222 0.277777777777778 0.111111111111111 0.166666666666667 0.444444444444444 1.11111111111111 1.27777777777778 1.38888888888889 1.05555555555556 2.55555555555556 2.94444444444444
