0.125 0.03125 0.09375 0.0625 0.8125 0.96875 0.78125 0.03125 0 0.21875 0.65625 0.9375 0.5625 0.125 0 0.0625
0.349056603773585 11.7641509433962 0.452830188679245 0.245283018867925 0.377358490566038 0.962264150943396 1.12264150943396 0.339622641509434 0.179245283018868 0.160377358490566 0.330188679245283 0.39622641509434 0.537735849056604 0.113207547169811 0.0849056603773585 0.0377358490566038
0 0.803030303030303 19.8787878787879 1.62121212121212 0.560606060606061 0.863636363636364 1.54545454545455 1 0.878787878787879 0.378787878787879 0.348484848484849 0.0909090909090909 0.409090909090909 0.0454545454545455 0.166666666666667 0.166666666666667
0.0493827160493827 0.0123456790123457 0.555555555555556 4.41975308641975 2.04938271604938 1.76543209876543 3.02469135802469 2.18518518518519 2.77777777777778 1.55555555555556 1.14814814814815 0.592592592592593 0.222222222222222 0.209876543209877 0.197530864197531 0.37037037037037
0.0909090909090909 0.196969696969697 0.181818181818182 1.60606060606061 2.96969696969697 2.78787878787879 3.96969696969697 2.10606060606061 2.5 1.83333333333333 1.71212121212121 1.16666666666667 0.712121212121212 0.439393939393939 0.181818181818182 0.439393939393939
0.104651162790698 0.686046511627907 0.116279069767442 1.61627906976744 3.15116279069767 4.3953488372093 5.16279069767442 2.69767441860465 3.62790697674419 2.11627906976744 1.56976744186047 0.883720930232558 0.313953488372093 0.13953488372093 0.0813953488372093 0.174418604651163
0.0895522388059701 0.343283582089552 0.373134328358209 0.791044776119403 1.11940298507463 2.77611940298507 3.17910447761194 2.1044776119403 2.88059701492537 1.70149253731343 1.8955223880597 0.835820895522388 0.194029850746269 0.253731343283582 0.0298507462686567 0.0746268656716418
0 0.2 0.630769230769231 0.984615384615385 2.03076923076923 2.47692307692308 4.33846153846154 2.23076923076923 2.6 1.64615384615385 0.969230769230769 0.476923076923077 1.18461538461538 0.676923076923077 0.384615384615385 0.323076923076923
0.0125 0.25 0.3625 1.8375 2.175 2.825 3.1625 2.925 3.3875 2.35 1.1375 0.6625 0.625 0.35 0.2875 0.2
0.0240963855421687 0.180722891566265 0.0963855421686747 1.08433734939759 1.96385542168675 1.32530120481928 2.79518072289157 1.87951807228916 2.44578313253012 1.90361445783133 1.80722891566265 1.7710843373494 1.27710843373494 0.831325301204819 0.530120481927711 1.08433734939759
0.0303030303030303 0.0757575757575758 0.0303030303030303 0.681818181818182 1.3030303030303 1.57575757575758 2.33333333333333 1.51515151515152 2.07575757575758 1.21212121212121 2.65151515151515 1.56060606060606 0.46969696969697 1.8030303030303 0.409090909090909 1.59090909090909
0 0.153846153846154 0.192307692307692 0.346153846153846 0.903846153846154 1.21153846153846 1.61538461538462 1.11538461538462 1.05769230769231 1.34615384615385 1.90384615384615 2.23076923076923 2.13461538461538 0.711538461538462 0.403846153846154 0.615384615384615
0 0.1 0.06 0.28 0.3 0.56 1.04 1.18 0.64 0.6 1.22 1.12 2.86 0.58 0.28 0.5
0 0.166666666666667 0.233333333333333 0.0333333333333333 0.1 0.0666666666666667 0.233333333333333 0.433333333333333 0.366666666666667 0.266666666666667 0.466666666666667 1.36666666666667 1.6 1.03333333333333 1.26666666666667 0.333333333333333
0 0.111111111111111 0.0555555555555556 0.388888888888889 0.111111111111111 0.111111111111111 0.0555555555555556 0.833333333333333 0.444444444444444 0.555555555555556 0.833333333333333 3.27777777777778 1.33333333333333 1 1.38888888888889 1.33333333333333
0 0 0.0555555555555556 0.555555555555556 0.111111111111111 0.166666666666667 0 0.277777777777778 0.277777777777778 1.33333333333333 0.555555555555556 1.11111111111111 0.833333333333333 0.444444444444444 2.77777777777778 0.888888888888889
