0.125 0 0.0625 0.0625 0.90625 0.9375 1.03125 0.09375 0.03125 0.1875 0.75 0.78125 0.8125 0.09375 0 0.125
0.386792452830189 11.6509433962264 0.433962264150943 0.292452830188679 0.575471698113208 1.04716981132075 1.08490566037736 0.490566037735849 0.226415094339623 0.207547169811321 0.283018867924528 0.415094339622642 0.386792452830189 0.150943396226415 0.0566037735849057 0.0471698113207547
0 0.181818181818182 22.7878787878788 1.10606060606061 0.439393939393939 0.621212121212121 1.6969696969697 0.909090909090909 0.621212121212121 0.242424242424242 0.166666666666667 0.0757575757575758 0.439393939393939 0.136363636363636 0.106060606060606 0.121212121212121
0.0864197530864197 0.0246913580246914 1.4320987654321 3.50617283950617 2.46913580246914 2.81481481481481 3.69135802469136 3.14814814814815 3.4320987654321 1.72839506172839 1.30864197530864 0.283950617283951 0.123456790123457 0.172839506172839 0.185185185185185 0.296296296296296
0.0454545454545455 0.181818181818182 0.106060606060606 1.07575757575758 2.57575757575758 2.34848484848485 3.15151515151515 1.84848484848485 1.78787878787879 1.46969696969697 1.66666666666667 0.409090909090909 0.333333333333333 0.0909090909090909 0.0151515151515152 0.0454545454545455
0.209302325581395 0.86046511627907 0.313953488372093 1.6046511627907 2.97674418604651 4.2906976744186 5.18604651162791 2.65116279069767 3.76744186046512 2.06976744186047 2.18604651162791 1.2906976744186 0.534883720930233 0.337209302325581 0.197674418604651 0.290697674418605
0.134328358208955 0.388059701492537 0.462686567164179 1.08955223880597 1.94029850746269 2.59701492537313 3.7910447761194 2.56716417910448 2.83582089552239 1.83582089552239 1.64179104477612 0.567164179104478 0.238805970149254 0.194029850746269 0.104477611940299 0.119402985074627
0 0.2 0.461538461538462 0.953846153846154 1.47692307692308 2.10769230769231 3.43076923076923 1.87692307692308 3.30769230769231 1.29230769230769 0.846153846153846 0.292307692307692 0.4 0.307692307692308 0.0769230769230769 0.0615384615384615
0.0125 0.225 0.325 1.3375 1.6125 2.6875 2.65 2.8125 2.975 2.25 1.2375 0.2875 0.3875 0.325 0.4 0.1875
0 0.192771084337349 0.144578313253012 0.771084337349398 1.69879518072289 1.43373493975904 2.33734939759036 1.81927710843373 2.34939759036145 2.4578313253012 1.55421686746988 2.25301204819277 1.21686746987952 0.650602409638554 0.578313253012048 1.31325301204819
0.0303030303030303 0.106060606060606 0.106060606060606 1.3030303030303 1.36363636363636 2.66666666666667 2.27272727272727 1.59090909090909 1.65151515151515 1.68181818181818 2.5 1.03030303030303 0.515151515151515 1.25757575757576 0.378787878787879 0.984848484848485
0.0384615384615385 0.0576923076923077 0.0961538461538462 0.307692307692308 0.5 0.538461538461538 0.826923076923077 0.615384615384615 0.634615384615385 0.846153846153846 1.5 1.53846153846154 0.923076923076923 0.365384615384615 0.173076923076923 0.0192307692307692
0 0.18 0.18 0.2 0.4 0.34 0.66 0.96 0.76 0.72 1.32 1.16 2.94 0.6 0.7 0.64
0.0333333333333333 0.133333333333333 0.0666666666666667 0.1 0.333333333333333 0.0666666666666667 0.266666666666667 0.4 0.7 0.5 0.466666666666667 1.43333333333333 2.3 1.46666666666667 1.03333333333333 0.633333333333333
0 0 0 0.166666666666667 0.111111111111111 0.0555555555555556 0.222222222222222 0.388888888888889 0.333333333333333 0.388888888888889 0.555555555555556 0.611111111111111 1.16666666666667 0.611111111111111 0.666666666666667 0.722222222222222
0 0 0.0555555555555556 0.111111111111111 0.222222222222222 0.166666666666667 0 0.0555555555555556 0.166666666666667 0.5 0.666666666666667 0.944444444444444 0.888888888888889 0.444444444444444 1.88888888888889 1.05555555555556
