0.0625 0.0625 0.03125 0 0.4375 1.4375 0.40625 0.0625 0.03125 0.125 0.375 0.90625 0.65625 0.15625 0 0.125
0.254716981132075 13.9056603773585 0.509433962264151 0.245283018867925 0.433962264150943 1.14150943396226 1.20754716981132 0.39622641509434 0.169811320754717 0.19811320754717 0.339622641509434 0.424528301886792 0.5 0.122641509433962 0.0377358490566038 0
0 0.303030303030303 18.8333333333333 1.33333333333333 0.666666666666667 0.863636363636364 1.48484848484848 1.1969696969697 0.696969696969697 0.272727272727273 0.287878787878788 0.136363636363636 0.303030303030303 0.121212121212121 0.227272727272727 0.0606060606060606
0.037037037037037 0.0123456790123457 1.35802469135802 5.98765432098765 2.46913580246914 2.95061728395062 3.83950617283951 3.65432098765432 3.49382716049383 1.8641975308642 1.24691358024691 0.395061728395062 0.222222222222222 0.0740740740740741 0.0987654320987654 0.283950617283951
0.0606060606060606 0.121212121212121 0.0606060606060606 1.25757575757576 3.37878787878788 2.71212121212121 3.48484848484848 2.21212121212121 2.75757575757576 2.1969696969697 1.75757575757576 1.07575757575758 0.636363636363636 0.484848484848485 0.212121212121212 0.454545454545455
0.209302325581395 0.941860465116279 0.151162790697674 1.52325581395349 2.93023255813953 4.19767441860465 4.24418604651163 2.59302325581395 3.45348837209302 1.77906976744186 1.67441860465116 1.30232558139535 0.813953488372093 0.313953488372093 0.186046511627907 0.313953488372093
0.134328358208955 0.388059701492537 0.432835820895522 0.82089552238806 1.91044776119403 2.6865671641791 2.76119402985075 2.23880597014925 2.23880597014925 1.02985074626866 1.23880597014925 0.776119402985075 0.432835820895522 0.119402985074627 0.119402985074627 0.0895522388059701
0 0.2 0.461538461538462 1.07692307692308 1.44615384615385 2.47692307692308 3.26153846153846 2.83076923076923 3.03076923076923 1.18461538461538 0.846153846153846 0.353846153846154 0.676923076923077 0.4 0.261538461538462 0.138461538461538
0.0125 0.1375 0.3625 1.5875 1.75 2.55 2.9875 2.7625 2.8375 1.7875 1.2625 0.375 0.5 0.325 0.325 0.125
0 0.180722891566265 0.409638554216867 1.39759036144578 1.78313253012048 2.03614457831325 3.21686746987952 2.28915662650602 2.72289156626506 2.19277108433735 1.34939759036145 1.26506024096386 0.795180722891566 0.686746987951807 0.481927710843373 0.650602409638554
0 0.227272727272727 0.0151515151515152 0.621212121212121 1.04545454545455 1.56060606060606 1.68181818181818 0.909090909090909 1.33333333333333 1 2.34848484848485 1.3030303030303 0.590909090909091 1.13636363636364 0.5 0.772727272727273
0 0.0576923076923077 0 0.211538461538462 0.461538461538462 0.826923076923077 0.788461538461538 0.576923076923077 0.75 1.01923076923077 1.78846153846154 1.57692307692308 1.07692307692308 0.269230769230769 0.173076923076923 0.269230769230769
0.02 0.3 0.04 0.16 0.4 0.3 0.98 0.74 0.94 0.56 1.22 1.5 2.46 0.94 0.88 0.82
0 0.1 0.133333333333333 0.133333333333333 0.3 0.0333333333333333 0.433333333333333 0.4 0.533333333333333 0.233333333333333 0.233333333333333 1.6 2.2 1.33333333333333 1.23333333333333 0.266666666666667
0 0.0555555555555556 0 0.222222222222222 0 0.0555555555555556 0.0555555555555556 0.444444444444444 0.388888888888889 0.333333333333333 1.05555555555556 2.83333333333333 1.22222222222222 1.05555555555556 1.05555555555556 0.555555555555556
0 0 0.0555555555555556 0 0.222222222222222 0.166666666666667 0.0555555555555556 0.111111111111111 0.0555555555555556 0.388888888888889 0.777777777777778 1.44444444444444 1.27777777777778 1 3.11111111111111 1.88888888888889
