3.5625 2.28125 0.1875 0 0.65625 1.09375 0.5 0.21875 0.0625 0.1875 0.28125 0.84375 0.96875 0.21875 0 0.1875
0.330188679245283 12.188679245283 0.481132075471698 0.235849056603774 0.537735849056604 0.943396226415094 1.18867924528302 0.405660377358491 0.207547169811321 0.179245283018868 0.320754716981132 0.509433962264151 0.481132075471698 0.0943396226415094 0.0377358490566038 0.00943396226415094
0 0.212121212121212 20.0454545454545 2.10606060606061 1.16666666666667 1.28787878787879 2.06060606060606 1.62121212121212 1.01515151515152 0.590909090909091 0.515151515151515 0.0909090909090909 0.303030303030303 0.0909090909090909 0.181818181818182 0.0757575757575758
0.0617283950617284 0 0.320987654320988 4.20987654320988 2.38271604938272 2.35802469135802 3.16049382716049 2.62962962962963 2.8641975308642 1.46913580246914 1.33333333333333 0.518518518518518 0.222222222222222 0.222222222222222 0.271604938271605 0.333333333333333
0 0.242424242424242 0.136363636363636 1.36363636363636 3.04545454545455 2.27272727272727 3.57575757575758 2.51515151515152 2.16666666666667 1.93939393939394 2.04545454545455 0.5 0.515151515151515 0.121212121212121 0.0303030303030303 0.227272727272727
0.13953488372093 0.604651162790698 0.244186046511628 1.7906976744186 2.90697674418605 4.26744186046512 5.41860465116279 2.95348837209302 3.54651162790698 2.13953488372093 2.18604651162791 1.1046511627907 0.627906976744186 0.313953488372093 0.232558139534884 0.325581395348837
0.104477611940299 0.388059701492537 0.417910447761194 0.701492537313433 1.25373134328358 1.61194029850746 2.52238805970149 1.77611940298507 2.1044776119403 0.925373134328358 0.835820895522388 0.746268656716418 0.17910447761194 0.208955223880597 0.0447761194029851 0.119402985074627
0 0.246153846153846 0.323076923076923 0.892307692307692 1.27692307692308 1.36923076923077 3.06153846153846 2.03076923076923 2.55384615384615 1.01538461538462 0.830769230769231 0.507692307692308 0.846153846153846 0.753846153846154 0.4 0.276923076923077
0 0.1625 0.5625 1.55 2.0875 3.25 3.15 3.125 3.1375 2.0125 1.525 0.6625 0.5375 0.3625 0.325 0.1625
0.0481927710843374 0.228915662650602 0.253012048192771 0.927710843373494 1.59036144578313 1.43373493975904 2.73493975903614 2.25301204819277 2.68674698795181 1.87951807228916 1.37349397590361 1.74698795180723 0.91566265060241 0.879518072289157 0.506024096385542 0.63855421686747
0.0151515151515152 0.166666666666667 0.0454545454545455 0.96969696969697 1.09090909090909 1.95454545454545 1.6969696969697 1.21212121212121 2.04545454545455 1.28787878787879 2.37878787878788 1.18181818181818 0.409090909090909 0.545454545454545 0.636363636363636 1.01515151515152
0 0.0192307692307692 0.0961538461538462 0.269230769230769 0.788461538461538 0.788461538461538 1.84615384615385 1.30769230769231 1.32692307692308 1.01923076923077 1.88461538461538 2.5 2.55769230769231 0.980769230769231 0.557692307692308 0.942307692307692
0.02 0.16 0.02 0.08 0.48 0.4 1.12 0.9 1.32 1.04 1.84 2.1 3.78 1.48 1.28 0.7
0.0333333333333333 0.166666666666667 0.2 0 0.466666666666667 0.133333333333333 0.5 0.533333333333333 0.266666666666667 0.5 0.2 1.23333333333333 2.13333333333333 0.866666666666667 1.06666666666667 0.4
0 0 0 0.111111111111111 0 0 0.111111111111111 0.166666666666667 0.5 0.555555555555556 1.16666666666667 0.611111111111111 0.722222222222222 0.666666666666667 0.722222222222222 0.888888888888889
0 0 0.333333333333333 0 0.111111111111111 0.777777777777778 0.277777777777778 0.0555555555555556 0.222222222222222 1.16666666666667 2.77777777777778 3.11111111111111 2.38888888888889 1.27777777777778 2.94444444444444 2.66666666666667
