1.96875 1.15625 0.125 0.0625 0.8125 0.9375 0.65625 0.125 0.0625 0.1875 0.71875 0.71875 0.90625 0.21875 0 0.1875
0.036144578313253 10.6265060240964 1.2289156626506 0.036144578313253 0.301204819277108 1.01204819277108 0.975903614457831 0.0843373493975904 0.204819277108434 0.168674698795181 0.44578313253012 0.518072289156627 0.433734939759036 0.132530120481928 0 0.0602409638554217
0 0.955056179775281 17.6516853932584 0.50561797752809 0.370786516853933 0.404494382022472 1.34831460674157 1.03370786516854 0.662921348314607 0.449438202247191 0.168539325842697 0.168539325842697 0.247191011235955 0.0674157303370786 0.157303370786517 0
0.0740740740740741 0.0123456790123457 0.185185185185185 5.71604938271605 2.44444444444444 2.53086419753086 3.01234567901235 2.41975308641975 2.91358024691358 1.39506172839506 1.01234567901235 0.592592592592593 0.271604938271605 0.160493827160494 0.185185185185185 0.296296296296296
0.0151515151515152 0.136363636363636 0.0757575757575758 1.34848484848485 3.07575757575758 2.06060606060606 2.90909090909091 1.90909090909091 2.21212121212121 1.81818181818182 1.48484848484848 0.363636363636364 0.287878787878788 0.0757575757575758 0.0606060606060606 0.212121212121212
0.116279069767442 0.744186046511628 0.302325581395349 1.65116279069767 2.54651162790698 4.22093023255814 4.24418604651163 2.94186046511628 3.3953488372093 1.96511627906977 1.81395348837209 1.37209302325581 0.825581395348837 0.174418604651163 0.174418604651163 0.290697674418605
0.0597014925373134 0.283582089552239 0.492537313432836 0.955223880597015 1.73134328358209 3.04477611940298 3.37313432835821 2.56716417910448 2.52238805970149 1.86567164179104 1.49253731343284 0.716417910447761 0.134328358208955 0.253731343283582 0.0298507462686567 0.104477611940299
0 0.169230769230769 0.553846153846154 1.04615384615385 1.23076923076923 2.10769230769231 3.30769230769231 2.04615384615385 3.09230769230769 1.33846153846154 1.03076923076923 0.384615384615385 0.6 0.430769230769231 0.246153846153846 0.138461538461538
0 0.25 0.45 1.25 1.7375 2.0625 2.675 2.7375 2.525 1.7375 1.0375 0.6 0.375 0.3625 0.4 0.225
0.0120481927710843 0.156626506024096 0.313253012048193 1.04819277108434 1.65060240963855 1.57831325301205 3 2.14457831325301 2.43373493975904 1.75903614457831 1.4578313253012 1.85542168674699 1.06024096385542 0.698795180722892 0.506024096385542 1.08433734939759
0.0151515151515152 0.196969696969697 0.0454545454545455 0.606060606060606 1.09090909090909 1.3030303030303 1.36363636363636 1.22727272727273 1.60606060606061 1.34848484848485 2.36363636363636 0.787878787878788 0.53030303030303 1.13636363636364 0.257575757575758 0.409090909090909
0.0192307692307692 0.0961538461538462 0.0961538461538462 0.423076923076923 1.09615384615385 1.59615384615385 2.05769230769231 1 1.25 1.48076923076923 2.03846153846154 1.98076923076923 1.40384615384615 0.557692307692308 0.230769230769231 0.634615384615385
0.02 0.2 0.06 0.24 0.3 0.4 0.92 1 1.4 0.78 1.62 2.1 3.76 1.3 1.28 1.12
0 0.0666666666666667 0.133333333333333 0.166666666666667 0.133333333333333 0.166666666666667 0.3 0.533333333333333 0.866666666666667 0.5 0.566666666666667 1.5 1.76666666666667 2.26666666666667 1.4 0.566666666666667
0 0 0 0.5 0 0.166666666666667 0 0.444444444444444 0.388888888888889 0.5 0.166666666666667 2.55555555555556 1.94444444444444 1.61111111111111 1.27777777777778 1.11111111111111
0 0 0.0555555555555556 0 0.166666666666667 0.111111111111111 0.444444444444444 0.111111111111111 0.333333333333333 0.611111111111111 1.11111111111111 1.66666666666667 1.66666666666667 1.22222222222222 3 2.88888888888889
