0.1875 0 0.0625 0 0.84375 1.09375 0.5625 0.09375 0.03125 0.15625 0.5 0.59375 0.6875 0.125 0 0.125
0.30188679245283 14.0943396226415 0.160377358490566 0.292452830188679 0.452830188679245 1.04716981132075 1.06603773584906 0.358490566037736 0.273584905660377 0.122641509433962 0.358490566037736 0.386792452830189 0.594339622641509 0.160377358490566 0.0566037735849057 0.10377358490566
0 1.27272727272727 24.3636363636364 0.727272727272727 0.5 0.545454545454545 1.24242424242424 0.878787878787879 0.681818181818182 0.409090909090909 0.166666666666667 0.0303030303030303 0.227272727272727 0.106060606060606 0.121212121212121 0.151515151515152
0.037037037037037 0 0.234567901234568 4.77777777777778 2.18518518518519 2.5679012345679 3.33333333333333 2.54320987654321 2.85185185185185 1.75308641975309 1.17283950617284 0.641975308641975 0.222222222222222 0.234567901234568 0.283950617283951 0.37037037037037
0.0303030303030303 0.272727272727273 0.106060606060606 1.62121212121212 3.21212121212121 2.75757575757576 3.95454545454545 2.53030303030303 3.12121212121212 2.10606060606061 1.86363636363636 1.13636363636364 0.863636363636364 0.378787878787879 0.227272727272727 0.666666666666667
0.13953488372093 0.732558139534884 0.209302325581395 1.17441860465116 2.66279069767442 3.66279069767442 4.2906976744186 2.26744186046512 2.94186046511628 1.40697674418605 1.83720930232558 0.779069767441861 0.244186046511628 0.0813953488372093 0.0465116279069767 0.13953488372093
0.0597014925373134 0.492537313432836 0.238805970149254 0.82089552238806 1.50746268656716 2.38805970149254 2.67164179104478 1.7910447761194 1.97014925373134 1.28358208955224 1.43283582089552 0.611940298507463 0.477611940298507 0.164179104477612 0.0149253731343284 0.104477611940299
0 0.276923076923077 0.569230769230769 1.18461538461538 1.61538461538462 2.55384615384615 3.55384615384615 2.10769230769231 3.50769230769231 1.6 1.21538461538462 0.476923076923077 0.707692307692308 0.553846153846154 0.2 0.153846153846154
0.0125 0.275 0.2625 1.3875 1.6625 2.5625 2.4 2.95 2.5625 1.8875 1.15 0.55 0.5125 0.45 0.4375 0.1875
0 0.228915662650602 0.204819277108434 1.13253012048193 1.83132530120482 1.48192771084337 2.60240963855422 1.75903614457831 2.18072289156627 2.20481927710843 1.2289156626506 1.19277108433735 0.63855421686747 0.481927710843373 0.385542168674699 0.55421686746988
0.0606060606060606 0.151515151515152 0.0454545454545455 0.893939393939394 1.40909090909091 2.18181818181818 2.31818181818182 1.54545454545455 1.74242424242424 1.8030303030303 3.04545454545455 1.12121212121212 0.439393939393939 0.590909090909091 0.545454545454545 0.909090909090909
0 0.134615384615385 0.0961538461538462 0.346153846153846 1.13461538461538 1.26923076923077 1.38461538461538 1.05769230769231 0.942307692307692 1.28846153846154 1.01923076923077 2.19230769230769 1.11538461538462 0.557692307692308 0.25 0.403846153846154
0.06 0.2 0.02 0.06 0.44 0.3 0.6 0.58 0.84 0.62 1.3 1.58 3.92 1.04 0.7 0.64
0 0.3 0.0333333333333333 0.0333333333333333 0.1 0.0666666666666667 0.266666666666667 0.766666666666667 0.366666666666667 0.533333333333333 0.633333333333333 1.93333333333333 2.5 2.03333333333333 1.2 0.466666666666667
0 0.0555555555555556 0.0555555555555556 0.0555555555555556 0 0 0.0555555555555556 0.388888888888889 0.444444444444444 0.5 1.05555555555556 1.94444444444444 1 0.777777777777778 1.22222222222222 0.444444444444444
0 0 0.0555555555555556 0.111111111111111 0.222222222222222 0.111111111111111 0.166666666666667 0.111111111111111 0.277777777777778 0.666666666666667 0.888888888888889 1.5 1.33333333333333 0.944444444444444 2.44444444444444 1.88888888888889
