0.65625 0.46875 0.09375 0 0.9375 1.09375 0.84375 0.0625 0 0.0625 0.375 0.6875 0.625 0.15625 0 0
0.377358490566038 15.8396226415094 0.594339622641509 0.283018867924528 0.481132075471698 1.06603773584906 1.0377358490566 0.5 0.226415094339623 0.0943396226415094 0.30188679245283 0.405660377358491 0.452830188679245 0.122641509433962 0.0660377358490566 0
0 0.0909090909090909 22.530303030303 1.1969696969697 0.393939393939394 0.424242424242424 1.31818181818182 1.06060606060606 0.681818181818182 0.257575757575758 0.257575757575758 0.0909090909090909 0.46969696969697 0.0909090909090909 0.181818181818182 0.0606060606060606
0.0617283950617284 0.0246913580246914 1.38271604938272 4.39506172839506 2.53086419753086 2.67901234567901 2.62962962962963 2.40740740740741 3.04938271604938 1.61728395061728 1.18518518518519 0.62962962962963 0.185185185185185 0.246913580246914 0.308641975308642 0.432098765432099
0.0606060606060606 0.0757575757575758 0.0606060606060606 0.878787878787879 2.42424242424242 2.57575757575758 3.33333333333333 2.09090909090909 2.40909090909091 1.96969696969697 1.60606060606061 0.803030303030303 0.348484848484849 0.333333333333333 0.0909090909090909 0.242424242424242
0.0930232558139535 0.790697674418605 0.22093023255814 1.87209302325581 2.8953488372093 4.12790697674419 4.41860465116279 2.61627906976744 3.61627906976744 2.22093023255814 1.84883720930233 1.01162790697674 0.430232558139535 0.186046511627907 0.104651162790698 0.255813953488372
0.104477611940299 0.447761194029851 0.313432835820896 0.641791044776119 1.83582089552239 2.41791044776119 2.7910447761194 2.37313432835821 2.40298507462687 1.22388059701493 1.55223880597015 0.701492537313433 0.298507462686567 0.164179104477612 0.0447761194029851 0.0298507462686567
0 0.215384615384615 0.384615384615385 1.01538461538462 2.04615384615385 2.52307692307692 3.92307692307692 1.95384615384615 2.55384615384615 1.44615384615385 0.953846153846154 0.461538461538462 0.676923076923077 0.261538461538462 0.276923076923077 0.169230769230769
0.0375 0.125 0.3875 1.8375 2.2625 3.225 3.2375 3.4375 3.25 2.425 1.5375 0.375 0.4625 0.3125 0.45 0.1625
0.036144578313253 0.144578313253012 0.228915662650602 0.951807228915663 1.36144578313253 1.39759036144578 2.2289156626506 1.81927710843373 2.43373493975904 1.86746987951807 1.44578313253012 2.1566265060241 0.963855421686747 0.602409638554217 0.578313253012048 1.16867469879518
0.0606060606060606 0.212121212121212 0.0303030303030303 0.621212121212121 1.15151515151515 1.6969696969697 2.16666666666667 1.5 1.60606060606061 1.71212121212121 2.43939393939394 1.03030303030303 0.409090909090909 0.515151515151515 0.409090909090909 0.454545454545455
0.0192307692307692 0.0769230769230769 0.0384615384615385 0.326923076923077 0.961538461538462 1.17307692307692 0.980769230769231 0.769230769230769 0.865384615384615 1.30769230769231 2.23076923076923 1.76923076923077 1.01923076923077 0.730769230769231 0.596153846153846 0.557692307692308
0 0.14 0.12 0.1 0.4 0.32 0.82 0.9 0.86 0.8 1.42 1.38 3.56 0.92 0.64 0.46
0.0333333333333333 0.333333333333333 0.0333333333333333 0.0666666666666667 0.0666666666666667 0.233333333333333 1 0.766666666666667 0.433333333333333 1.1 0.866666666666667 1.66666666666667 1.7 1.46666666666667 0.733333333333333 0.5
0 0 0.111111111111111 0.166666666666667 0.333333333333333 0 0.333333333333333 0.166666666666667 0.888888888888889 0.222222222222222 0.222222222222222 0.277777777777778 0.222222222222222 1.27777777777778 1.16666666666667 0.5
0 0 0.0555555555555556 0 0.277777777777778 0.166666666666667 0.166666666666667 0.166666666666667 0 0.666666666666667 1.22222222222222 2.11111111111111 2 1.83333333333333 3 3.44444444444444
