0.0625 0.03125 0.15625 0 0.90625 1.125 0.53125 0.1875 0 0.1875 0.40625 0.6875 0.40625 0.125 0 0.15625
0.10377358490566 12.8679245283019 0.386792452830189 0.19811320754717 0.264150943396226 0.971698113207547 0.886792452830189 0.254716981132075 0.273584905660377 0.0471698113207547 0.339622641509434 0.481132075471698 0.386792452830189 0.179245283018868 0.0283018867924528 0.0566037735849057
0 0.742424242424242 20.3787878787879 1.46969696969697 0.909090909090909 0.96969696969697 1.8030303030303 1.24242424242424 0.939393939393939 0.424242424242424 0.333333333333333 0.0151515151515152 0.166666666666667 0.151515151515152 0.0757575757575758 0.121212121212121
0.0123456790123457 0.0123456790123457 0.617283950617284 6.09876543209877 2.18518518518519 3.02469135802469 3.41975308641975 3.04938271604938 3.30864197530864 1.75308641975309 1.35802469135802 0.641975308641975 0.259259259259259 0.197530864197531 0.234567901234568 0.333333333333333
0.0303030303030303 0.212121212121212 0.151515151515152 1.56060606060606 3.24242424242424 2.5 4.62121212121212 2.09090909090909 2.6969696969697 1.95454545454545 1.87878787878788 0.787878787878788 0.515151515151515 0.106060606060606 0.106060606060606 0.333333333333333
0.127906976744186 0.790697674418605 0.267441860465116 1.90697674418605 3.16279069767442 5.12790697674419 5.1046511627907 3.06976744186047 4.2906976744186 2.19767441860465 2.06976744186047 1.22093023255814 0.697674418604651 0.27906976744186 0.174418604651163 0.302325581395349
0.0298507462686567 0.283582089552239 0.328358208955224 1.1044776119403 1.56716417910448 2.25373134328358 3.34328358208955 2.19402985074627 2.49253731343284 1.65671641791045 1.41791044776119 0.791044776119403 0.417910447761194 0.208955223880597 0.0597014925373134 0.0895522388059701
0 0.169230769230769 0.415384615384615 1.16923076923077 1.44615384615385 2.03076923076923 3.09230769230769 1.98461538461538 2.6 1.27692307692308 0.723076923076923 0.276923076923077 0.4 0.261538461538462 0.215384615384615 0.0461538461538462
0.025 0.3625 0.475 1.5375 1.9125 2.825 2.675 2.7875 3.0625 1.925 1.3 0.5125 0.425 0.35 0.2875 0.1125
0.0240963855421687 0.192771084337349 0.156626506024096 1.2289156626506 2.01204819277108 1.30120481927711 2.72289156626506 2.24096385542169 2.69879518072289 2.10843373493976 2.40963855421687 1.06024096385542 0.686746987951807 0.626506024096386 0.289156626506024 0.433734939759036
0.0454545454545455 0.151515151515152 0.0303030303030303 0.575757575757576 0.893939393939394 1.16666666666667 1.36363636363636 0.848484848484849 1.37878787878788 1.3030303030303 2.13636363636364 0.848484848484849 0.439393939393939 0.454545454545455 0.393939393939394 0.333333333333333
0 0.0769230769230769 0.0192307692307692 0.442307692307692 1.25 1.44230769230769 1.21153846153846 1.07692307692308 2.03846153846154 1.26923076923077 1.96153846153846 1.86538461538462 1 0.576923076923077 0.307692307692308 0.461538461538462
0.02 0.08 0.06 0.48 0.34 0.82 1.4 1.74 1.02 0.96 1.16 2.24 4.02 1.26 0.9 0.94
0.0333333333333333 0.133333333333333 0.133333333333333 0.366666666666667 0.433333333333333 0.633333333333333 1.1 0.933333333333333 1.16666666666667 2.03333333333333 1.36666666666667 2.03333333333333 1.8 1.3 0.833333333333333 0.566666666666667
0 0 0 0 0 0 0.111111111111111 0.166666666666667 0.222222222222222 0.222222222222222 0.277777777777778 1.38888888888889 0.722222222222222 0.722222222222222 1.83333333333333 1.05555555555556
0 0 0.0555555555555556 0.111111111111111 0.111111111111111 0.222222222222222 0.0555555555555556 0.111111111111111 0.0555555555555556 0.611111111111111 0.722222222222222 1 1.11111111111111 0.777777777777778 2.61111111111111 1.77777777777778
