0.65625 0.375 0.0625 0.0625 0.875 0.96875 0.9375 0 0 0.09375 0.59375 0.90625 0.59375 0.15625 0 0.0625
0.481132075471698 12.6320754716981 0.188679245283019 0.207547169811321 0.452830188679245 1.19811320754717 0.981132075471698 0.358490566037736 0.19811320754717 0.19811320754717 0.471698113207547 0.509433962264151 0.245283018867925 0.179245283018868 0.0283018867924528 0
0 1.83333333333333 18.3939393939394 1.40909090909091 0.560606060606061 0.712121212121212 1.39393939393939 1.59090909090909 0.727272727272727 0.515151515151515 0.378787878787879 0.0909090909090909 0.348484848484848 0.0454545454545454 0.166666666666667 0.136363636363636
0.0987654320987654 0.0246913580246914 0.555555555555555 2.87654320987654 2.04938271604938 2.50617283950617 2.69135802469136 2.37037037037037 2.83950617283951 1.53086419753086 1.04938271604938 0.617283950617284 0.197530864197531 0.197530864197531 0.209876543209877 0.308641975308642
0.0454545454545454 0.212121212121212 0.106060606060606 1.42424242424242 3.09090909090909 2.60606060606061 3.48484848484848 2.13636363636364 2.72727272727273 2.09090909090909 1.72727272727273 0.893939393939394 0.53030303030303 0.348484848484848 0.106060606060606 0.272727272727273
0.116279069767442 0.767441860465116 0.197674418604651 1.69767441860465 2.83720930232558 4.38372093023256 5.08139534883721 2.97674418604651 3.87209302325581 2.17441860465116 1.77906976744186 1.2093023255814 0.616279069767442 0.267441860465116 0.232558139534884 0.325581395348837
0.0746268656716418 0.447761194029851 0.567164179104477 1 1.76119402985075 2.8955223880597 3.14925373134328 2.76119402985075 2.83582089552239 1.38805970149254 1.53731343283582 0.746268656716418 0.358208955223881 0.164179104477612 0.119402985074627 0.0895522388059701
0 0.184615384615385 0.538461538461538 1.03076923076923 1.53846153846154 2.09230769230769 3.16923076923077 2.12307692307692 2.53846153846154 1.23076923076923 0.815384615384615 0.353846153846154 0.492307692307692 0.276923076923077 0.246153846153846 0.0461538461538461
0.0125 0.1625 0.3375 1.875 2.25 2.85 3.2375 2.7875 3.3375 2.1 1.0625 0.5875 0.4625 0.325 0.425 0.1375
0.0120481927710843 0.240963855421687 0.204819277108434 1.20481927710843 1.75903614457831 1.36144578313253 2.65060240963855 2.06024096385542 2.43373493975904 1.80722891566265 2.07228915662651 0.80722891566265 0.457831325301205 0.397590361445783 0.168674698795181 0.349397590361446
0.0151515151515152 0.196969696969697 0 0.363636363636364 0.954545454545454 1.18181818181818 1.51515151515151 1.07575757575758 1.74242424242424 1.34848484848485 2.92424242424242 1.40909090909091 0.5 1.87878787878788 0.515151515151515 1.43939393939394
0.0192307692307692 0.192307692307692 0.0384615384615385 0.326923076923077 0.942307692307692 1 1.21153846153846 0.769230769230769 0.942307692307692 1.03846153846154 0.980769230769231 1.75 1.01923076923077 0.596153846153846 0.25 0.5
0 0.4 0.1 0.4 0.32 1 1.1 1.62 0.78 0.56 0.96 1.98 3.74 1.08 0.52 0.7
0 0.266666666666667 0.133333333333333 0.1 0.366666666666667 0.0666666666666667 0.5 0.733333333333333 0.533333333333333 0.666666666666667 0.2 2.8 1.93333333333333 1.86666666666667 1.43333333333333 0.633333333333333
0 0 0.0555555555555556 0.277777777777778 0.166666666666667 0.0555555555555556 0.0555555555555556 0.388888888888889 0.333333333333333 0.555555555555555 1.22222222222222 2.05555555555556 0.333333333333333 1 2.38888888888889 1.27777777777778
0 0 0 0.166666666666667 0.166666666666667 0.166666666666667 0.166666666666667 0.166666666666667 0.222222222222222 0.333333333333333 0.444444444444444 0.722222222222222 0.888888888888889 0.666666666666667 2.55555555555556 1.94444444444444
