0 0.03125 0.21875 0 0.375 1.3125 0.90625 0.15625 0.0625 0.21875 0.46875 1.46875 0.84375 0.375 0 0.21875
0.160377358490566 11.6132075471698 0.339622641509434 0.169811320754717 0.330188679245283 0.971698113207547 1.14150943396226 0.283018867924528 0.283018867924528 0.169811320754717 0.283018867924528 0.537735849056604 0.556603773584906 0.150943396226415 0.0471698113207547 0.0660377358490566
0 1.34848484848485 18.6363636363636 1 0.606060606060606 0.939393939393939 1.48484848484848 0.954545454545455 0.560606060606061 0.196969696969697 0.242424242424242 0.151515151515152 0.272727272727273 0.0454545454545455 0.0909090909090909 0.121212121212121
0.037037037037037 0.0123456790123457 1.17283950617284 6.16049382716049 2.12345679012346 3.20987654320988 3.5679012345679 2.61728395061728 3.28395061728395 1.76543209876543 1.39506172839506 0.444444444444444 0.197530864197531 0.209876543209877 0.283950617283951 0.469135802469136
0.0757575757575758 0.166666666666667 0.196969696969697 1.62121212121212 2.60606060606061 2.81818181818182 3.31818181818182 2.24242424242424 2.33333333333333 1.8030303030303 1.95454545454545 0.924242424242424 0.5 0.287878787878788 0.106060606060606 0.257575757575758
0.162790697674419 0.837209302325581 0.244186046511628 1.48837209302326 2.3953488372093 4.5 4.1046511627907 2.76744186046512 3.32558139534884 1.7093023255814 1.74418604651163 1.05813953488372 0.790697674418605 0.22093023255814 0.151162790697674 0.209302325581395
0.17910447761194 0.373134328358209 0.507462686567164 1.01492537313433 2.04477611940298 2.56716417910448 3.46268656716418 2.64179104477612 2.65671641791045 1.55223880597015 1.40298507462687 0.597014925373134 0.283582089552239 0.104477611940299 0.0597014925373134 0.0597014925373134
0 0.215384615384615 0.384615384615385 0.830769230769231 1.07692307692308 1.93846153846154 2.12307692307692 1.86153846153846 2.04615384615385 0.876923076923077 0.753846153846154 0.384615384615385 0.8 0.523076923076923 0.384615384615385 0.215384615384615
0.025 0.1375 0.4125 1.6625 2.1875 2.975 3.425 2.9625 2.8375 2.775 1.425 0.6125 0.5375 0.4375 0.4 0.1625
0.0602409638554217 0.108433734939759 0.216867469879518 1.13253012048193 1.75903614457831 1.36144578313253 2.55421686746988 2.59036144578313 2.7710843373494 2.25301204819277 1.95180722891566 0.783132530120482 0.325301204819277 0.469879518072289 0.337349397590361 0.253012048192771
0.0454545454545455 0.181818181818182 0 0.636363636363636 1.1969696969697 1.45454545454545 1.75757575757576 1.21212121212121 1.48484848484848 1.01515151515152 2.01515151515152 0.772727272727273 0.378787878787879 0.484848484848485 0.303030303030303 0.348484848484849
0.0384615384615385 0.0961538461538462 0.0576923076923077 0.384615384615385 1.07692307692308 1.13461538461538 1.09615384615385 0.923076923076923 1.05769230769231 1.46153846153846 1.53846153846154 1.48076923076923 1.15384615384615 0.442307692307692 0.423076923076923 0.230769230769231
0.04 0.14 0.02 0.34 0.44 0.78 0.66 1.24 1.1 0.5 1.14 1.2 2.78 0.62 0.84 0.34
0 0.166666666666667 0.133333333333333 0.133333333333333 0.166666666666667 0.233333333333333 0.4 1.03333333333333 0.833333333333333 0.5 0.4 1.6 1.3 1.56666666666667 1.36666666666667 0.5
0 0 0.0555555555555556 0.166666666666667 0.111111111111111 0.0555555555555556 0.166666666666667 0.333333333333333 0.444444444444444 0.5 0.666666666666667 0.611111111111111 0.833333333333333 1 0.722222222222222 0.166666666666667
0 0 0 0 0.277777777777778 0.0555555555555556 0.222222222222222 0.111111111111111 0.277777777777778 0.277777777777778 0.722222222222222 0.5 0.722222222222222 0.611111111111111 2.55555555555556 2.94444444444444
