1.3125 0.75 0 0.125 0.84375 0.625 0.59375 0 0 0.09375 0.6875 0.40625 0.46875 0.09375 0 0.0625
0.10377358490566 12.5283018867925 0.311320754716981 0.10377358490566 0.30188679245283 0.924528301886792 1.08490566037736 0.19811320754717 0.169811320754717 0.19811320754717 0.245283018867925 0.405660377358491 0.518867924528302 0.150943396226415 0.0283018867924528 0.0283018867924528
0 0.833333333333333 23.1515151515152 1.34848484848485 0.121212121212121 0.272727272727273 0.96969696969697 1.25757575757576 0.545454545454545 0.257575757575758 0.196969696969697 0.0757575757575758 0.53030303030303 0.0454545454545455 0.257575757575758 0.106060606060606
0.0617283950617284 0.0246913580246914 0.308641975308642 6.39506172839506 2.17283950617284 2.67901234567901 3.55555555555556 2.61728395061728 3.12345679012346 1.88888888888889 1.22222222222222 0.851851851851852 0.271604938271605 0.296296296296296 0.407407407407407 0.592592592592593
0.0606060606060606 0.0757575757575758 0.196969696969697 1.15151515151515 3.13636363636364 2.33333333333333 3.24242424242424 1.87878787878788 2.71212121212121 1.93939393939394 1.68181818181818 0.772727272727273 0.378787878787879 0.257575757575758 0.0909090909090909 0.196969696969697
0.0813953488372093 0.744186046511628 0.22093023255814 1.58139534883721 2.84883720930233 3.91860465116279 4.77906976744186 2.53488372093023 3.41860465116279 1.88372093023256 1.48837209302326 0.872093023255814 0.36046511627907 0.232558139534884 0.127906976744186 0.162790697674419
0.134328358208955 0.194029850746269 0.388059701492537 0.626865671641791 1.41791044776119 2.11940298507463 2.95522388059702 2.38805970149254 2.85074626865672 1.14925373134328 1.3134328358209 0.567164179104478 0.373134328358209 0.208955223880597 0.0447761194029851 0.0447761194029851
0 0.307692307692308 0.507692307692308 1.24615384615385 1.81538461538462 2.4 3.75384615384615 2.75384615384615 3.15384615384615 1.63076923076923 1.15384615384615 0.507692307692308 0.815384615384615 0.538461538461538 0.215384615384615 0.215384615384615
0 0.175 0.4875 1.6375 2.2875 2.925 3.425 3.025 3.2625 2.1875 1.35 0.475 0.4375 0.375 0.55 0.2125
0.0240963855421687 0.0963855421686747 0.240963855421687 1.24096385542169 1.89156626506024 2.10843373493976 2.86746987951807 2.55421686746988 2.89156626506024 2.69879518072289 2.08433734939759 1.48192771084337 0.55421686746988 0.421686746987952 0.481927710843373 0.662650602409639
0.0303030303030303 0.166666666666667 0.0151515151515152 0.772727272727273 1.54545454545455 2.33333333333333 2.46969696969697 1.81818181818182 1.98484848484848 1.78787878787879 2.60606060606061 1.3030303030303 0.621212121212121 2.46969696969697 0.696969696969697 0.96969696969697
0.0192307692307692 0.115384615384615 0.0576923076923077 0.230769230769231 0.596153846153846 0.980769230769231 1.46153846153846 0.711538461538462 0.807692307692308 0.961538461538462 1.80769230769231 2.05769230769231 1.25 0.5 0.211538461538462 0.423076923076923
0 0.08 0.04 0.16 0.38 0.48 0.88 0.78 0.88 0.46 0.94 1.4 4 0.66 0.92 0.48
0.0333333333333333 0.366666666666667 0.0666666666666667 0.166666666666667 0.2 0.233333333333333 0.966666666666667 0.966666666666667 0.9 0.766666666666667 0.833333333333333 1.13333333333333 2.16666666666667 1.3 1.2 0.566666666666667
0 0 0.0555555555555556 0.444444444444444 0.222222222222222 0.111111111111111 0.222222222222222 0.388888888888889 0.611111111111111 0.722222222222222 0.333333333333333 3.16666666666667 1.38888888888889 2.16666666666667 4.05555555555556 1.38888888888889
0 0 0 0.111111111111111 0.222222222222222 0.111111111111111 0.166666666666667 0.111111111111111 0.277777777777778 0.388888888888889 0.5 0.666666666666667 0.722222222222222 0.666666666666667 2.38888888888889 1.77777777777778
