0 0.125 0 0.03125 0.59375 0.96875 0.90625 0.09375 0.03125 0.125 0.40625 0.5625 0.78125 0.09375 0 0.125
0.036144578313253 10.6987951807229 1.5421686746988 0.156626506024096 0.36144578313253 1.03614457831325 1.2289156626506 0.301204819277108 0.156626506024096 0.0963855421686747 0.373493975903614 0.590361445783132 0.506024096385542 0.204819277108434 0 0.0120481927710843
0 0.696629213483146 17.6067415730337 0.97752808988764 0.606741573033708 0.876404494382022 1.42696629213483 1.47191011235955 0.539325842696629 0.382022471910112 0.280898876404494 0.202247191011236 0.258426966292135 0.0224719101123595 0.134831460674157 0.0112359550561798
0.0123456790123457 0 0.962962962962963 5.16049382716049 2.01234567901235 2.04938271604938 2.91358024691358 2.49382716049383 2.53086419753086 1.44444444444444 1 0.45679012345679 0.209876543209877 0.172839506172839 0.234567901234568 0.395061728395062
0.0151515151515152 0.0303030303030303 0.0757575757575757 0.727272727272727 1.72727272727273 1.71212121212121 1.95454545454545 1.5 1.71212121212121 1.53030303030303 1.43939393939394 0.863636363636364 0.515151515151515 0.272727272727273 0.0757575757575757 0.212121212121212
0.0930232558139535 0.616279069767442 0.313953488372093 1.48837209302326 2.40697674418605 3.81395348837209 4.08139534883721 2.61627906976744 3.2906976744186 1.73255813953488 2.04651162790698 0.686046511627907 0.36046511627907 0.162790697674419 0.104651162790698 0.13953488372093
0.0597014925373134 0.313432835820895 0.507462686567164 1.34328358208955 2.02985074626866 2.56716417910448 3.62686567164179 2.62686567164179 2.98507462686567 1.97014925373134 2 0.686567164179104 0.328358208955224 0.238805970149254 0.0895522388059701 0.104477611940298
0 0.138461538461538 0.507692307692308 0.584615384615385 1.36923076923077 1.21538461538462 2.95384615384615 1.8 2.4 0.8 0.830769230769231 0.476923076923077 0.876923076923077 0.646153846153846 0.292307692307692 0.307692307692308
0.0125 0.1625 0.325 1.3 1.675 2.1 2.0875 2.3 2.6375 1.65 1.0125 0.85 0.425 0.4875 0.5375 0.325
0.0120481927710843 0.192771084337349 0.253012048192771 1.04819277108434 2.03614457831325 1.31325301204819 2.68674698795181 2.1566265060241 2.50602409638554 2.18072289156626 1.90361445783132 1.81927710843373 1.31325301204819 0.915662650602409 0.566265060240964 1.26506024096386
0.0303030303030303 0.0757575757575757 0.106060606060606 0.863636363636364 1.68181818181818 2.22727272727273 2.95454545454545 2.04545454545454 2.53030303030303 1.62121212121212 2.25757575757576 0.924242424242424 0.348484848484848 2.1969696969697 0.318181818181818 0.424242424242424
0.0192307692307692 0.153846153846154 0.134615384615385 0.307692307692308 0.807692307692308 1.13461538461538 1.25 0.980769230769231 0.807692307692308 1.28846153846154 1.59615384615385 2.07692307692308 2.01923076923077 0.807692307692308 0.365384615384615 0.5
0 0.38 0.04 0.08 0.36 0.36 0.82 0.36 0.5 0.44 0.78 1.68 4.26 1.26 0.98 1
0.0666666666666667 0.2 0.266666666666667 0.1 0.433333333333333 0.433333333333333 0.8 0.9 1.06666666666667 1.83333333333333 1.23333333333333 1.9 1.76666666666667 1.76666666666667 1.86666666666667 0.8
0 0 0.0555555555555556 0.111111111111111 0.111111111111111 0 0.111111111111111 0.277777777777778 0.555555555555555 0.388888888888889 0.277777777777778 0.666666666666667 0.555555555555555 0.722222222222222 2.22222222222222 0.833333333333333
0 0 0 0.333333333333333 0.111111111111111 0.111111111111111 0.222222222222222 0.166666666666667 0.444444444444444 0.833333333333333 0.277777777777778 0.277777777777778 0.111111111111111 0.111111111111111 2.38888888888889 0.944444444444444
