0.0625 0.0625 0.15625 0.125 1 1 0.6875 0.125 0 0.15625 0.71875 0.53125 0.40625 0.15625 0 0.03125
0.301204819277108 11.8313253012048 1.27710843373494 0.216867469879518 0.409638554216867 1.16867469879518 0.939759036144578 0.421686746987952 0.216867469879518 0.168674698795181 0.409638554216867 0.469879518072289 0.44578313253012 0.216867469879518 0 0
0 0.606741573033708 22.3707865168539 0.853932584269663 0.460674157303371 0.617977528089888 1.08988764044944 0.97752808988764 0.573033707865168 0.168539325842697 0.235955056179775 0.179775280898876 0.382022471910112 0.112359550561798 0.224719101123595 0.0786516853932584
0.148148148148148 0.0493827160493827 0.135802469135802 4.44444444444444 1.81481481481481 1.81481481481481 2.51851851851852 2.02469135802469 2.25925925925926 1.28395061728395 1.06172839506173 0.419753086419753 0.209876543209877 0.148148148148148 0.135802469135802 0.246913580246914
0.0757575757575758 0.151515151515152 0.0909090909090909 1.03030303030303 2.03030303030303 2.18181818181818 2.8030303030303 1.72727272727273 2.33333333333333 1.48484848484848 1.63636363636364 1.07575757575758 0.712121212121212 0.363636363636364 0.166666666666667 0.439393939393939
0.162790697674419 0.604651162790698 0.337209302325581 1.69767441860465 3 4.13953488372093 5.3953488372093 3.23255813953488 3.95348837209302 2.11627906976744 2.1046511627907 1.12790697674419 0.488372093023256 0.290697674418605 0.186046511627907 0.232558139534884
0.104477611940299 0.328358208955224 0.417910447761194 0.641791044776119 1.41791044776119 1.94029850746269 2.76119402985075 2.13432835820896 2.14925373134328 1.05970149253731 1.17910447761194 0.641791044776119 0.343283582089552 0.149253731343284 0.0597014925373134 0.0597014925373134
0 0.138461538461538 0.584615384615385 1.03076923076923 1.89230769230769 2.18461538461538 3.4 2.2 2.47692307692308 1.15384615384615 0.738461538461539 0.246153846153846 0.876923076923077 0.4 0.230769230769231 0.230769230769231
0 0.15 0.2875 1.525 1.6875 2.2 2.675 2.875 2.2875 2.025 1.0875 0.35 0.35 0.325 0.475 0.1875
0 0.0963855421686747 0.301204819277108 1.44578313253012 2.21686746987952 1.91566265060241 3.1566265060241 2.42168674698795 2.55421686746988 2.75903614457831 2.26506024096386 2.02409638554217 0.91566265060241 0.566265060240964 0.481927710843373 0.879518072289157
0.0303030303030303 0.272727272727273 0.0303030303030303 0.409090909090909 1.12121212121212 1.27272727272727 1.18181818181818 0.939393939393939 1.27272727272727 1.5 2.25757575757576 0.939393939393939 0.333333333333333 2.01515151515152 0.272727272727273 0.924242424242424
0.0192307692307692 0.0769230769230769 0.0961538461538462 0.25 0.634615384615385 0.903846153846154 0.980769230769231 0.75 0.75 0.884615384615385 1.42307692307692 2.05769230769231 1.15384615384615 0.5 0.384615384615385 0.480769230769231
0 0.18 0.08 0.18 0.68 0.52 0.92 1.24 1.1 1 1.44 1.84 3.5 1.42 0.94 0.78
0.0333333333333333 0.133333333333333 0.3 0.0666666666666667 0.333333333333333 0.333333333333333 0.6 1.03333333333333 0.666666666666667 1.1 0.7 0.933333333333333 1.33333333333333 1.03333333333333 1.06666666666667 0.333333333333333
0 0.111111111111111 0 0.0555555555555556 0 0 0 0.5 0.5 0.555555555555556 0.722222222222222 1.5 1.61111111111111 0.5 2.61111111111111 0.833333333333333
0 0 0.111111111111111 0 0.0555555555555556 0.222222222222222 0.277777777777778 0.0555555555555556 0.222222222222222 0.5 1.11111111111111 1.44444444444444 1.44444444444444 0.777777777777778 2.83333333333333 1.61111111111111
