0.59375 0.40625 0.03125 0.03125 0.78125 0.8125 0.90625 0.0625 0.03125 0.15625 0.3125 0.8125 0.5625 0.15625 0 0.125
0.235849056603774 13.6320754716981 0.245283018867925 0.188679245283019 0.377358490566038 0.990566037735849 0.89622641509434 0.349056603773585 0.169811320754717 0.179245283018868 0.367924528301887 0.452830188679245 0.415094339622642 0.113207547169811 0.0660377358490566 0.0283018867924528
0 0.787878787878788 21.1818181818182 0.651515151515151 0.348484848484849 0.545454545454545 1.16666666666667 1.15151515151515 0.560606060606061 0.257575757575758 0.166666666666667 0.0757575757575758 0.393939393939394 0.0757575757575758 0.196969696969697 0.136363636363636
0.0493827160493827 0 1.34567901234568 5.44444444444444 2.2716049382716 2.65432098765432 3 2.80246913580247 2.7283950617284 1.72839506172839 1.12345679012346 0.666666666666667 0.148148148148148 0.197530864197531 0.246913580246914 0.444444444444444
0.0606060606060606 0.136363636363636 0.0606060606060606 1.83333333333333 3.21212121212121 2.43939393939394 3.95454545454545 2.31818181818182 2.36363636363636 1.6969696969697 1.75757575757576 0.681818181818182 0.515151515151515 0.272727272727273 0.121212121212121 0.363636363636364
0.151162790697674 0.523255813953488 0.22093023255814 1.55813953488372 2.65116279069767 4.30232558139535 4.82558139534884 2.97674418604651 3.24418604651163 2.12790697674419 1.96511627906977 0.697674418604651 0.27906976744186 0.174418604651163 0.0697674418604651 0.127906976744186
0.104477611940299 0.477611940298507 0.283582089552239 0.940298507462687 1.94029850746269 1.88059701492537 3.37313432835821 2.17910447761194 2.08955223880597 1.16417910447761 1.01492537313433 0.507462686567164 0.313432835820896 0.149253731343284 0.0149253731343284 0.0597014925373134
0 0.323076923076923 0.369230769230769 0.984615384615385 1.66153846153846 2.92307692307692 3.23076923076923 2.55384615384615 2.96923076923077 1.72307692307692 1.06153846153846 0.4 0.753846153846154 0.538461538461538 0.323076923076923 0.0615384615384615
0.025 0.3125 0.325 1.825 2.375 3.3625 3.175 3.525 3.5875 2.3875 1.525 0.6875 0.5625 0.375 0.4875 0.2625
0 0.313253012048193 0.253012048192771 1.57831325301205 2.09638554216867 2.02409638554217 3.67469879518072 2.3855421686747 2.93975903614458 2.34939759036145 1.44578313253012 1.6144578313253 0.927710843373494 0.614457831325301 0.373493975903614 0.734939759036145
0 0.212121212121212 0.0303030303030303 0.742424242424242 1.01515151515152 1.89393939393939 2.04545454545455 1.28787878787879 1.68181818181818 1.36363636363636 2.60606060606061 0.924242424242424 0.46969696969697 2.43939393939394 0.348484848484849 0.53030303030303
0 0.153846153846154 0.115384615384615 0.211538461538462 0.538461538461538 1.07692307692308 1.21153846153846 0.884615384615385 0.711538461538462 0.903846153846154 2.55769230769231 1.55769230769231 1.03846153846154 0.25 0.115384615384615 0.230769230769231
0.04 0.04 0.06 0.1 0.28 0.34 0.98 0.66 1.12 1.14 1.42 1.74 4.6 1.64 0.66 0.88
0.0333333333333333 0.166666666666667 0.1 0.0666666666666667 0.266666666666667 0.166666666666667 0.566666666666667 0.5 0.366666666666667 0.4 0.766666666666667 1.16666666666667 1.8 1.2 1.53333333333333 0.4
0 0.0555555555555556 0.0555555555555556 0.0555555555555556 0.111111111111111 0 0.166666666666667 0.555555555555556 0.444444444444444 0.166666666666667 0.611111111111111 1.55555555555556 0.777777777777778 0.555555555555556 2.22222222222222 0.666666666666667
0 0 0 0.222222222222222 0.277777777777778 0.111111111111111 0.0555555555555556 0.166666666666667 0.222222222222222 0.666666666666667 0.555555555555556 0.333333333333333 0.555555555555556 0.388888888888889 1.33333333333333 1.83333333333333
