0.71875 0.46875 0 0.03125 0.375 0.9375 0.9375 0.03125 0 0.0625 0.46875 0.34375 0.9375 0.125 0 0.0625
0.469879518072289 12.0240963855422 1.42168674698795 0.132530120481928 0.44578313253012 1.32530120481928 1.26506024096386 0.27710843373494 0.168674698795181 0.108433734939759 0.385542168674699 0.530120481927711 0.421686746987952 0.120481927710843 0.036144578313253 0.0843373493975904
0 0.797752808988764 19.9775280898876 1.68539325842697 0.460674157303371 0.640449438202247 1.41573033707865 1.12359550561798 0.674157303370786 0.426966292134831 0.247191011235955 0.0786516853932584 0.370786516853933 0.0674157303370786 0.123595505617978 0.0786516853932584
0.0987654320987654 0.0123456790123457 0.679012345679012 7.02469135802469 1.96296296296296 2.54320987654321 3.48148148148148 2.85185185185185 2.98765432098765 1.65432098765432 1.01234567901235 0.62962962962963 0.246913580246914 0.234567901234568 0.222222222222222 0.432098765432099
0.0454545454545455 0.272727272727273 0.181818181818182 1.42424242424242 2.71212121212121 2.93939393939394 3.6969696969697 2.48484848484848 3.06060606060606 2.40909090909091 1.96969696969697 0.833333333333333 0.621212121212121 0.242424242424242 0.121212121212121 0.439393939393939
0.13953488372093 0.581395348837209 0.313953488372093 1.27906976744186 2.25581395348837 3.56976744186047 3.7093023255814 2.55813953488372 2.58139534883721 1.46511627906977 1.73255813953488 0.662790697674419 0.186046511627907 0.13953488372093 0.0465116279069767 0.209302325581395
0.149253731343284 0.388059701492537 0.298507462686567 0.641791044776119 1.25373134328358 2.46268656716418 2.98507462686567 2.26865671641791 2.3134328358209 1.43283582089552 1.59701492537313 0.522388059701492 0.358208955223881 0.208955223880597 0 0.0149253731343284
0 0.123076923076923 0.476923076923077 0.953846153846154 1.23076923076923 1.92307692307692 2.69230769230769 1.98461538461538 2.56923076923077 1.07692307692308 0.784615384615385 0.507692307692308 0.815384615384615 0.6 0.261538461538462 0.2
0.05 0.15 0.5 1.7625 2.2125 3.1875 2.9125 3 2.925 2.075 1.6125 0.4875 0.5125 0.275 0.5375 0.15
0.036144578313253 0.132530120481928 0.156626506024096 0.91566265060241 1.71084337349398 1.07228915662651 2.30120481927711 1.96385542168675 2.34939759036145 1.92771084337349 1.67469879518072 1.68674698795181 0.891566265060241 0.674698795180723 0.373493975903614 0.759036144578313
0.0303030303030303 0.166666666666667 0.0303030303030303 0.560606060606061 1.33333333333333 1.63636363636364 1.8030303030303 1.31818181818182 1.65151515151515 1.57575757575758 2.22727272727273 0.984848484848485 0.454545454545455 2.33333333333333 0.348484848484849 0.833333333333333
0.0192307692307692 0 0.115384615384615 0.115384615384615 0.346153846153846 0.576923076923077 0.653846153846154 0.461538461538462 0.826923076923077 0.634615384615385 1.34615384615385 1.46153846153846 1.26923076923077 0.423076923076923 0.192307692307692 0.423076923076923
0.04 0.22 0.02 0.48 0.72 0.84 1.48 1.8 1.5 1.04 1.76 1.62 3.66 0.92 1 1.06
0 0.366666666666667 0.0666666666666667 0.3 0.533333333333333 0.3 0.866666666666667 1.06666666666667 1.26666666666667 1.23333333333333 0.533333333333333 1.26666666666667 1.16666666666667 1.9 0.7 0.4
0 0.0555555555555556 0 0.166666666666667 0 0.0555555555555556 0 0.388888888888889 0.333333333333333 0.611111111111111 0.666666666666667 2.44444444444444 1.77777777777778 1.38888888888889 1.66666666666667 0.333333333333333
0 0 0.0555555555555556 0.222222222222222 0.388888888888889 0.166666666666667 0.333333333333333 0.222222222222222 0.388888888888889 0.833333333333333 1.33333333333333 1.44444444444444 1.27777777777778 1 3.11111111111111 3.5
