0.0625 0.09375 0.0625 0.03125 1.15625 0.96875 0.65625 0.09375 0.0625 0.34375 0.6875 1.0625 0.59375 0.21875 0 0.1875
0.072289156626506 10.8433734939759 1.49397590361446 0.036144578313253 0.325301204819277 1.01204819277108 0.91566265060241 0.132530120481928 0.132530120481928 0.072289156626506 0.337349397590361 0.493975903614458 0.289156626506024 0.108433734939759 0 0.0240963855421687
0 0.662921348314607 17.7752808988764 0.865168539325843 0.370786516853933 0.539325842696629 1.41573033707865 0.752808988764045 0.674157303370786 0.292134831460674 0.157303370786517 0.112359550561798 0.235955056179775 0.101123595505618 0.179775280898876 0.0449438202247191
0.0493827160493827 0.037037037037037 0.419753086419753 4.85185185185185 2.28395061728395 2.83950617283951 3.35802469135802 2.18518518518519 3.12345679012346 1.95061728395062 1.4320987654321 0.506172839506173 0.172839506172839 0.185185185185185 0.246913580246914 0.407407407407407
0.0454545454545455 0.136363636363636 0.0909090909090909 1 2.93939393939394 2.18181818181818 2.98484848484848 1.72727272727273 2.28787878787879 1.66666666666667 1.6969696969697 0.893939393939394 0.651515151515151 0.242424242424242 0.121212121212121 0.272727272727273
0.0930232558139535 0.720930232558139 0.13953488372093 1.51162790697674 2.45348837209302 3.74418604651163 4.53488372093023 2.52325581395349 3.53488372093023 2.08139534883721 1.68604651162791 1.05813953488372 0.465116279069767 0.186046511627907 0.127906976744186 0.209302325581395
0.164179104477612 0.283582089552239 0.432835820895522 0.985074626865672 1.83582089552239 2.34328358208955 2.80597014925373 2.85074626865672 2.23880597014925 1.14925373134328 1.07462686567164 0.940298507462687 0.447761194029851 0.17910447761194 0.0597014925373134 0.0895522388059701
0 0.153846153846154 0.553846153846154 1 1.64615384615385 2.18461538461538 3.10769230769231 2.6 2.44615384615385 1.18461538461538 0.861538461538462 0.153846153846154 0.292307692307692 0.276923076923077 0.138461538461538 0.0307692307692308
0 0.075 0.4625 1.625 2.125 2.6875 2.7125 3.425 3.3375 2.2125 1.325 0.4875 0.35 0.3625 0.2625 0.1375
0.0481927710843374 0.156626506024096 0.301204819277108 1.26506024096386 1.95180722891566 1.53012048192771 2.8433734939759 2.34939759036145 3 2.26506024096386 2.03614457831325 1.44578313253012 0.891566265060241 0.734939759036145 0.421686746987952 0.734939759036145
0.0303030303030303 0.166666666666667 0.0757575757575758 0.833333333333333 1.07575757575758 1.66666666666667 2.1969696969697 1.13636363636364 1.56060606060606 1.37878787878788 2.21212121212121 0.651515151515151 0.303030303030303 0.984848484848485 0.151515151515152 0.348484848484849
0 0.0576923076923077 0.0384615384615385 0.326923076923077 0.788461538461538 1.09615384615385 1.30769230769231 0.865384615384615 1.17307692307692 1.15384615384615 2.25 1.65384615384615 1.38461538461538 0.461538461538462 0.480769230769231 0.442307692307692
0 0.12 0.1 0.48 0.68 1.12 1.14 2 0.9 0.72 1.32 1.46 3.06 1 0.3 0.58
0.0333333333333333 0.3 0.3 0.0666666666666667 0.133333333333333 0.133333333333333 0.733333333333333 0.966666666666667 0.766666666666667 0.966666666666667 0.566666666666667 1.9 2.7 2.16666666666667 2.36666666666667 0.466666666666667
0 0 0 0.222222222222222 0 0.0555555555555556 0.277777777777778 0.166666666666667 0.611111111111111 0.444444444444444 0.277777777777778 1.61111111111111 1.16666666666667 1.05555555555556 2 0.277777777777778
0 0 0.111111111111111 0.222222222222222 0.277777777777778 0.333333333333333 0.277777777777778 0.166666666666667 0.333333333333333 0.888888888888889 1.38888888888889 1.72222222222222 1.33333333333333 0.888888888888889 2.05555555555556 2.22222222222222
