1.1875 0.75 0.09375 0 0.53125 1.25 0.65625 0.1875 0 0.1875 0.3125 0.5 0.59375 0.125 0 0.09375
0.156626506024096 13.1927710843374 1.36144578313253 0.0602409638554217 0.313253012048193 1.13253012048193 1.18072289156627 0.27710843373494 0.180722891566265 0.168674698795181 0.349397590361446 0.542168674698795 0.385542168674699 0.120481927710843 0.0120481927710843 0
0 0.359550561797753 19.2247191011236 1.07865168539326 0.674157303370786 0.674157303370786 1.42696629213483 1.30337078651685 0.853932584269663 0.370786516853933 0.292134831460674 0.112359550561798 0.539325842696629 0.0786516853932584 0.179775280898876 0.0449438202247191
0.0493827160493827 0.0493827160493827 0.864197530864197 3.75308641975309 2.4320987654321 2.28395061728395 3.65432098765432 2.90123456790123 3.12345679012346 1.82716049382716 1.08641975308642 0.493827160493827 0.259259259259259 0.209876543209877 0.148148148148148 0.259259259259259
0.0151515151515152 0.196969696969697 0.212121212121212 1.46969696969697 3.04545454545455 3.33333333333333 3.40909090909091 2.24242424242424 2.48484848484848 2.09090909090909 1.98484848484848 0.439393939393939 0.318181818181818 0.121212121212121 0.0151515151515152 0.136363636363636
0.0697674418604651 0.709302325581395 0.232558139534884 1.56976744186047 2.72093023255814 4.04651162790698 5.09302325581395 2.74418604651163 3.5 2.46511627906977 1.97674418604651 0.930232558139535 0.418604651162791 0.290697674418605 0.104651162790698 0.290697674418605
0.164179104477612 0.298507462686567 0.402985074626866 0.567164179104478 1.40298507462687 2.14925373134328 2.92537313432836 2.35820895522388 2.16417910447761 0.835820895522388 1.08955223880597 0.82089552238806 0.402985074626866 0.194029850746269 0.0447761194029851 0.0298507462686567
0 0.153846153846154 0.6 1.15384615384615 1.41538461538462 2.26153846153846 3.03076923076923 2.29230769230769 3.01538461538462 1.16923076923077 0.707692307692308 0.246153846153846 0.707692307692308 0.384615384615385 0.230769230769231 0.169230769230769
0 0.1125 0.475 1.4375 1.8625 2.4125 2.6125 2.55 2.8625 2.425 1.1625 0.625 0.5625 0.35 0.55 0.2375
0.0240963855421687 0.072289156626506 0.216867469879518 1.04819277108434 1.8433734939759 1.40963855421687 2.74698795180723 2.32530120481928 2.44578313253012 2.26506024096386 2.30120481927711 1.46987951807229 0.72289156626506 0.493975903614458 0.325301204819277 0.662650602409639
0.0151515151515152 0.136363636363636 0.0606060606060606 0.96969696969697 1.56060606060606 2.62121212121212 3.13636363636364 1.66666666666667 1.84848484848485 1.15151515151515 2.68181818181818 1.13636363636364 0.378787878787879 0.575757575757576 0.318181818181818 1.25757575757576
0 0.0384615384615385 0.173076923076923 0.211538461538462 0.653846153846154 0.923076923076923 1.21153846153846 1.03846153846154 0.769230769230769 0.961538461538462 2.17307692307692 1.78846153846154 1.75 0.557692307692308 0.307692307692308 0.5
0 0.28 0.04 0.08 0.3 0.16 0.78 0.6 0.7 0.7 1.22 1.72 3.1 1.36 0.84 0.64
0 0.0333333333333333 0.133333333333333 0.2 0.266666666666667 0.166666666666667 0.3 0.566666666666667 1.13333333333333 0.466666666666667 0.7 1.33333333333333 1.73333333333333 1.8 1.33333333333333 0.233333333333333
0 0 0.0555555555555556 0.166666666666667 0 0.0555555555555556 0.0555555555555556 0.388888888888889 0.277777777777778 0.666666666666667 0.666666666666667 2.66666666666667 1.61111111111111 1.22222222222222 0.944444444444444 0.444444444444444
0 0 0 0 0.166666666666667 0.0555555555555556 0.166666666666667 0.0555555555555556 0.166666666666667 0.222222222222222 0.388888888888889 1.44444444444444 1.44444444444444 1.16666666666667 1.55555555555556 1.22222222222222
