0.59375 0.40625 0.0625 0.03125 0.78125 0.875 0.875 0.0625 0 0.15625 0.375 0.59375 0.875 0.09375 0 0.0625
0.0566037735849057 13.7547169811321 0.443396226415094 0.179245283018868 0.216981132075472 1.0188679245283 0.849056603773585 0.226415094339623 0.19811320754717 0.179245283018868 0.273584905660377 0.650943396226415 0.245283018867925 0.141509433962264 0.0188679245283019 0.0283018867924528
0 0.757575757575758 19.8787878787879 1.33333333333333 0.848484848484849 0.727272727272727 1.66666666666667 1.12121212121212 0.818181818181818 0.242424242424242 0.242424242424242 0.121212121212121 0.272727272727273 0.0151515151515152 0.196969696969697 0.0909090909090909
0.037037037037037 0.0246913580246914 0.851851851851852 5.25925925925926 1.79012345679012 1.83950617283951 2.92592592592593 1.75308641975309 2.50617283950617 1.40740740740741 1 0.444444444444444 0.148148148148148 0.222222222222222 0.172839506172839 0.283950617283951
0.0303030303030303 0.166666666666667 0.166666666666667 1.27272727272727 2.71212121212121 2.81818181818182 3.63636363636364 2.40909090909091 2.46969696969697 2.12121212121212 1.95454545454545 0.848484848484849 0.53030303030303 0.242424242424242 0.121212121212121 0.363636363636364
0.209302325581395 0.720930232558139 0.36046511627907 1.87209302325581 3.65116279069767 4.96511627906977 5.74418604651163 3.16279069767442 4.66279069767442 2.19767441860465 2.26744186046512 1.12790697674419 0.651162790697674 0.383720930232558 0.197674418604651 0.209302325581395
0.134328358208955 0.328358208955224 0.313432835820896 0.805970149253731 1.50746268656716 2.46268656716418 3.11940298507463 2.07462686567164 2.6865671641791 1.73134328358209 1.98507462686567 0.671641791044776 0.343283582089552 0.164179104477612 0.0447761194029851 0.0895522388059701
0 0.261538461538462 0.446153846153846 0.815384615384615 1.72307692307692 2.04615384615385 2.67692307692308 2.09230769230769 2.63076923076923 0.569230769230769 0.707692307692308 0.476923076923077 0.738461538461539 0.430769230769231 0.276923076923077 0.184615384615385
0.0125 0.0875 0.3 1.375 1.675 2.475 2.5375 2.5 3.0375 2.1 1.0375 0.675 0.425 0.35 0.5875 0.2875
0 0.204819277108434 0.265060240963855 0.951807228915663 1.36144578313253 1.3855421686747 2.14457831325301 1.62650602409639 2.03614457831325 1.85542168674699 1.18072289156627 1.63855421686747 1.20481927710843 0.879518072289157 0.710843373493976 1
0.0151515151515152 0.181818181818182 0.0151515151515152 0.696969696969697 0.863636363636364 1.5 1.37878787878788 1.07575757575758 1.5 1.21212121212121 2.40909090909091 0.893939393939394 0.5 1.95454545454545 0.348484848484849 0.424242424242424
0.0192307692307692 0.0384615384615385 0.0769230769230769 0.153846153846154 0.557692307692308 0.865384615384615 0.865384615384615 0.615384615384615 0.807692307692308 0.903846153846154 0.846153846153846 1.44230769230769 1.03846153846154 0.269230769230769 0.0576923076923077 0.538461538461538
0.02 0.3 0.1 0.12 0.2 0.32 0.62 0.64 1.28 0.66 1.38 2.04 4.4 1.36 1.52 1.08
0 0.166666666666667 0.133333333333333 0.1 0.1 0.0333333333333333 0.333333333333333 0.266666666666667 0.266666666666667 0.266666666666667 0.3 0.933333333333333 0.966666666666667 0.933333333333333 0.966666666666667 0.2
0 0.111111111111111 0.111111111111111 0.333333333333333 0.111111111111111 0.111111111111111 0.222222222222222 1.16666666666667 0.833333333333333 0.833333333333333 1.72222222222222 2.22222222222222 1.77777777777778 1.72222222222222 0.833333333333333 0.333333333333333
0 0 0.166666666666667 0.222222222222222 0.222222222222222 0.333333333333333 0.166666666666667 0.166666666666667 0.222222222222222 1.11111111111111 1.66666666666667 1.61111111111111 1.22222222222222 0.611111111111111 2.83333333333333 2.22222222222222
