0.0625 0.03125 0.09375 0.03125 0.84375 1 0.71875 0.03125 0 0.125 0.5 0.9375 0.40625 0.125 0 0.09375
0.325301204819277 9.90361445783133 1.04819277108434 0.265060240963855 0.506024096385542 1.2289156626506 1.25301204819277 0.36144578313253 0.180722891566265 0.108433734939759 0.433734939759036 0.27710843373494 0.530120481927711 0.216867469879518 0.0481927710843374 0.072289156626506
0 1.50561797752809 22.0224719101124 1.20224719101124 0.573033707865168 0.786516853932584 1.39325842696629 1.01123595505618 0.640449438202247 0.202247191011236 0.224719101123595 0.112359550561798 0.325842696629214 0.0786516853932584 0.202247191011236 0.101123595505618
0.037037037037037 0.037037037037037 0.271604938271605 5.41975308641975 2.34567901234568 2.55555555555556 3.07407407407407 2.34567901234568 2.82716049382716 1.37037037037037 1.01234567901235 0.839506172839506 0.333333333333333 0.37037037037037 0.358024691358025 0.506172839506173
0.0151515151515152 0.0454545454545455 0.121212121212121 1.07575757575758 2.54545454545455 2.28787878787879 2.83333333333333 1.86363636363636 2.65151515151515 2 1.68181818181818 0.409090909090909 0.166666666666667 0.106060606060606 0.0303030303030303 0.106060606060606
0.0930232558139535 0.569767441860465 0.395348837209302 1.86046511627907 2.95348837209302 4.31395348837209 5.09302325581395 3.43023255813953 4.06976744186047 2.48837209302326 2.27906976744186 0.988372093023256 0.418604651162791 0.406976744186047 0.13953488372093 0.348837209302326
0.0597014925373134 0.283582089552239 0.358208955223881 1.04477611940298 1.47761194029851 2.50746268656716 2.74626865671642 2.2089552238806 2.47761194029851 1.37313432835821 1.32835820895522 0.716417910447761 0.328358208955224 0.0895522388059701 0.0298507462686567 0.0746268656716418
0 0.184615384615385 0.461538461538462 1.10769230769231 1.33846153846154 2.01538461538462 3.16923076923077 1.96923076923077 2.89230769230769 1.29230769230769 0.876923076923077 0.307692307692308 0.615384615384615 0.446153846153846 0.230769230769231 0.153846153846154
0 0.1125 0.4 1.925 2.2375 3.0125 3.1 3.225 3.1625 1.9125 1.3625 0.6 0.6625 0.3 0.3375 0.075
0.0481927710843374 0.108433734939759 0.216867469879518 1.27710843373494 1.98795180722892 1.65060240963855 2.87951807228916 2.44578313253012 2.69879518072289 2.14457831325301 2.16867469879518 1.97590361445783 1.13253012048193 0.783132530120482 0.650602409638554 0.819277108433735
0.0454545454545455 0.0606060606060606 0.0151515151515152 0.545454545454545 1.27272727272727 1.68181818181818 1.96969696969697 1.46969696969697 1.71212121212121 1.46969696969697 2.24242424242424 1.27272727272727 0.545454545454545 1.28787878787879 0.621212121212121 1.43939393939394
0 0 0.173076923076923 0.192307692307692 0.634615384615385 0.769230769230769 1.19230769230769 0.769230769230769 0.807692307692308 1 1.53846153846154 2.38461538461538 2.07692307692308 0.769230769230769 0.596153846153846 0.807692307692308
0 0.3 0.06 0.32 0.3 0.68 1.26 1.46 1.3 0.9 1.4 1.94 4.5 1.24 1.04 1.06
0.0333333333333333 0.3 0.2 0.233333333333333 0.333333333333333 0.333333333333333 0.8 0.9 1.23333333333333 0.866666666666667 0.533333333333333 1.03333333333333 1.7 1.73333333333333 0.8 0.433333333333333
0 0.0555555555555556 0 0 0.444444444444444 0 0.333333333333333 0.333333333333333 0.722222222222222 0.333333333333333 1.38888888888889 1.72222222222222 1.27777777777778 2 2.44444444444444 1.55555555555556
0 0 0.0555555555555556 0 0.5 0.166666666666667 0.111111111111111 0.111111111111111 0.111111111111111 0.388888888888889 1.5 1.11111111111111 1.11111111111111 1 4.11111111111111 4.44444444444444
