0.65625 0.5 0.0625 0.03125 1.09375 1.125 0.625 0.09375 0 0.0625 0.5625 0.375 0.5 0.03125 0 0.09375
0.377358490566038 14.1981132075472 0.349056603773585 0.245283018867925 0.481132075471698 1.16037735849057 0.971698113207547 0.377358490566038 0.264150943396226 0.160377358490566 0.377358490566038 0.5 0.632075471698113 0.0660377358490566 0.0377358490566038 0.0377358490566038
0 0.166666666666667 24.7272727272727 1.21212121212121 0.545454545454545 0.681818181818182 1.46969696969697 0.909090909090909 0.590909090909091 0.196969696969697 0.227272727272727 0.0454545454545455 0.348484848484849 0.151515151515152 0.136363636363636 0.0606060606060606
0.037037037037037 0.0493827160493827 0.481481481481481 4.53086419753086 2.34567901234568 2.53086419753086 2.69135802469136 2.74074074074074 2.97530864197531 1.55555555555556 1.02469135802469 0.975308641975309 0.407407407407407 0.320987654320988 0.358024691358025 0.62962962962963
0.0454545454545455 0.136363636363636 0.106060606060606 1.46969696969697 2.72727272727273 2.5 3.15151515151515 1.78787878787879 2.42424242424242 1.95454545454545 1.54545454545455 1.21212121212121 0.742424242424242 0.46969696969697 0.196969696969697 0.409090909090909
0.0813953488372093 0.779069767441861 0.151162790697674 1.18604651162791 2.22093023255814 3.40697674418605 4.24418604651163 2.13953488372093 2.88372093023256 1.87209302325581 1.41860465116279 0.651162790697674 0.476744186046512 0.174418604651163 0.116279069767442 0.116279069767442
0.0298507462686567 0.507462686567164 0.313432835820896 0.985074626865672 1.41791044776119 2.44776119402985 3.53731343283582 2.05970149253731 3.13432835820896 1.41791044776119 1.59701492537313 0.791044776119403 0.358208955223881 0.194029850746269 0.0597014925373134 0.0746268656716418
0 0.323076923076923 0.4 0.861538461538462 1.53846153846154 2.33846153846154 3.26153846153846 2.07692307692308 2.69230769230769 1.10769230769231 0.953846153846154 0.584615384615385 1.30769230769231 0.861538461538462 0.446153846153846 0.430769230769231
0.0125 0.2375 0.375 1.6 1.525 2.05 2.2875 2.275 3.1 1.775 0.925 0.525 0.3625 0.4 0.2875 0.2
0.0240963855421687 0.192771084337349 0.144578313253012 1.32530120481928 2.1566265060241 1.83132530120482 3.27710843373494 2.62650602409639 2.95180722891566 2.32530120481928 1.51807228915663 1.24096385542169 0.662650602409639 0.421686746987952 0.674698795180723 0.698795180722892
0 0.136363636363636 0.0151515151515152 0.46969696969697 1.04545454545455 1.12121212121212 1.54545454545455 1.24242424242424 1.16666666666667 1.03030303030303 2.6969696969697 1.3030303030303 0.621212121212121 2.34848484848485 0.454545454545455 1.1969696969697
0.0192307692307692 0.153846153846154 0.115384615384615 0.346153846153846 0.653846153846154 1.11538461538462 1.11538461538462 0.865384615384615 0.730769230769231 1.38461538461538 1.55769230769231 1.67307692307692 1.44230769230769 0.307692307692308 0.211538461538462 0.519230769230769
0 0.22 0.02 0.06 0.48 0.46 0.88 0.66 0.86 1.34 1.48 1.78 3.8 1.46 1.06 0.66
0.0333333333333333 0.2 0.2 0.1 0.233333333333333 0.0666666666666667 0.6 0.3 1 0.4 0.466666666666667 1.6 2.53333333333333 1.4 1.13333333333333 0.466666666666667
0 0.0555555555555556 0.0555555555555556 0.111111111111111 0 0 0.0555555555555556 0.333333333333333 0.666666666666667 0.222222222222222 0.888888888888889 2.55555555555556 1.83333333333333 1.27777777777778 1.66666666666667 0.722222222222222
0 0 0.111111111111111 0.111111111111111 0.222222222222222 0.277777777777778 0.111111111111111 0.0555555555555556 0.222222222222222 0.555555555555556 1.05555555555556 1.05555555555556 0.833333333333333 0.277777777777778 1.55555555555556 0.833333333333333
