0.0625 0.09375 0.0625 0 0.875 1.15625 0.65625 0.03125 0 0.21875 0.40625 0.84375 0.46875 0.125 0 0.09375
0.120481927710843 9.50602409638554 0.710843373493976 0.0240963855421687 0.493975903614458 1.02409638554217 1.36144578313253 0.132530120481928 0.192771084337349 0.180722891566265 0.289156626506024 0.578313253012048 0.337349397590361 0.0843373493975904 0.0120481927710843 0.0240963855421687
0 0.831460674157303 19.4494382022472 1 0.584269662921348 0.775280898876405 1.48314606741573 1 0.640449438202247 0.292134831460674 0.235955056179775 0.134831460674157 0.337078651685393 0.0786516853932584 0.101123595505618 0.0337078651685393
0.0740740740740741 0.037037037037037 0.54320987654321 4.09876543209877 1.92592592592593 1.87654320987654 2.79012345679012 2.25925925925926 2.61728395061728 1.50617283950617 1.09876543209877 0.320987654320988 0.246913580246914 0.135802469135802 0.111111111111111 0.123456790123457
0.0454545454545455 0.136363636363636 0.272727272727273 1.22727272727273 2.1969696969697 2.15151515151515 3.03030303030303 1.93939393939394 2.24242424242424 1.57575757575758 1.74242424242424 0.454545454545455 0.424242424242424 0.212121212121212 0.0303030303030303 0.121212121212121
0.0930232558139535 0.627906976744186 0.337209302325581 1.48837209302326 2.72093023255814 4.45348837209302 4.16279069767442 3.19767441860465 3.25581395348837 2.15116279069767 2.02325581395349 0.779069767441861 0.232558139534884 0.104651162790698 0.0465116279069767 0.162790697674419
0.0895522388059701 0.26865671641791 0.417910447761194 0.701492537313433 1.23880597014925 2 2.92537313432836 1.94029850746269 2.3134328358209 1.32835820895522 1.3134328358209 0.656716417910448 0.26865671641791 0.194029850746269 0.0447761194029851 0.119402985074627
0 0.0923076923076923 0.553846153846154 0.738461538461539 0.907692307692308 1.38461538461538 1.83076923076923 1.70769230769231 2.24615384615385 0.769230769230769 0.615384615384615 0.292307692307692 0.569230769230769 0.307692307692308 0.0769230769230769 0.0153846153846154
0 0.2125 0.4 1.125 1.45 2.3 2.675 2.3 2.7875 1.35 0.925 0.8125 0.45 0.3875 0.625 0.325
0.0240963855421687 0.0963855421686747 0.216867469879518 1.04819277108434 1.57831325301205 1.2289156626506 2.37349397590361 1.92771084337349 2.39759036144578 1.75903614457831 1.43373493975904 0.686746987951807 0.373493975903614 0.337349397590361 0.216867469879518 0.289156626506024
0.0303030303030303 0.136363636363636 0.0151515151515152 0.409090909090909 0.909090909090909 0.818181818181818 1.04545454545455 0.96969696969697 1.74242424242424 1.28787878787879 2.46969696969697 1.07575757575758 0.424242424242424 1.34848484848485 0.484848484848485 0.863636363636364
0 0.115384615384615 0.0961538461538462 0.365384615384615 0.826923076923077 1.13461538461538 1.25 0.980769230769231 1.19230769230769 1.44230769230769 1.75 2.11538461538462 2.19230769230769 0.730769230769231 0.326923076923077 0.615384615384615
0 0.3 0.1 0.3 0.22 0.72 1.16 1.08 0.74 0.4 0.74 1.48 4.26 1.02 0.72 0.86
0.0333333333333333 0.2 0.233333333333333 0.233333333333333 0.233333333333333 0.233333333333333 0.566666666666667 0.8 0.766666666666667 0.866666666666667 0.633333333333333 1.46666666666667 1.63333333333333 1.7 1.2 0.7
0 0 0.111111111111111 0.111111111111111 0 0 0 0.277777777777778 0.555555555555556 0.555555555555556 0.333333333333333 0.888888888888889 1.27777777777778 0.833333333333333 3.27777777777778 0.333333333333333
0 0 0 0.222222222222222 0.333333333333333 0.0555555555555556 0 0.111111111111111 0.166666666666667 0.444444444444444 0.555555555555556 0.555555555555556 0.555555555555556 0.333333333333333 4.38888888888889 2.27777777777778
