0.71875 0.375 0.3125 0 0.84375 1.15625 1.09375 0.15625 0 0.15625 0.375 1.0625 0.5 0.25 0 0.03125
0.0566037735849057 12.0094339622642 0.471698113207547 0.10377358490566 0.216981132075472 0.858490566037736 1 0.330188679245283 0.264150943396226 0.113207547169811 0.283018867924528 0.566037735849057 0.405660377358491 0.122641509433962 0.0188679245283019 0.0754716981132075
0 0.212121212121212 21.4848484848485 1.18181818181818 0.333333333333333 0.363636363636364 1.07575757575758 1.62121212121212 0.46969696969697 0.363636363636364 0.181818181818182 0.0454545454545455 0.348484848484849 0.151515151515152 0.212121212121212 0.0909090909090909
0 0.0493827160493827 0.962962962962963 3.11111111111111 1.88888888888889 2.64197530864198 3.33333333333333 2.66666666666667 3.32098765432099 1.92592592592593 1.17283950617284 0.728395061728395 0.308641975308642 0.246913580246914 0.271604938271605 0.407407407407407
0.0454545454545455 0.106060606060606 0.136363636363636 1.59090909090909 3 2.98484848484848 4.18181818181818 2.68181818181818 3.33333333333333 2.46969696969697 2.06060606060606 0.666666666666667 0.454545454545455 0.303030303030303 0.151515151515152 0.378787878787879
0.0813953488372093 0.546511627906977 0.174418604651163 1.59302325581395 2.77906976744186 3.97674418604651 5.34883720930233 2.61627906976744 3.69767441860465 1.73255813953488 1.63953488372093 0.906976744186046 0.488372093023256 0.209302325581395 0.116279069767442 0.127906976744186
0.0597014925373134 0.223880597014925 0.343283582089552 0.522388059701492 0.895522388059702 1.23880597014925 2.28358208955224 1.37313432835821 2.02985074626866 0.791044776119403 1.04477611940298 0.477611940298507 0.358208955223881 0.104477611940299 0.0298507462686567 0.0597014925373134
0 0.215384615384615 0.430769230769231 1.30769230769231 1.83076923076923 2.44615384615385 3.21538461538462 3.10769230769231 3.38461538461538 1.47692307692308 0.769230769230769 0.446153846153846 0.415384615384615 0.276923076923077 0.138461538461538 0.0461538461538462
0.0125 0.15 0.275 1.325 1.6375 2.0375 2.925 2.3125 2.8125 1.75 0.95 0.5875 0.425 0.4375 0.5 0.225
0.0481927710843374 0.0963855421686747 0.204819277108434 1.1566265060241 1.65060240963855 1.19277108433735 2.44578313253012 2.01204819277108 2.89156626506024 1.93975903614458 1.75903614457831 1.71084337349398 0.831325301204819 0.698795180722892 0.433734939759036 0.602409638554217
0.0151515151515152 0.181818181818182 0 0.257575757575758 0.893939393939394 1 1.24242424242424 0.681818181818182 0.878787878787879 0.893939393939394 2.12121212121212 1.06060606060606 0.484848484848485 1.12121212121212 0.303030303030303 0.666666666666667
0 0.115384615384615 0.0384615384615385 0.288461538461538 0.903846153846154 1 1.19230769230769 1.01923076923077 1.15384615384615 0.961538461538462 1.55769230769231 1.96153846153846 1.5 0.557692307692308 0.307692307692308 0.288461538461538
0.02 0.26 0.08 0.1 0.44 0.38 0.78 0.8 0.98 0.78 1.48 1.3 3.6 0.94 0.9 0.82
0 0.0666666666666667 0.133333333333333 0.133333333333333 0.266666666666667 0.433333333333333 0.533333333333333 0.7 1 1.1 0.9 1.66666666666667 1.36666666666667 1.2 2.56666666666667 0.266666666666667
0 0 0.111111111111111 0.222222222222222 0 0.0555555555555556 0.111111111111111 0.555555555555556 0.333333333333333 0.555555555555556 0.222222222222222 0.611111111111111 0.388888888888889 0.777777777777778 1.44444444444444 0.944444444444444
0 0 0.0555555555555556 0.222222222222222 0.222222222222222 0.166666666666667 0.0555555555555556 0.166666666666667 0.166666666666667 0.833333333333333 0.888888888888889 2.61111111111111 2.16666666666667 1.88888888888889 3.83333333333333 2.22222222222222
