0 0.125 0 0 0.8125 1.03125 0.65625 0 0 0.21875 0.25 0.6875 0.34375 0 0 0.03125
0.358490566037736 12.7924528301887 0.358490566037736 0.179245283018868 0.405660377358491 0.877358490566038 0.952830188679245 0.415094339622642 0.19811320754717 0.264150943396226 0.320754716981132 0.584905660377358 0.462264150943396 0.141509433962264 0.10377358490566 0.0471698113207547
0 0.121212121212121 21.4393939393939 1.06060606060606 0.5 0.560606060606061 1.1969696969697 1 0.772727272727273 0.303030303030303 0.333333333333333 0.136363636363636 0.242424242424242 0.0909090909090909 0.227272727272727 0.0606060606060606
0.123456790123457 0.0493827160493827 0.62962962962963 6.96296296296296 1.60493827160494 1.82716049382716 2.66666666666667 2.14814814814815 2.37037037037037 1.11111111111111 0.716049382716049 0.296296296296296 0.135802469135802 0.135802469135802 0.123456790123457 0.283950617283951
0.0303030303030303 0.136363636363636 0.166666666666667 0.954545454545455 3.07575757575758 2.25757575757576 2.95454545454545 1.72727272727273 2.03030303030303 1.56060606060606 1.57575757575758 0.363636363636364 0.257575757575758 0.0454545454545455 0.0151515151515152 0.121212121212121
0.0930232558139535 0.627906976744186 0.244186046511628 1.58139534883721 2.30232558139535 3.76744186046512 4.24418604651163 2.5 2.93023255813953 1.77906976744186 1.91860465116279 0.848837209302326 0.488372093023256 0.22093023255814 0.151162790697674 0.209302325581395
0.0895522388059701 0.492537313432836 0.283582089552239 0.567164179104478 1.3134328358209 2.92537313432836 2.6865671641791 2.52238805970149 2.64179104477612 1.97014925373134 2.25373134328358 0.805970149253731 0.358208955223881 0.0746268656716418 0.0447761194029851 0.0597014925373134
0 0.2 0.415384615384615 0.923076923076923 1.33846153846154 1.67692307692308 3.03076923076923 1.50769230769231 2.01538461538462 1.24615384615385 0.984615384615385 0.338461538461538 0.938461538461538 0.6 0.323076923076923 0.353846153846154
0 0.175 0.2875 1.25 1.4 2 2.625 2.1375 2.45 1.5 0.825 0.625 0.4 0.525 0.525 0.2375
0.036144578313253 0.337349397590361 0.192771084337349 1.2289156626506 1.85542168674699 1.5421686746988 2.72289156626506 2.25301204819277 2.74698795180723 2.21686746987952 1.57831325301205 1.57831325301205 0.602409638554217 0.493975903614458 0.265060240963855 0.63855421686747
0.0151515151515152 0.242424242424242 0.0151515151515152 0.696969696969697 1.51515151515152 1.74242424242424 2.09090909090909 1.40909090909091 1.77272727272727 1.28787878787879 1.98484848484848 1.09090909090909 0.363636363636364 1.16666666666667 0.393939393939394 0.878787878787879
0.0192307692307692 0.153846153846154 0.0961538461538462 0.307692307692308 0.653846153846154 1 0.961538461538462 0.884615384615385 0.788461538461538 1.30769230769231 1.78846153846154 1.42307692307692 1.34615384615385 0.557692307692308 0.269230769230769 0.557692307692308
0 0.1 0 0.22 0.44 0.6 1.06 1.14 1.04 0.98 1.18 2.42 4.74 1.54 1.04 1.08
0 0.133333333333333 0.166666666666667 0.1 0.366666666666667 0.366666666666667 0.633333333333333 0.7 0.666666666666667 0.266666666666667 0.2 0.566666666666667 1.16666666666667 0.8 0.766666666666667 0.133333333333333
0 0 0.0555555555555556 0.222222222222222 0 0 0.111111111111111 0.166666666666667 0.388888888888889 0.277777777777778 0.5 2 0.722222222222222 0.666666666666667 2.66666666666667 0.666666666666667
0 0 0.277777777777778 0.111111111111111 0.222222222222222 0.611111111111111 0 0.0555555555555556 0.111111111111111 1.05555555555556 2.27777777777778 2.44444444444444 1.94444444444444 0.888888888888889 3.33333333333333 2.16666666666667
