0.59375 0.46875 0.03125 0.03125 0.84375 0.90625 0.90625 0.0625 0.03125 0.21875 0.40625 0.875 0.75 0.1875 0 0.0625
0.108433734939759 9.31325301204819 0.662650602409639 0.0602409638554217 0.421686746987952 0.91566265060241 1.13253012048193 0.204819277108434 0.132530120481928 0.168674698795181 0.349397590361446 0.409638554216867 0.397590361445783 0.144578313253012 0.0120481927710843 0.0120481927710843
0 0.584269662921348 22.6067415730337 0.853932584269663 0.404494382022472 0.629213483146067 1.32584269662921 0.932584269662921 0.51685393258427 0.370786516853933 0.112359550561798 0.0224719101123595 0.426966292134831 0.0224719101123595 0.157303370786517 0.0786516853932584
0.0740740740740741 0.0246913580246914 0.580246913580247 4.66666666666667 1.55555555555556 2.44444444444444 3.04938271604938 2.1358024691358 2.96296296296296 2.08641975308642 1.4320987654321 0.728395061728395 0.271604938271605 0.259259259259259 0.246913580246914 0.395061728395062
0.0606060606060606 0.166666666666667 0.106060606060606 0.848484848484849 2.03030303030303 2.10606060606061 3.25757575757576 1.74242424242424 2.04545454545455 1.34848484848485 1.45454545454545 0.651515151515151 0.515151515151515 0.242424242424242 0.0909090909090909 0.212121212121212
0.174418604651163 0.63953488372093 0.151162790697674 1 2.18604651162791 3.09302325581395 4.16279069767442 2.40697674418605 2.56976744186047 1.52325581395349 1.77906976744186 1.02325581395349 0.651162790697674 0.13953488372093 0.174418604651163 0.209302325581395
0.0746268656716418 0.328358208955224 0.477611940298507 0.671641791044776 1.04477611940298 2.25373134328358 3.29850746268657 1.80597014925373 2.05970149253731 0.850746268656716 1.1044776119403 0.82089552238806 0.238805970149254 0.238805970149254 0.0447761194029851 0.0298507462686567
0 0.153846153846154 0.569230769230769 1.09230769230769 1.4 2.21538461538462 3.44615384615385 2.43076923076923 2.83076923076923 1.36923076923077 0.969230769230769 0.138461538461538 0.276923076923077 0.215384615384615 0.153846153846154 0.0461538461538462
0.0125 0.225 0.4 1.5 2.1625 2.275 3.25 2.675 2.9625 2.2 1.2125 0.6 0.55 0.35 0.325 0.225
0.0240963855421687 0.120481927710843 0.373493975903614 1.04819277108434 1.7710843373494 1.6144578313253 2.63855421686747 2.07228915662651 2.26506024096386 2.24096385542169 1.85542168674699 2.03614457831325 1.08433734939759 0.734939759036145 0.590361445783133 1
0.0151515151515152 0.0909090909090909 0.0606060606060606 0.833333333333333 1.15151515151515 1.87878787878788 1.98484848484848 1.33333333333333 1.74242424242424 1.07575757575758 2.39393939393939 0.681818181818182 0.348484848484849 1.5 0.227272727272727 0.257575757575758
0 0.0576923076923077 0.0769230769230769 0.307692307692308 0.942307692307692 1.07692307692308 1.5 1.05769230769231 1.17307692307692 1.07692307692308 1.48076923076923 1.92307692307692 1.44230769230769 0.807692307692308 0.365384615384615 0.865384615384615
0 0.04 0.02 0.2 0.5 0.6 0.74 0.94 0.84 0.82 1.88 1.94 3.52 1.22 0.72 1.06
0.0333333333333333 0.233333333333333 0.3 0.1 0.0666666666666667 0.2 0.733333333333333 1 0.7 0.666666666666667 0.666666666666667 1 1.63333333333333 1.26666666666667 1.43333333333333 0.366666666666667
0 0.111111111111111 0.0555555555555556 0.222222222222222 0.111111111111111 0.0555555555555556 0.166666666666667 0.777777777777778 0.5 0.444444444444444 0.611111111111111 1.22222222222222 0.944444444444444 0.444444444444444 2.05555555555556 0.944444444444444
0 0 0 0.555555555555556 0.277777777777778 0.0555555555555556 0.333333333333333 0.388888888888889 0.611111111111111 1.33333333333333 0.722222222222222 0.777777777777778 0.611111111111111 0.611111111111111 2.16666666666667 2.38888888888889
