0.0625 0.03125 0.0625 0 0.53125 1 0.6875 0.125 0.03125 0.25 0.34375 0.75 0.6875 0.09375 0 0.09375
0.289156626506024 10.3373493975904 0.927710843373494 0.072289156626506 0.481927710843373 1.21686746987952 0.987951807228916 0.204819277108434 0.156626506024096 0.0963855421686747 0.469879518072289 0.44578313253012 0.409638554216867 0.0602409638554217 0.036144578313253 0.0240963855421687
0 1.17977528089888 17.1910112359551 1.41573033707865 0.359550561797753 0.595505617977528 1.38202247191011 1.25842696629213 0.629213483146067 0.426966292134831 0.247191011235955 0.112359550561798 0.292134831460674 0.0337078651685393 0.213483146067416 0.0449438202247191
0.037037037037037 0.0493827160493827 0.320987654320988 4.88888888888889 2.2716049382716 2.98765432098765 3.20987654320988 3.01234567901235 3.20987654320988 1.81481481481481 1.18518518518519 0.555555555555556 0.160493827160494 0.222222222222222 0.333333333333333 0.37037037037037
0.0303030303030303 0.0909090909090909 0.121212121212121 1.07575757575758 2.96969696969697 2.33333333333333 2.40909090909091 1.62121212121212 2.43939393939394 1.8030303030303 1.66666666666667 1.48484848484848 0.833333333333333 0.545454545454545 0.257575757575758 0.575757575757576
0.116279069767442 0.941860465116279 0.325581395348837 1.33720930232558 2.72093023255814 4.02325581395349 4.53488372093023 2.55813953488372 3.3953488372093 1.24418604651163 1.69767441860465 1.2093023255814 0.918604651162791 0.209302325581395 0.232558139534884 0.36046511627907
0.104477611940299 0.26865671641791 0.432835820895522 1.04477611940298 1.77611940298507 2.14925373134328 3.40298507462687 2.35820895522388 1.97014925373134 1.25373134328358 0.955223880597015 0.641791044776119 0.313432835820896 0.104477611940299 0.0597014925373134 0.0746268656716418
0 0.0615384615384615 0.553846153846154 1.2 2.01538461538462 2.44615384615385 3.98461538461538 2.52307692307692 2.49230769230769 1.75384615384615 1.16923076923077 0.369230769230769 0.784615384615385 0.461538461538462 0.292307692307692 0.169230769230769
0.0125 0.1125 0.35 1.3125 1.6375 2.5875 2.55 2.875 2.4375 1.6 0.95 0.3375 0.375 0.225 0.6625 0.2
0.0120481927710843 0.132530120481928 0.409638554216867 1.1566265060241 1.37349397590361 1.74698795180723 2.40963855421687 2.07228915662651 2.92771084337349 1.60240963855422 1.33734939759036 1.24096385542169 0.421686746987952 0.469879518072289 0.313253012048193 0.301204819277108
0.0454545454545455 0.0909090909090909 0.0303030303030303 0.378787878787879 1.1969696969697 1.37878787878788 1.48484848484848 1.18181818181818 1.72727272727273 1.65151515151515 2.42424242424242 1.22727272727273 0.636363636363636 1.31818181818182 0.545454545454545 1.42424242424242
0.0384615384615385 0.0384615384615385 0.173076923076923 0.25 0.75 0.75 1 1.17307692307692 1.01923076923077 0.961538461538462 1.48076923076923 2 1.82692307692308 0.769230769230769 0.326923076923077 0.230769230769231
0.08 0.12 0.14 0.24 0.22 0.66 1.02 1.2 0.76 0.38 1.6 1.16 2.38 0.86 0.74 0.34
0 0.133333333333333 0.233333333333333 0.333333333333333 0.3 0.3 0.7 0.933333333333333 1.26666666666667 0.666666666666667 0.8 0.966666666666667 1.53333333333333 1.4 1.03333333333333 0.4
0 0.0555555555555556 0 0.166666666666667 0 0 0.111111111111111 0.388888888888889 0.5 0.0555555555555556 0.388888888888889 1.22222222222222 1.11111111111111 0.777777777777778 2.33333333333333 1.55555555555556
0 0 0.0555555555555556 0.222222222222222 0.277777777777778 0.166666666666667 0.333333333333333 0.111111111111111 0.444444444444444 0.611111111111111 0.944444444444444 1.22222222222222 0.944444444444444 0.5 2.61111111111111 1.77777777777778
