0.65625 0.4375 0.03125 0 1 1.0625 0.53125 0.09375 0.03125 0.15625 0.4375 0.625 0.5 0.21875 0 0.0625
0.433734939759036 9.26506024096386 1.27710843373494 0.204819277108434 0.518072289156627 1.02409638554217 1.06024096385542 0.349397590361446 0.168674698795181 0.156626506024096 0.301204819277108 0.566265060240964 0.518072289156627 0.108433734939759 0.0120481927710843 0
0 1.17977528089888 17.561797752809 0.584269662921348 0.426966292134831 0.707865168539326 1.07865168539326 1.20224719101124 0.528089887640449 0.202247191011236 0.202247191011236 0.112359550561798 0.382022471910112 0 0.191011235955056 0.0674157303370786
0.0493827160493827 0.0123456790123457 0.580246913580247 4.67901234567901 1.95061728395062 1.96296296296296 3.08641975308642 2.5679012345679 2.82716049382716 1.54320987654321 1.11111111111111 0.62962962962963 0.271604938271605 0.246913580246914 0.271604938271605 0.308641975308642
0.0757575757575758 0.212121212121212 0.0757575757575758 1.22727272727273 2.54545454545455 2.33333333333333 2.98484848484848 2.12121212121212 2.04545454545455 1.65151515151515 1.60606060606061 0.893939393939394 0.560606060606061 0.257575757575758 0.121212121212121 0.272727272727273
0.104651162790698 0.697674418604651 0.337209302325581 1.81395348837209 2.5 4.23255813953488 4.83720930232558 2.81395348837209 4 2.09302325581395 2.24418604651163 0.906976744186046 0.267441860465116 0.36046511627907 0.151162790697674 0.302325581395349
0.0447761194029851 0.343283582089552 0.522388059701492 1.01492537313433 1.46268656716418 2.95522388059702 3.34328358208955 2.34328358208955 2.88059701492537 2.08955223880597 2.16417910447761 0.761194029850746 0.641791044776119 0.17910447761194 0.0895522388059701 0.119402985074627
0 0.169230769230769 0.553846153846154 1.18461538461538 1.8 2.41538461538462 4.10769230769231 3.16923076923077 3.12307692307692 1.98461538461538 1.35384615384615 0.553846153846154 1.10769230769231 0.830769230769231 0.323076923076923 0.230769230769231
0 0.125 0.275 1.7875 1.975 2.9375 2.6625 2.7125 2.925 2.3875 1.4 0.45 0.5375 0.3125 0.4375 0.1375
0.0240963855421687 0.0843373493975904 0.204819277108434 0.939759036144578 1.5421686746988 1.2289156626506 2.27710843373494 1.49397590361446 1.79518072289157 2.20481927710843 1.81927710843373 2.26506024096386 1.57831325301205 1.01204819277108 0.734939759036145 1.36144578313253
0.0303030303030303 0.196969696969697 0.0454545454545455 0.954545454545455 1.18181818181818 2.10606060606061 1.89393939393939 1.1969696969697 1.89393939393939 1.03030303030303 2.56060606060606 0.909090909090909 0.439393939393939 0.424242424242424 0.560606060606061 0.424242424242424
0 0.0192307692307692 0.192307692307692 0.480769230769231 1.19230769230769 1.55769230769231 1.94230769230769 1.34615384615385 1.38461538461538 1.61538461538462 1.53846153846154 1.78846153846154 1.25 0.653846153846154 0.288461538461538 0.326923076923077
0.02 0.14 0.14 0.22 0.44 0.44 0.92 1.06 0.86 0.78 1.96 1.42 3.6 1.08 0.8 0.62
0 0.3 0.1 0.3 0.266666666666667 0.3 0.666666666666667 1 0.766666666666667 1.43333333333333 0.866666666666667 1.93333333333333 1.86666666666667 1.16666666666667 1.03333333333333 0.433333333333333
0 0 0 0.277777777777778 0.111111111111111 0.0555555555555556 0.0555555555555556 0.166666666666667 0.222222222222222 0.222222222222222 0.222222222222222 1 0.555555555555556 0.888888888888889 1.27777777777778 1
0 0 0.0555555555555556 0.111111111111111 0.222222222222222 0.111111111111111 0 0.0555555555555556 0.111111111111111 0.388888888888889 0.777777777777778 0.666666666666667 0.611111111111111 0.111111111111111 2.38888888888889 1.11111111111111
