0.59375 0.46875 0.0625 0 0.59375 1.21875 0.9375 0.09375 0.0625 0.25 0.53125 1.03125 0.9375 0.25 0 0.21875
0.265060240963855 9.06024096385542 0.927710843373494 0.192771084337349 0.433734939759036 1.30120481927711 0.951807228915663 0.337349397590361 0.216867469879518 0.108433734939759 0.409638554216867 0.63855421686747 0.55421686746988 0.0963855421686747 0.0120481927710843 0
0 0.764044943820225 20.1123595505618 0.764044943820225 0.235955056179775 0.325842696629214 1.28089887640449 0.98876404494382 0.49438202247191 0.247191011235955 0.168539325842697 0.146067415730337 0.382022471910112 0.123595505617978 0.134831460674157 0.0224719101123595
0.0246913580246914 0.0123456790123457 2.06172839506173 5.24691358024691 2.02469135802469 2.39506172839506 3.24691358024691 2.77777777777778 3.1358024691358 1.64197530864198 1.25925925925926 0.62962962962963 0.333333333333333 0.185185185185185 0.160493827160494 0.320987654320988
0.0606060606060606 0.181818181818182 0.136363636363636 1.43939393939394 2.87878787878788 2.36363636363636 3.48484848484848 1.65151515151515 1.87878787878788 1.40909090909091 1.54545454545455 0.5 0.454545454545455 0.121212121212121 0 0.121212121212121
0.13953488372093 0.732558139534884 0.348837209302326 1.44186046511628 2.54651162790698 4.12790697674419 4.80232558139535 2.81395348837209 3.68604651162791 1.67441860465116 2.26744186046512 0.813953488372093 0.232558139534884 0.209302325581395 0.127906976744186 0.209302325581395
0.0447761194029851 0.432835820895522 0.522388059701492 0.701492537313433 1.43283582089552 2.28358208955224 2.71641791044776 2.05970149253731 2.22388059701493 1.29850746268657 1.53731343283582 0.686567164179104 0.402985074626866 0.134328358208955 0.0746268656716418 0.0597014925373134
0 0.107692307692308 0.553846153846154 0.969230769230769 1.63076923076923 2.29230769230769 3.53846153846154 2.15384615384615 2.6 1.16923076923077 1.03076923076923 0.307692307692308 0.415384615384615 0.369230769230769 0.230769230769231 0.169230769230769
0.0125 0.1375 0.35 1.3375 1.9 2.3625 2.425 2.5 2.5875 1.5625 1.2 0.6 0.375 0.3875 0.5125 0.2625
0.0240963855421687 0.156626506024096 0.204819277108434 1.18072289156627 1.83132530120482 1.48192771084337 2.75903614457831 2.03614457831325 2.62650602409639 2.16867469879518 1.59036144578313 1.91566265060241 0.843373493975904 0.662650602409639 0.265060240963855 0.686746987951807
0.0151515151515152 0.242424242424242 0.0303030303030303 0.681818181818182 1.3030303030303 1.62121212121212 1.93939393939394 1.31818181818182 1.59090909090909 1.36363636363636 2.37878787878788 1.22727272727273 0.46969696969697 0.560606060606061 0.212121212121212 0.742424242424242
0.0384615384615385 0.115384615384615 0.153846153846154 0.346153846153846 0.711538461538462 1 1.5 1 1.19230769230769 1.25 2.11538461538462 2.19230769230769 2.13461538461538 0.538461538461538 0.192307692307692 0.346153846153846
0 0.34 0.06 0.18 0.36 0.34 1.38 1 0.98 1.06 1.22 1.12 3.74 1 0.66 0.88
0 0.2 0.2 0.266666666666667 0.333333333333333 0.233333333333333 0.666666666666667 0.866666666666667 1.46666666666667 1.1 0.9 1.9 2.7 1.4 1.6 0.5
0 0.111111111111111 0 0.277777777777778 0.111111111111111 0.0555555555555556 0.222222222222222 0.777777777777778 0.722222222222222 0.5 0.777777777777778 2.38888888888889 1.61111111111111 1.22222222222222 2.44444444444444 1
0 0 0.111111111111111 0 0.166666666666667 0.277777777777778 0.166666666666667 0.0555555555555556 0.111111111111111 0.555555555555556 1.27777777777778 1.77777777777778 1.61111111111111 1.16666666666667 2.77777777777778 2.38888888888889
