0 0.0625 0.03125 0.03125 0.75 1.15625 0.8125 0 0 0.0625 0.375 0.375 0.78125 0.09375 0 0.0625
0.339622641509434 10.311320754717 0.613207547169811 0.245283018867925 0.471698113207547 0.990566037735849 1.18867924528302 0.349056603773585 0.160377358490566 0.216981132075472 0.367924528301887 0.462264150943396 0.462264150943396 0.0943396226415094 0.0188679245283019 0.0377358490566038
0 0.454545454545455 24.6515151515152 1.86363636363636 0.378787878787879 0.409090909090909 1.15151515151515 1.33333333333333 0.803030303030303 0.424242424242424 0.318181818181818 0.0757575757575758 0.5 0.0303030303030303 0.166666666666667 0.151515151515152
0.0617283950617284 0.0246913580246914 0.851851851851852 4.14814814814815 2.54320987654321 2.65432098765432 3.81481481481481 3.48148148148148 3.5679012345679 1.95061728395062 1.19753086419753 0.444444444444444 0.0740740740740741 0.123456790123457 0.123456790123457 0.160493827160494
0.0909090909090909 0.181818181818182 0.181818181818182 1.28787878787879 2.81818181818182 2.36363636363636 3.04545454545455 2.13636363636364 2.78787878787879 2.10606060606061 1.86363636363636 0.651515151515151 0.515151515151515 0.272727272727273 0.136363636363636 0.424242424242424
0.151162790697674 0.523255813953488 0.313953488372093 1.47674418604651 2.59302325581395 3.87209302325581 4.23255813953488 2.66279069767442 3.27906976744186 1.81395348837209 2 0.837209302325581 0.523255813953488 0.267441860465116 0.13953488372093 0.209302325581395
0.119402985074627 0.358208955223881 0.208955223880597 0.895522388059702 1.56716417910448 2.29850746268657 2.70149253731343 2.3134328358209 1.74626865671642 1.14925373134328 0.955223880597015 0.835820895522388 0.298507462686567 0.0746268656716418 0.0447761194029851 0.0895522388059701
0 0.261538461538462 0.446153846153846 0.923076923076923 1.50769230769231 2.12307692307692 2.92307692307692 2.2 2.76923076923077 1.35384615384615 0.846153846153846 0.646153846153846 1 0.661538461538462 0.415384615384615 0.215384615384615
0 0.2375 0.2875 1.6875 2.05 3.05 3.0625 2.675 3.1 2.3375 1.2375 0.5875 0.4125 0.35 0.45 0.15
0.0240963855421687 0.180722891566265 0.27710843373494 1.25301204819277 1.85542168674699 1.60240963855422 2.51807228915663 2.31325301204819 2.39759036144578 2.43373493975904 1.49397590361446 1.67469879518072 0.759036144578313 0.518072289156627 0.55421686746988 0.710843373493976
0.0303030303030303 0.196969696969697 0.0303030303030303 0.803030303030303 1.54545454545455 1.68181818181818 1.6969696969697 1.72727272727273 1.72727272727273 1.37878787878788 2.37878787878788 0.984848484848485 0.409090909090909 0.909090909090909 0.242424242424242 0.242424242424242
0.0384615384615385 0.153846153846154 0.0769230769230769 0.269230769230769 0.634615384615385 0.961538461538462 1.28846153846154 0.730769230769231 0.942307692307692 0.923076923076923 2.38461538461538 1.80769230769231 1.86538461538462 0.730769230769231 0.461538461538462 0.615384615384615
0.02 0.32 0.12 0.26 0.36 0.66 1.04 1.14 0.92 0.68 1.44 1.8 3.96 1.44 0.7 0.66
0 0.366666666666667 0.166666666666667 0.1 0 0 0.4 0.766666666666667 0.966666666666667 0.5 0.433333333333333 1.23333333333333 2.4 1.83333333333333 1.1 0.433333333333333
0 0 0 0.222222222222222 0.111111111111111 0.0555555555555556 0.111111111111111 0.222222222222222 0.444444444444444 0.388888888888889 0.333333333333333 0.833333333333333 0.611111111111111 0.5 0.611111111111111 0.333333333333333
0 0 0 0.333333333333333 0.222222222222222 0.166666666666667 0.166666666666667 0.222222222222222 0.333333333333333 0.833333333333333 0.444444444444444 0.5 0.388888888888889 0.444444444444444 2.05555555555556 1.55555555555556
