0.125 0.0625 0 0 1.09375 0.78125 0.84375 0.09375 0.03125 0.21875 0.59375 0.65625 0.875 0.09375 0 0.125
0.0754716981132075 14.2830188679245 0.386792452830189 0.19811320754717 0.330188679245283 1.09433962264151 0.905660377358491 0.39622641509434 0.254716981132075 0.150943396226415 0.273584905660377 0.424528301886792 0.330188679245283 0.19811320754717 0.0471698113207547 0.00943396226415094
0 1.5 17.6060606060606 1.18181818181818 0.742424242424242 0.893939393939394 1.59090909090909 1.43939393939394 0.954545454545455 0.46969696969697 0.348484848484849 0.0303030303030303 0.378787878787879 0.0909090909090909 0.287878787878788 0.0151515151515152
0.0246913580246914 0 0.308641975308642 6.14814814814815 2.02469135802469 2.38271604938272 2.90123456790123 2.44444444444444 2.77777777777778 1.39506172839506 1.18518518518519 0.45679012345679 0.135802469135802 0.123456790123457 0.160493827160494 0.271604938271605
0.0606060606060606 0.166666666666667 0.0454545454545455 0.742424242424242 2.01515151515152 1.74242424242424 2.86363636363636 1.53030303030303 1.60606060606061 1.25757575757576 1.48484848484848 0.666666666666667 0.575757575757576 0.257575757575758 0.106060606060606 0.242424242424242
0.162790697674419 0.546511627906977 0.255813953488372 1.81395348837209 2.93023255813953 4.81395348837209 4.75581395348837 3.22093023255814 3.83720930232558 2.52325581395349 2.17441860465116 1 0.313953488372093 0.255813953488372 0.127906976744186 0.255813953488372
0.0447761194029851 0.208955223880597 0.492537313432836 0.552238805970149 1.38805970149254 1.82089552238806 2.05970149253731 1.95522388059702 2.22388059701493 0.955223880597015 1.16417910447761 0.656716417910448 0.313432835820896 0.164179104477612 0.0447761194029851 0.0895522388059701
0 0.323076923076923 0.292307692307692 0.923076923076923 1.01538461538462 1.49230769230769 2.83076923076923 2.09230769230769 2.84615384615385 1.04615384615385 0.738461538461539 0.384615384615385 0.446153846153846 0.4 0.184615384615385 0.0307692307692308
0.0125 0.2375 0.3875 1.5 2.1375 2.65 2.9875 3.0375 2.775 2.1125 1.1375 0.5125 0.3625 0.3375 0.4125 0.2
0.0481927710843374 0.228915662650602 0.228915662650602 1.2289156626506 1.43373493975904 1.30120481927711 2.24096385542169 1.78313253012048 2.12048192771084 1.89156626506024 1.25301204819277 1.60240963855422 1.02409638554217 0.759036144578313 0.590361445783133 0.795180722891566
0.0454545454545455 0.272727272727273 0 0.378787878787879 0.833333333333333 1.16666666666667 1.43939393939394 0.833333333333333 1.10606060606061 1.16666666666667 1.86363636363636 1.03030303030303 0.348484848484849 0.848484848484849 0.272727272727273 0.681818181818182
0.0192307692307692 0.0961538461538462 0.0576923076923077 0.211538461538462 0.442307692307692 0.807692307692308 1.30769230769231 1.01923076923077 1.11538461538462 1.15384615384615 1.82692307692308 2.26923076923077 1.94230769230769 0.75 0.384615384615385 0.615384615384615
0.06 0.32 0.08 0.12 0.2 0.26 1 0.88 1.1 1.08 1.58 1.8 3.12 1.52 0.96 0.56
0 0.3 0.0666666666666667 0.1 0.1 0.233333333333333 0.466666666666667 0.933333333333333 0.7 1.03333333333333 0.933333333333333 1.8 2.56666666666667 1.8 1.36666666666667 0.433333333333333
0 0 0.0555555555555556 0.166666666666667 0 0.0555555555555556 0.222222222222222 0.222222222222222 0.333333333333333 0.444444444444444 0.555555555555556 1.44444444444444 0.611111111111111 0.666666666666667 0.388888888888889 2
0 0 0.111111111111111 0.277777777777778 0.222222222222222 0.222222222222222 0.0555555555555556 0.166666666666667 0.166666666666667 0.888888888888889 1.33333333333333 1.44444444444444 1.38888888888889 0.777777777777778 2.94444444444444 2.44444444444444
