0.65625 0.40625 0.1875 0.0625 0.5625 1.15625 0.71875 0.125 0.03125 0.125 0.5625 0.96875 0.5 0.28125 0 0.15625
0.207547169811321 13.877358490566 0.188679245283019 0.188679245283019 0.367924528301887 0.849056603773585 1.10377358490566 0.330188679245283 0.179245283018868 0.207547169811321 0.19811320754717 0.462264150943396 0.254716981132075 0.141509433962264 0.0471698113207547 0
0 1.33333333333333 19.8333333333333 1.54545454545455 0.712121212121212 0.909090909090909 1.56060606060606 1.04545454545455 0.833333333333333 0.212121212121212 0.333333333333333 0.0606060606060606 0.363636363636364 0.0606060606060606 0.272727272727273 0.106060606060606
0.0617283950617284 0.037037037037037 0.617283950617284 5.20987654320988 2.74074074074074 2.40740740740741 3.28395061728395 2.59259259259259 3.65432098765432 1.58024691358025 1.24691358024691 0.234567901234568 0.185185185185185 0.0987654320987654 0.185185185185185 0.172839506172839
0.121212121212121 0.106060606060606 0.0606060606060606 0.696969696969697 2.60606060606061 2 2.10606060606061 1.63636363636364 1.96969696969697 1.54545454545455 1.37878787878788 0.227272727272727 0.106060606060606 0.0757575757575758 0.0151515151515152 0.106060606060606
0.104651162790698 0.825581395348837 0.22093023255814 1.36046511627907 2.31395348837209 3.75581395348837 3.91860465116279 2.22093023255814 3.2906976744186 1.7093023255814 1.58139534883721 0.976744186046512 0.244186046511628 0.232558139534884 0.0581395348837209 0.174418604651163
0.0597014925373134 0.402985074626866 0.373134328358209 0.701492537313433 1.61194029850746 1.82089552238806 2.85074626865672 1.61194029850746 1.88059701492537 0.850746268656716 0.865671641791045 0.507462686567164 0.432835820895522 0.26865671641791 0 0
0 0.261538461538462 0.353846153846154 1 1.58461538461538 1.83076923076923 2.78461538461538 1.90769230769231 3.26153846153846 1.16923076923077 0.876923076923077 0.369230769230769 0.292307692307692 0.184615384615385 0.0769230769230769 0.0615384615384615
0.025 0.175 0.475 1.8125 2.2125 2.8875 3.05 3.0375 3.4875 2.0625 1.3125 0.7125 0.6 0.3875 0.4125 0.1375
0.0481927710843374 0.204819277108434 0.240963855421687 0.975903614457831 1.72289156626506 1.32530120481928 2.44578313253012 2.1566265060241 2.65060240963855 2 1.96385542168675 1.49397590361446 0.674698795180723 0.602409638554217 0.385542168674699 0.55421686746988
0.0151515151515152 0.151515151515152 0.0454545454545455 0.848484848484849 0.893939393939394 1.48484848484848 1.72727272727273 0.848484848484849 1.25757575757576 0.924242424242424 2.5 1.25757575757576 0.757575757575758 1.07575757575758 0.393939393939394 1.22727272727273
0.0192307692307692 0.134615384615385 0.134615384615385 0.403846153846154 1.09615384615385 1.13461538461538 1.76923076923077 1.28846153846154 1.44230769230769 1.36538461538462 1.98076923076923 2.38461538461538 2.05769230769231 1 0.480769230769231 0.596153846153846
0 0.26 0.06 0.02 0.28 0.46 0.6 0.54 0.86 0.64 1.42 1.28 3.8 1.14 0.96 0.52
0.0333333333333333 0.266666666666667 0.1 0.1 0.2 0.166666666666667 0.9 0.766666666666667 0.8 0.7 0.733333333333333 1.43333333333333 1.8 1.4 1.53333333333333 0.7
0 0 0.0555555555555556 0.222222222222222 0 0.0555555555555556 0 0.388888888888889 0.166666666666667 0.444444444444444 0.388888888888889 3.05555555555556 0.944444444444444 1.27777777777778 2.5 0.722222222222222
0 0 0.0555555555555556 0.333333333333333 0.388888888888889 0.166666666666667 0 0.166666666666667 0.222222222222222 0.944444444444444 0.944444444444444 1.61111111111111 1 0.722222222222222 2.27777777777778 1.55555555555556
