1.1875 0.75 0.0625 0.03125 1 1.09375 0.6875 0.0625 0 0.15625 0.3125 0.65625 0.4375 0.1875 0 0
0.0120481927710843 13.4096385542169 1.33734939759036 0.072289156626506 0.313253012048193 1.1566265060241 1.1566265060241 0.265060240963855 0.144578313253012 0.072289156626506 0.253012048192771 0.650602409638554 0.614457831325301 0.120481927710843 0 0.0240963855421687
0 1.76404494382022 19.2584269662921 0.910112359550562 0.415730337078652 0.49438202247191 1.13483146067416 1.04494382022472 0.50561797752809 0.337078651685393 0.168539325842697 0.0674157303370786 0.359550561797753 0.101123595505618 0.112359550561798 0.0337078651685393
0.0493827160493827 0 0.234567901234568 4.72839506172839 2.23456790123457 2.39506172839506 3.32098765432099 2.98765432098765 2.87654320987654 1.83950617283951 1.35802469135802 0.703703703703704 0.234567901234568 0.209876543209877 0.271604938271605 0.395061728395062
0.0606060606060606 0.136363636363636 0.181818181818182 0.712121212121212 2.21212121212121 2.16666666666667 2.31818181818182 1.43939393939394 2.10606060606061 1.22727272727273 1.43939393939394 0.96969696969697 0.424242424242424 0.227272727272727 0.0909090909090909 0.166666666666667
0.104651162790698 0.895348837209302 0.244186046511628 1.25581395348837 2.24418604651163 3.72093023255814 3.5 2.40697674418605 2.67441860465116 1.90697674418605 1.61627906976744 1.06976744186047 0.569767441860465 0.22093023255814 0.0813953488372093 0.232558139534884
0.104477611940299 0.343283582089552 0.462686567164179 0.940298507462687 1.77611940298507 2.25373134328358 2.86567164179104 2.35820895522388 2.64179104477612 1.16417910447761 1.17910447761194 0.940298507462687 0.328358208955224 0.194029850746269 0.119402985074627 0.119402985074627
0 0.0461538461538462 0.492307692307692 1.15384615384615 1.46153846153846 2.09230769230769 3.06153846153846 2.64615384615385 2.90769230769231 1.10769230769231 0.569230769230769 0.369230769230769 0.830769230769231 0.461538461538462 0.307692307692308 0.261538461538462
0.0625 0.1125 0.5875 2.1375 2.55 3.575 3.8625 3.6 3.75 2.65 1.775 0.7375 0.7875 0.4375 0.6 0.225
0.0120481927710843 0.0963855421686747 0.132530120481928 0.831325301204819 1.50602409638554 1 2.2289156626506 1.65060240963855 2 2.30120481927711 1.43373493975904 1.59036144578313 0.879518072289157 0.578313253012048 0.433734939759036 0.759036144578313
0.0757575757575758 0.136363636363636 0.0606060606060606 0.954545454545455 1.63636363636364 2.56060606060606 2.75757575757576 1.84848484848485 2.31818181818182 1.59090909090909 2.54545454545455 1.42424242424242 0.318181818181818 1.01515151515152 0.303030303030303 1.27272727272727
0 0.0384615384615385 0.173076923076923 0.211538461538462 0.519230769230769 0.846153846153846 1.07692307692308 0.75 0.634615384615385 0.846153846153846 1.67307692307692 1.86538461538462 1.38461538461538 0.615384615384615 0.269230769230769 0.538461538461538
0 0.28 0.22 0.02 0.2 0.14 0.82 0.42 0.72 0.68 1.48 2.22 4.14 1.74 0.98 0.86
0 0.0333333333333333 0.0666666666666667 0.133333333333333 0.166666666666667 0.533333333333333 0.5 0.8 0.833333333333333 1.76666666666667 1.36666666666667 2.06666666666667 2.26666666666667 1.76666666666667 1.43333333333333 0.333333333333333
0 0 0.0555555555555556 0 0.444444444444444 0 0.5 0.388888888888889 0.888888888888889 0.222222222222222 0.5 1.5 0.888888888888889 2.27777777777778 1.05555555555556 0.444444444444444
0 0 0.111111111111111 0.111111111111111 0.277777777777778 0.333333333333333 0.222222222222222 0.166666666666667 0.222222222222222 0.833333333333333 1.5 1.27777777777778 1.11111111111111 0.888888888888889 2.61111111111111 3.05555555555556
