0.0625 0 0 0 0.59375 1.09375 1.0625 0.0625 0.03125 0.1875 0.40625 0.71875 0.9375 0.125 0 0.1875
0.330188679245283 12.377358490566 0.207547169811321 0.160377358490566 0.433962264150943 1.14150943396226 1 0.358490566037736 0.226415094339623 0.216981132075472 0.377358490566038 0.452830188679245 0.5 0.0849056603773585 0.0660377358490566 0.00943396226415094
0 0.106060606060606 19.2424242424242 1.5 0.757575757575758 0.742424242424242 1.62121212121212 1.15151515151515 0.863636363636364 0.378787878787879 0.378787878787879 0.0606060606060606 0.409090909090909 0.0303030303030303 0.242424242424242 0.0606060606060606
0.037037037037037 0.0123456790123457 0.469135802469136 6.14814814814815 2.12345679012346 2.35802469135802 2.87654320987654 2.45679012345679 2.90123456790123 1.45679012345679 0.938271604938272 0.506172839506173 0.259259259259259 0.222222222222222 0.172839506172839 0.185185185185185
0.0151515151515152 0.166666666666667 0.151515151515152 1.63636363636364 3.16666666666667 3.09090909090909 4 2.53030303030303 2.45454545454545 2.21212121212121 1.96969696969697 0.545454545454545 0.46969696969697 0.121212121212121 0.0606060606060606 0.212121212121212
0.186046511627907 0.790697674418605 0.162790697674419 1.63953488372093 2.74418604651163 4.1046511627907 4.75581395348837 2.86046511627907 3.58139534883721 2.17441860465116 1.98837209302326 1.36046511627907 0.744186046511628 0.290697674418605 0.232558139534884 0.27906976744186
0.0895522388059701 0.298507462686567 0.358208955223881 0.746268656716418 1.59701492537313 2.50746268656716 3.01492537313433 1.7910447761194 2.32835820895522 1.77611940298507 1.97014925373134 0.492537313432836 0.328358208955224 0.149253731343284 0.0298507462686567 0.0597014925373134
0 0.184615384615385 0.415384615384615 0.815384615384615 1.06153846153846 1.27692307692308 2.6 1.38461538461538 1.84615384615385 0.707692307692308 0.676923076923077 0.292307692307692 0.769230769230769 0.6 0.338461538461538 0.2
0 0.15 0.275 1.55 1.775 2.3125 2.6125 2.2375 2.7375 1.9875 1.0125 0.525 0.5875 0.4 0.4125 0.125
0.0481927710843374 0.144578313253012 0.192771084337349 1.25301204819277 1.89156626506024 1.31325301204819 3.18072289156627 2.36144578313253 3 1.79518072289157 1.78313253012048 1.42168674698795 0.819277108433735 0.566265060240964 0.337349397590361 0.662650602409639
0.0454545454545455 0.242424242424242 0 0.5 1.54545454545455 1.46969696969697 2.13636363636364 1.54545454545455 1.53030303030303 2.13636363636364 2.93939393939394 0.924242424242424 0.696969696969697 1.10606060606061 0.424242424242424 0.545454545454545
0.0192307692307692 0.0384615384615385 0.134615384615385 0.365384615384615 0.846153846153846 1.34615384615385 1.71153846153846 1.05769230769231 1.30769230769231 1.11538461538462 2.23076923076923 1.90384615384615 1.92307692307692 0.769230769230769 0.480769230769231 0.557692307692308
0.04 0.06 0.06 0.22 0.36 0.42 0.96 1 0.98 0.98 2.02 2.26 3.2 1.2 0.84 0.82
0.0333333333333333 0.333333333333333 0.133333333333333 0.0333333333333333 0.266666666666667 0.133333333333333 0.6 0.833333333333333 0.566666666666667 0.7 0.433333333333333 1.36666666666667 2.4 1.23333333333333 0.666666666666667 0.5
0 0.0555555555555556 0 0.166666666666667 0 0 0.0555555555555556 0.388888888888889 0.611111111111111 0.277777777777778 0.444444444444444 1.22222222222222 0.944444444444444 0.388888888888889 3.38888888888889 0.444444444444444
0 0 0 0.333333333333333 0.222222222222222 0.111111111111111 0 0.166666666666667 0.222222222222222 0.722222222222222 0.388888888888889 0.555555555555556 0.444444444444444 0.388888888888889 3.88888888888889 1.77777777777778
