0.0625 0 0.125 0 0.625 1.09375 0.84375 0.09375 0.03125 0.125 0.40625 1.21875 0.6875 0.25 0 0.125
0.30188679245283 12.8490566037736 0.358490566037736 0.169811320754717 0.415094339622642 0.962264150943396 1.15094339622642 0.358490566037736 0.207547169811321 0.132075471698113 0.330188679245283 0.518867924528302 0.528301886792453 0.132075471698113 0.0566037735849057 0.0188679245283019
0 0.272727272727273 18.3181818181818 1.8030303030303 0.636363636363636 0.727272727272727 1.5 1.15151515151515 0.787878787878788 0.378787878787879 0.363636363636364 0.106060606060606 0.348484848484849 0.106060606060606 0.151515151515152 0.0909090909090909
0.0987654320987654 0.0123456790123457 0.209876543209877 5.24691358024691 2.19753086419753 2.20987654320988 2.97530864197531 2.09876543209877 2.74074074074074 1.74074074074074 1.08641975308642 0.493827160493827 0.209876543209877 0.234567901234568 0.222222222222222 0.296296296296296
0.0606060606060606 0.181818181818182 0.0757575757575758 1.34848484848485 2.78787878787879 2.31818181818182 2.62121212121212 1.8030303030303 2.31818181818182 1.63636363636364 1.63636363636364 0.954545454545455 0.606060606060606 0.303030303030303 0.106060606060606 0.363636363636364
0.13953488372093 0.674418604651163 0.325581395348837 1.59302325581395 2.84883720930233 4.36046511627907 4.37209302325581 3 3.61627906976744 1.93023255813953 2.02325581395349 1.17441860465116 0.651162790697674 0.209302325581395 0.151162790697674 0.209302325581395
0.104477611940299 0.462686567164179 0.343283582089552 0.761194029850746 1.41791044776119 1.95522388059702 2.34328358208955 1.88059701492537 2.08955223880597 0.880597014925373 1.08955223880597 0.626865671641791 0.492537313432836 0.253731343283582 0.0149253731343284 0.0447761194029851
0 0.246153846153846 0.538461538461538 0.953846153846154 1.44615384615385 1.75384615384615 2.84615384615385 2.36923076923077 2.6 0.953846153846154 0.784615384615385 0.2 0.461538461538462 0.230769230769231 0.107692307692308 0.0615384615384615
0.025 0.0875 0.35 1.65 2.2125 2.9875 2.6875 2.825 3.0875 2.2 1.45 0.6375 0.45 0.5 0.5 0.2125
0.0120481927710843 0.240963855421687 0.156626506024096 0.963855421686747 1.79518072289157 1.5421686746988 2.43373493975904 2.04819277108434 2.40963855421687 2 1.78313253012048 1.19277108433735 0.879518072289157 0.626506024096386 0.602409638554217 0.734939759036145
0.106060606060606 0.151515151515152 0.0151515151515152 0.515151515151515 1.42424242424242 1.46969696969697 2.07575757575758 1.46969696969697 1.57575757575758 1.6969696969697 2.24242424242424 1.46969696969697 0.636363636363636 1.04545454545455 0.287878787878788 1.22727272727273
0 0.0769230769230769 0.0769230769230769 0.134615384615385 0.5 0.634615384615385 0.788461538461538 0.5 0.384615384615385 0.865384615384615 0.903846153846154 1.69230769230769 1.05769230769231 0.423076923076923 0.326923076923077 0.480769230769231
0.02 0.18 0.12 0.38 0.38 0.64 1.02 1.58 1.14 1.02 1.52 2.16 3.2 1.24 0.94 1
0.0333333333333333 0.233333333333333 0.0333333333333333 0.133333333333333 0.133333333333333 0.233333333333333 0.8 0.633333333333333 0.766666666666667 0.866666666666667 0.966666666666667 0.666666666666667 1.63333333333333 1 0.466666666666667 0.3
0 0 0 0.222222222222222 0.388888888888889 0 0.5 0.333333333333333 0.888888888888889 0.611111111111111 1 0.666666666666667 1.22222222222222 2.22222222222222 1.22222222222222 0.611111111111111
0 0 0.0555555555555556 0.333333333333333 0.111111111111111 0.222222222222222 0.0555555555555556 0.222222222222222 0.222222222222222 1 0.666666666666667 2.27777777777778 1.94444444444444 1.61111111111111 2.94444444444444 1.38888888888889
