0.0625 0.125 0 0 0.84375 0.96875 0.6875 0.09375 0.03125 0.3125 0.21875 0.46875 0.65625 0.09375 0 0.09375
0.283018867924528 12.8207547169811 0.509433962264151 0.10377358490566 0.339622641509434 0.858490566037736 1.12264150943396 0.273584905660377 0.113207547169811 0.132075471698113 0.254716981132075 0.528301886792453 0.386792452830189 0.141509433962264 0.0377358490566038 0.0377358490566038
0 0.818181818181818 22.2727272727273 1.36363636363636 0.272727272727273 0.636363636363636 1.53030303030303 0.833333333333333 0.393939393939394 0.106060606060606 0.151515151515152 0.121212121212121 0.363636363636364 0.0151515151515152 0.166666666666667 0.121212121212121
0.0740740740740741 0.037037037037037 0.209876543209877 5.08641975308642 2.23456790123457 2.25925925925926 3.22222222222222 2.65432098765432 2.81481481481481 1.55555555555556 1.12345679012346 0.432098765432099 0.296296296296296 0.222222222222222 0.222222222222222 0.296296296296296
0.0303030303030303 0.287878787878788 0.0909090909090909 1.13636363636364 2.59090909090909 2.46969696969697 3.54545454545455 1.86363636363636 1.89393939393939 1.62121212121212 1.60606060606061 0.666666666666667 0.454545454545455 0.181818181818182 0 0.181818181818182
0.127906976744186 0.813953488372093 0.290697674418605 1.69767441860465 2.41860465116279 4.56976744186047 4.95348837209302 2.8953488372093 3.40697674418605 1.93023255813953 2.08139534883721 1.01162790697674 0.476744186046512 0.313953488372093 0.13953488372093 0.290697674418605
0.0298507462686567 0.552238805970149 0.313432835820896 0.91044776119403 1.71641791044776 2.3134328358209 3.14925373134328 2 2.16417910447761 1.23880597014925 1.01492537313433 0.73134328358209 0.119402985074627 0.253731343283582 0.0597014925373134 0.0597014925373134
0 0.230769230769231 0.446153846153846 1.04615384615385 2.03076923076923 2.46153846153846 3.96923076923077 2.69230769230769 2.41538461538462 1.30769230769231 0.892307692307692 0.369230769230769 0.907692307692308 0.569230769230769 0.323076923076923 0.153846153846154
0.0125 0.1125 0.3875 1.5875 2.025 2.7375 2.825 2.4125 3.1375 1.875 1.3125 0.85 0.55 0.5625 0.55 0.2375
0.0240963855421687 0.216867469879518 0.289156626506024 1.18072289156627 1.81927710843373 1.60240963855422 2.87951807228916 2.21686746987952 2.87951807228916 1.95180722891566 1.50602409638554 1.67469879518072 0.855421686746988 0.63855421686747 0.433734939759036 0.759036144578313
0.0454545454545455 0.181818181818182 0.0303030303030303 0.984848484848485 1.87878787878788 2.51515151515152 2.89393939393939 2.24242424242424 2.16666666666667 2.04545454545455 2.48484848484848 1.12121212121212 0.363636363636364 1.63636363636364 0.393939393939394 0.772727272727273
0.0192307692307692 0.115384615384615 0.153846153846154 0.346153846153846 0.923076923076923 1.26923076923077 1.73076923076923 1.01923076923077 1.15384615384615 1.15384615384615 2.42307692307692 1.76923076923077 1.55769230769231 0.615384615384615 0.307692307692308 0.576923076923077
0.02 0.1 0.06 0.06 0.38 0.34 0.64 0.62 1.32 0.72 1.3 1.88 3.8 1.36 1.48 1.04
0 0.0666666666666667 0.0666666666666667 0.0666666666666667 0.333333333333333 0.466666666666667 0.6 1.03333333333333 0.766666666666667 1.73333333333333 1.53333333333333 1.1 2.1 0.933333333333333 1.33333333333333 0.266666666666667
0 0.0555555555555556 0.111111111111111 0.166666666666667 0.111111111111111 0 0.444444444444444 0.277777777777778 0.722222222222222 0.388888888888889 0.722222222222222 1.5 1.77777777777778 0.777777777777778 1.11111111111111 1.44444444444444
0 0 0.166666666666667 0.111111111111111 0.166666666666667 0.388888888888889 0.222222222222222 0.166666666666667 0.166666666666667 0.944444444444444 1.72222222222222 2.83333333333333 2.44444444444444 1.77777777777778 3.27777777777778 2.61111111111111
