0.1875 0 0 0.03125 1.40625 0.8125 0.53125 0.09375 0.0625 0.34375 0.75 0.875 0.4375 0.15625 0 0.125
0.179245283018868 10.5660377358491 0.367924528301887 0.0849056603773585 0.349056603773585 0.971698113207547 1.14150943396226 0.273584905660377 0.169811320754717 0.0660377358490566 0.358490566037736 0.584905660377358 0.405660377358491 0.0660377358490566 0.0660377358490566 0.00943396226415094
0 0.909090909090909 17.3636363636364 0.696969696969697 0.454545454545455 0.696969696969697 1.37878787878788 1.09090909090909 0.878787878787879 0.272727272727273 0.303030303030303 0.136363636363636 0.303030303030303 0.0151515151515152 0.272727272727273 0.0606060606060606
0.0617283950617284 0 0.555555555555556 5.82716049382716 2.19753086419753 2.08641975308642 2.87654320987654 2.45679012345679 2.62962962962963 1.49382716049383 1.03703703703704 0.851851851851852 0.333333333333333 0.259259259259259 0.246913580246914 0.419753086419753
0.0454545454545455 0.212121212121212 0.196969696969697 1.96969696969697 3.31818181818182 3.13636363636364 4.86363636363636 2.90909090909091 3.10606060606061 2.24242424242424 2.04545454545455 0.696969696969697 0.484848484848485 0.181818181818182 0.0757575757575758 0.378787878787879
0.197674418604651 0.813953488372093 0.418604651162791 1.62790697674419 3.06976744186047 4.75581395348837 4.75581395348837 3.02325581395349 4.1046511627907 2.34883720930233 2.19767441860465 1.17441860465116 0.709302325581395 0.313953488372093 0.22093023255814 0.267441860465116
0.119402985074627 0.417910447761194 0.373134328358209 0.716417910447761 1.3134328358209 2.25373134328358 2.85074626865672 2.07462686567164 2.26865671641791 1.40298507462687 1.65671641791045 0.73134328358209 0.388059701492537 0.208955223880597 0.0447761194029851 0.0746268656716418
0 0.261538461538462 0.307692307692308 0.953846153846154 2.07692307692308 2.55384615384615 3.26153846153846 2.07692307692308 2.30769230769231 1.41538461538462 0.830769230769231 0.4 0.615384615384615 0.369230769230769 0.215384615384615 0.0923076923076923
0.0125 0.15 0.2125 1.3 1.75 2.1125 2.525 2.5625 2.8125 1.6 0.9625 0.375 0.2875 0.35 0.3375 0.2
0 0.156626506024096 0.132530120481928 0.771084337349398 1.46987951807229 1.09638554216867 2.10843373493976 2.24096385542169 1.83132530120482 1.56626506024096 1.39759036144578 1.26506024096386 0.710843373493976 0.457831325301205 0.759036144578313 0.807228915662651
0.0757575757575758 0.181818181818182 0.0303030303030303 0.818181818181818 1.13636363636364 1.93939393939394 2.42424242424242 1.28787878787879 1.6969696969697 1.60606060606061 1.95454545454545 0.909090909090909 0.5 1.66666666666667 0.257575757575758 0.636363636363636
0 0.0384615384615385 0.115384615384615 0.365384615384615 0.884615384615385 1.01923076923077 1.05769230769231 0.653846153846154 1.13461538461538 1.17307692307692 1.15384615384615 1.63461538461538 1.26923076923077 0.403846153846154 0.326923076923077 0.288461538461538
0.02 0.16 0.06 0.22 0.28 0.58 1.1 1.22 0.92 0.9 1.36 2.12 2.92 1.08 0.8 0.78
0.0333333333333333 0.266666666666667 0.166666666666667 0.0333333333333333 0.166666666666667 0.0666666666666667 0.633333333333333 0.8 0.5 0.633333333333333 0.2 1.3 1 1.23333333333333 0.8 0.533333333333333
0 0 0 0 0.555555555555556 0 0.444444444444444 0.222222222222222 0.5 0.166666666666667 0.722222222222222 2.83333333333333 1.77777777777778 2.11111111111111 1.5 1.66666666666667
0 0 0.111111111111111 0.111111111111111 0.277777777777778 0.333333333333333 0 0.0555555555555556 0.0555555555555556 0.555555555555556 1.22222222222222 1.72222222222222 1.27777777777778 0.888888888888889 3.88888888888889 1.94444444444444
