0 0.125 0 0.0625 0.65625 1.09375 0.375 0.0625 0 0.0625 0.1875 0.46875 0.59375 0 0 0.03125
0.0849056603773585 11.5094339622642 0.556603773584906 0.10377358490566 0.320754716981132 0.924528301886792 0.924528301886792 0.283018867924528 0.273584905660377 0.235849056603774 0.330188679245283 0.556603773584906 0.405660377358491 0.0660377358490566 0.0188679245283019 0.0566037735849057
0 0.393939393939394 19.8333333333333 0.848484848484849 0.742424242424242 0.651515151515151 1.18181818181818 1.21212121212121 1.01515151515152 0.575757575757576 0.287878787878788 0.0303030303030303 0.590909090909091 0.106060606060606 0.272727272727273 0.0303030303030303
0.0123456790123457 0.0246913580246914 0.0987654320987654 5.74074074074074 2.2962962962963 2 2.93827160493827 1.88888888888889 2.88888888888889 1.41975308641975 1.17283950617284 0.481481481481481 0.185185185185185 0.172839506172839 0.172839506172839 0.246913580246914
0.0757575757575758 0.287878787878788 0.106060606060606 1.40909090909091 2.59090909090909 2.37878787878788 3.13636363636364 2.25757575757576 2.8030303030303 2.10606060606061 1.81818181818182 0.863636363636364 0.681818181818182 0.287878787878788 0.106060606060606 0.454545454545455
0.104651162790698 0.627906976744186 0.209302325581395 1.3953488372093 2.38372093023256 3.77906976744186 4.04651162790698 2.55813953488372 3.04651162790698 2.05813953488372 1.84883720930233 0.779069767441861 0.511627906976744 0.244186046511628 0.151162790697674 0.27906976744186
0.134328358208955 0.432835820895522 0.567164179104478 0.940298507462687 1.7910447761194 2.44776119402985 2.95522388059702 2.43283582089552 3.35820895522388 1.50746268656716 1.94029850746269 0.791044776119403 0.567164179104478 0.194029850746269 0.119402985074627 0.119402985074627
0 0.246153846153846 0.369230769230769 1.03076923076923 1.43076923076923 1.89230769230769 2.55384615384615 2.06153846153846 2.83076923076923 0.907692307692308 0.969230769230769 0.215384615384615 0.307692307692308 0.276923076923077 0.0307692307692308 0.0461538461538462
0.0125 0.2125 0.3 1.4 1.8625 2.775 2.875 3.4375 2.4125 2.0625 1.175 0.3625 0.35 0.275 0.2375 0.1
0.0240963855421687 0.144578313253012 0.120481927710843 1.06024096385542 1.66265060240964 1.19277108433735 2.6144578313253 2.04819277108434 1.97590361445783 2 1.43373493975904 1.53012048192771 0.759036144578313 0.530120481927711 0.409638554216867 0.759036144578313
0.0454545454545455 0.181818181818182 0 0.515151515151515 1.36363636363636 1.33333333333333 1.90909090909091 1.28787878787879 1.75757575757576 1.43939393939394 2.33333333333333 0.984848484848485 0.424242424242424 2.10606060606061 0.287878787878788 0.696969696969697
0.0384615384615385 0.153846153846154 0.211538461538462 0.211538461538462 0.826923076923077 0.961538461538462 1.32692307692308 0.788461538461538 1.07692307692308 1.11538461538462 1.40384615384615 2.17307692307692 1.26923076923077 0.384615384615385 0.0961538461538462 0.480769230769231
0 0.08 0.06 0.12 0.3 0.42 0.8 0.74 1.04 0.86 1.54 1.74 4.44 1.32 0.88 0.68
0.0333333333333333 0.2 0.1 0.233333333333333 0.3 0.266666666666667 0.7 0.8 1.06666666666667 0.766666666666667 0.466666666666667 1.53333333333333 2.16666666666667 1.73333333333333 1.56666666666667 0.466666666666667
0 0 0 0.222222222222222 0.111111111111111 0 0.111111111111111 0.0555555555555556 0.722222222222222 0.0555555555555556 0.277777777777778 1.44444444444444 0.777777777777778 1.33333333333333 1.44444444444444 0.555555555555556
0 0 0.0555555555555556 0 0.222222222222222 0.111111111111111 0.166666666666667 0.0555555555555556 0.277777777777778 0.611111111111111 0.833333333333333 1 1.05555555555556 0.666666666666667 1.5 1.61111111111111
