0.0625 0 0.0625 0.0625 0.625 1 0.71875 0.0625 0.03125 0.25 0.4375 1.0625 0.5 0.21875 0 0.09375
0.120481927710843 8.98795180722892 1.07228915662651 0.156626506024096 0.385542168674699 1.07228915662651 1.1566265060241 0.265060240963855 0.180722891566265 0.240963855421687 0.421686746987952 0.44578313253012 0.385542168674699 0.168674698795181 0 0
0 0.786516853932584 17.5280898876404 1.07865168539326 0.539325842696629 0.820224719101124 1.34831460674157 1.10112359550562 0.629213483146067 0.438202247191011 0.269662921348315 0.101123595505618 0.393258426966292 0.0674157303370786 0.123595505617978 0.0561797752808989
0.0617283950617284 0 1.55555555555556 5.1358024691358 2.09876543209877 2.96296296296296 3.25925925925926 2.58024691358025 2.88888888888889 1.96296296296296 1.34567901234568 0.814814814814815 0.296296296296296 0.296296296296296 0.333333333333333 0.592592592592593
0.0606060606060606 0.136363636363636 0.121212121212121 1.04545454545455 2.57575757575758 2.33333333333333 3.13636363636364 1.93939393939394 2.25757575757576 1.93939393939394 1.66666666666667 0.772727272727273 0.409090909090909 0.212121212121212 0.121212121212121 0.363636363636364
0.186046511627907 0.581395348837209 0.465116279069767 1.69767441860465 2.91860465116279 4.09302325581395 4.87209302325581 3.01162790697674 3.86046511627907 1.96511627906977 2.24418604651163 0.767441860465116 0.372093023255814 0.255813953488372 0.0465116279069767 0.162790697674419
0.0447761194029851 0.223880597014925 0.567164179104478 0.791044776119403 1.37313432835821 2.37313432835821 3 2.07462686567164 2.8955223880597 1.52238805970149 1.40298507462687 0.761194029850746 0.313432835820896 0.253731343283582 0.0597014925373134 0.104477611940299
0 0.0461538461538462 0.615384615384615 0.8 1.35384615384615 1.50769230769231 3.12307692307692 2.44615384615385 2.10769230769231 0.969230769230769 0.892307692307692 0.384615384615385 0.415384615384615 0.323076923076923 0.123076923076923 0.0615384615384615
0 0.1 0.3875 1.6125 2.0375 3.025 2.5 2.8125 3.225 2.05 1.4 0.375 0.45 0.2375 0.3375 0.1
0.0602409638554217 0.108433734939759 0.36144578313253 1.28915662650602 1.74698795180723 1.60240963855422 3.10843373493976 2.2289156626506 2.69879518072289 2.26506024096386 1.87951807228916 1.96385542168675 0.963855421686747 0.771084337349398 0.506024096385542 0.759036144578313
0 0.257575757575758 0.0454545454545455 0.787878787878788 1.71212121212121 1.63636363636364 1.96969696969697 1.43939393939394 1.6969696969697 1.06060606060606 1.98484848484848 1.21212121212121 0.378787878787879 0.96969696969697 0.257575757575758 1.8030303030303
0 0.0769230769230769 0.115384615384615 0.173076923076923 0.403846153846154 0.730769230769231 1.05769230769231 0.557692307692308 0.673076923076923 0.634615384615385 1.51923076923077 1.38461538461538 1.03846153846154 0.269230769230769 0.0384615384615385 0.115384615384615
0.08 0.24 0.14 0.12 0.36 0.2 0.66 0.5 0.74 0.56 1.68 1.02 3.68 0.9 0.36 0.48
0.0333333333333333 0.2 0.166666666666667 0.0333333333333333 0.4 0.466666666666667 0.9 0.966666666666667 0.8 1.6 1.3 1.5 1.33333333333333 1.06666666666667 2 0.433333333333333
0 0 0 0.277777777777778 0.444444444444444 0.0555555555555556 0.333333333333333 0.277777777777778 0.833333333333333 0.666666666666667 0.666666666666667 1.55555555555556 0.333333333333333 1.33333333333333 2.55555555555556 0.722222222222222
0 0 0.222222222222222 0 0.166666666666667 0.444444444444444 0.222222222222222 0 0.277777777777778 0.5 1.5 1.38888888888889 1.11111111111111 0.388888888888889 2.22222222222222 1.5
