0.59375 0.46875 0.1875 0 0.625 1 0.78125 0.1875 0.09375 0.3125 0.28125 1.28125 0.9375 0.375 0 0.1875
0.132530120481928 11.1084337349398 0.927710843373494 0.144578313253012 0.493975903614458 1.1566265060241 1.1566265060241 0.216867469879518 0.108433734939759 0.156626506024096 0.421686746987952 0.55421686746988 0.530120481927711 0.108433734939759 0.0120481927710843 0.036144578313253
0 0.696629213483146 19.8988764044944 0.707865168539326 0.337078651685393 0.730337078651685 1.35955056179775 0.831460674157303 0.595505617977528 0.247191011235955 0.191011235955056 0.146067415730337 0.325842696629214 0.123595505617978 0.168539325842697 0.0674157303370786
0.0864197530864197 0 0.234567901234568 5.88888888888889 2.38271604938272 2.25925925925926 3.17283950617284 2.8641975308642 2.98765432098765 1.8641975308642 1.37037037037037 0.432098765432099 0.185185185185185 0.172839506172839 0.148148148148148 0.296296296296296
0.0454545454545455 0.212121212121212 0.106060606060606 0.984848484848485 2.33333333333333 2.31818181818182 3.01515151515152 1.68181818181818 2.06060606060606 1.68181818181818 1.71212121212121 1.33333333333333 0.742424242424242 0.454545454545455 0.151515151515152 0.393939393939394
0.116279069767442 0.755813953488372 0.186046511627907 1.36046511627907 2.31395348837209 3.45348837209302 4.59302325581395 2.56976744186047 3.3953488372093 1.90697674418605 1.65116279069767 1.48837209302326 0.883720930232558 0.348837209302326 0.244186046511628 0.465116279069767
0.119402985074627 0.194029850746269 0.641791044776119 1.13432835820896 1.88059701492537 3.08955223880597 3.65671641791045 3.02985074626866 3.02985074626866 2.05970149253731 2 0.791044776119403 0.611940298507463 0.164179104477612 0.0895522388059701 0.104477611940299
0 0.0769230769230769 0.692307692307692 1.18461538461538 1.6 2.38461538461538 3.2 2.41538461538462 2.8 1.47692307692308 0.615384615384615 0.323076923076923 1.10769230769231 0.707692307692308 0.4 0.307692307692308
0 0.1 0.525 1.9625 2.2125 2.725 2.9125 2.7125 2.45 1.8 1.4125 0.7375 0.55 0.55 0.525 0.225
0 0.180722891566265 0.337349397590361 1.36144578313253 2.30120481927711 1.71084337349398 3.40963855421687 2.5421686746988 2.72289156626506 2.50602409638554 2.16867469879518 0.831325301204819 0.650602409638554 0.590361445783133 0.325301204819277 0.542168674698795
0 0.166666666666667 0.0151515151515152 0.515151515151515 1.54545454545455 1.57575757575758 2.3030303030303 1.39393939393939 1.90909090909091 1.13636363636364 2.54545454545455 0.96969696969697 0.439393939393939 1.74242424242424 0.272727272727273 1.33333333333333
0.0576923076923077 0.0576923076923077 0.134615384615385 0.230769230769231 0.769230769230769 0.865384615384615 1.61538461538462 0.980769230769231 0.846153846153846 1.11538461538462 1.21153846153846 2.23076923076923 1.92307692307692 0.788461538461538 0.346153846153846 0.846153846153846
0 0.16 0.1 0.12 0.14 0.2 0.72 0.64 0.76 0.84 1.18 1.56 2.88 1.04 0.96 0.5
0 0.0666666666666667 0.2 0.0333333333333333 0.0666666666666667 0.0333333333333333 0.166666666666667 0.266666666666667 0.5 0.3 0.266666666666667 1.2 1.7 0.9 1.73333333333333 0.266666666666667
0 0 0 0.222222222222222 0.222222222222222 0 0.222222222222222 0.277777777777778 0.888888888888889 0.333333333333333 0.444444444444444 1.5 1.16666666666667 1.83333333333333 1.27777777777778 0.555555555555556
0 0 0.111111111111111 0 0.277777777777778 0.277777777777778 0 0 0.0555555555555556 0.166666666666667 0.833333333333333 0.833333333333333 0.833333333333333 0.611111111111111 2.77777777777778 1.88888888888889
