0.0625 0.09375 0.0625 0 0.8125 0.9375 0.5625 0.125 0.0625 0.25 0.625 0.65625 0.6875 0.15625 0 0.21875
0.179245283018868 12.8679245283019 0.330188679245283 0.188679245283019 0.311320754716981 1.0188679245283 0.962264150943396 0.264150943396226 0.179245283018868 0.245283018867925 0.330188679245283 0.424528301886792 0.39622641509434 0.122641509433962 0.0377358490566038 0.0283018867924528
0 0.166666666666667 19.5606060606061 1.33333333333333 0.939393939393939 1.21212121212121 1.68181818181818 1.1969696969697 0.772727272727273 0.333333333333333 0.378787878787879 0.196969696969697 0.484848484848485 0.0303030303030303 0.136363636363636 0.0909090909090909
0.0864197530864197 0.0123456790123457 0.641975308641975 4.85185185185185 2.54320987654321 3.30864197530864 3.8641975308642 3.22222222222222 3.35802469135802 2 1.44444444444444 0.679012345679012 0.246913580246914 0.271604938271605 0.382716049382716 0.444444444444444
0.0757575757575758 0.121212121212121 0.0303030303030303 1.09090909090909 2.89393939393939 2.16666666666667 2.77272727272727 1.59090909090909 2.06060606060606 1.75757575757576 1.5 0.5 0.181818181818182 0.0909090909090909 0 0.0757575757575758
0.104651162790698 0.802325581395349 0.302325581395349 1.55813953488372 2.37209302325581 4.53488372093023 4.19767441860465 2.94186046511628 3.46511627906977 2.2093023255814 2.22093023255814 0.872093023255814 0.465116279069767 0.290697674418605 0.0930232558139535 0.255813953488372
0.164179104477612 0.343283582089552 0.358208955223881 0.850746268656716 1.86567164179104 2.56716417910448 3.2089552238806 2.50746268656716 2.23880597014925 1.16417910447761 1.3134328358209 0.716417910447761 0.134328358208955 0.164179104477612 0.104477611940299 0.0895522388059701
0 0.2 0.507692307692308 1.18461538461538 1.63076923076923 2.07692307692308 3.52307692307692 2.36923076923077 3.13846153846154 1.36923076923077 0.892307692307692 0.369230769230769 0.692307692307692 0.553846153846154 0.276923076923077 0.169230769230769
0 0.1375 0.325 1.2625 1.6625 2.05 2.55 2.65 2.45 1.25 1.1375 0.575 0.3875 0.2875 0.3875 0.175
0.0120481927710843 0.156626506024096 0.180722891566265 1.02409638554217 1.69879518072289 1.42168674698795 2.51807228915663 2.2289156626506 2.34939759036145 2.07228915662651 1.93975903614458 1.65060240963855 1.06024096385542 0.650602409638554 0.578313253012048 0.939759036144578
0.0454545454545455 0.181818181818182 0.0151515151515152 0.545454545454545 1.37878787878788 1.43939393939394 1.96969696969697 0.96969696969697 1.62121212121212 1 2.01515151515152 1.1969696969697 0.545454545454545 1.06060606060606 0.303030303030303 0.833333333333333
0.0192307692307692 0.0961538461538462 0.0384615384615385 0.153846153846154 0.692307692307692 0.5 0.846153846153846 0.673076923076923 0.769230769230769 0.653846153846154 1.28846153846154 1.71153846153846 1.53846153846154 0.942307692307692 0.538461538461538 0.384615384615385
0 0.2 0.08 0.08 0.26 0.42 0.68 0.64 0.68 0.78 1.2 1.44 3.52 0.9 0.92 0.58
0 0.166666666666667 0.1 0.166666666666667 0.1 0.433333333333333 0.666666666666667 0.6 1.2 1.53333333333333 1.16666666666667 1.9 1.9 1.83333333333333 1.13333333333333 0.5
0 0.0555555555555556 0 0.388888888888889 0 0.111111111111111 0.111111111111111 0.611111111111111 0.388888888888889 0.666666666666667 0.388888888888889 1.77777777777778 1.55555555555556 0.722222222222222 2.27777777777778 0.333333333333333
0 0 0 0.222222222222222 0.111111111111111 0.111111111111111 0.111111111111111 0.111111111111111 0.222222222222222 0.611111111111111 0.277777777777778 0.611111111111111 0.444444444444444 0.444444444444444 2.44444444444444 0.777777777777778
