0.71875 0.40625 0.125 0 1.15625 0.75 0.84375 0.09375 0.03125 0.1875 0.59375 0.5625 0.46875 0.21875 0 0.09375
0.349397590361446 9.87951807228916 0.843373493975904 0.108433734939759 0.566265060240964 1.10843373493976 1.13253012048193 0.240963855421687 0.180722891566265 0.168674698795181 0.530120481927711 0.373493975903614 0.421686746987952 0.0481927710843374 0.0481927710843374 0.036144578313253
0 1.15730337078652 19.5168539325843 1.14606741573034 0.269662921348315 0.359550561797753 1.13483146067416 0.842696629213483 0.561797752808989 0.235955056179775 0.247191011235955 0.123595505617978 0.213483146067416 0.0337078651685393 0.123595505617978 0.0674157303370786
0.037037037037037 0.0123456790123457 0.617283950617284 4.19753086419753 1.88888888888889 2.12345679012346 3.50617283950617 2.87654320987654 3.01234567901235 1.80246913580247 1.17283950617284 0.37037037037037 0.111111111111111 0.0987654320987654 0.148148148148148 0.259259259259259
0.0909090909090909 0.151515151515152 0.121212121212121 1.09090909090909 2.27272727272727 1.78787878787879 2.46969696969697 1.65151515151515 2.65151515151515 1.96969696969697 1.46969696969697 0.651515151515151 0.46969696969697 0.363636363636364 0.121212121212121 0.393939393939394
0.186046511627907 0.755813953488372 0.116279069767442 1.32558139534884 2.38372093023256 3.88372093023256 4.52325581395349 2.44186046511628 2.98837209302326 2.01162790697674 2.04651162790698 1.44186046511628 0.825581395348837 0.232558139534884 0.232558139534884 0.348837209302326
0.0597014925373134 0.313432835820896 0.552238805970149 0.462686567164179 0.970149253731343 1.7910447761194 2.52238805970149 1.88059701492537 1.95522388059702 0.671641791044776 0.91044776119403 0.537313432835821 0.358208955223881 0.17910447761194 0.0597014925373134 0.0447761194029851
0 0.0923076923076923 0.569230769230769 0.861538461538462 1.38461538461538 2.09230769230769 2.70769230769231 2.27692307692308 2.67692307692308 1.30769230769231 0.815384615384615 0.415384615384615 0.769230769230769 0.584615384615385 0.261538461538462 0.169230769230769
0.0125 0.0375 0.5 1.35 1.6 2.3125 2.3625 2.8625 2.5 1.775 1.175 0.425 0.4 0.325 0.575 0.275
0.0240963855421687 0.072289156626506 0.457831325301205 1.32530120481928 1.63855421686747 1.57831325301205 2.73493975903614 1.96385542168675 2.37349397590361 2.20481927710843 0.891566265060241 1.13253012048193 0.493975903614458 0.385542168674699 0.433734939759036 0.481927710843373
0 0.121212121212121 0.0454545454545455 0.621212121212121 1.21212121212121 1.60606060606061 2.03030303030303 1.37878787878788 1.84848484848485 1.12121212121212 2.6969696969697 1.04545454545455 0.515151515151515 1.13636363636364 0.575757575757576 0.833333333333333
0.0192307692307692 0.0576923076923077 0.192307692307692 0.230769230769231 0.634615384615385 0.807692307692308 1.13461538461538 0.884615384615385 0.826923076923077 0.884615384615385 2.26923076923077 1.84615384615385 1.63461538461538 0.75 0.269230769230769 0.288461538461538
0.02 0.14 0.04 0.14 0.32 0.38 0.62 0.72 0.6 0.34 0.82 1.56 2.64 0.96 0.76 0.68
0 0.233333333333333 0.233333333333333 0.133333333333333 0.133333333333333 0.0333333333333333 0.533333333333333 0.5 0.933333333333333 0.533333333333333 0.333333333333333 1.16666666666667 1.3 1.06666666666667 0.666666666666667 0.1
0 0 0 0.666666666666667 0 0 0 0.166666666666667 1.16666666666667 1.05555555555556 1.44444444444444 1.22222222222222 2.05555555555556 1.22222222222222 4.11111111111111 0.333333333333333
0 0 0 0.111111111111111 0.444444444444444 0 0.166666666666667 0.111111111111111 0.222222222222222 0.444444444444444 0.944444444444444 0.388888888888889 0.388888888888889 0.277777777777778 3.05555555555556 3.27777777777778
