1.1875 0.8125 0.0625 0 0.84375 0.9375 0.5625 0.09375 0.0625 0.40625 0.46875 0.75 0.75 0.1875 0 0.25
0.245283018867925 13.9528301886792 0.283018867924528 0.0660377358490566 0.40566037735849 0.933962264150943 1.08490566037736 0.273584905660377 0.160377358490566 0.113207547169811 0.339622641509434 0.471698113207547 0.443396226415094 0.132075471698113 0.0566037735849057 0.00943396226415094
0 0.787878787878788 15.2575757575758 0.696969696969697 0.393939393939394 0.742424242424242 1.31818181818182 1.16666666666667 0.515151515151515 0.333333333333333 0.151515151515151 0.0757575757575757 0.272727272727273 0.0606060606060606 0.348484848484848 0.0606060606060606
0.0617283950617284 0.0246913580246914 1.37037037037037 4.44444444444444 2.25925925925926 2.25925925925926 3.07407407407407 2.60493827160494 3 1.5679012345679 1.34567901234568 0.703703703703704 0.271604938271605 0.246913580246914 0.271604938271605 0.407407407407407
0.0303030303030303 0.151515151515151 0.0606060606060606 1.24242424242424 2.45454545454545 2.16666666666667 3.37878787878788 2.25757575757576 2.54545454545454 1.95454545454545 1.48484848484848 0.46969696969697 0.333333333333333 0.136363636363636 0.0757575757575757 0.257575757575758
0.174418604651163 0.523255813953488 0.27906976744186 1.52325581395349 2.7906976744186 4 4.96511627906977 2.8953488372093 3.73255813953488 2.33720930232558 2.1046511627907 0.976744186046511 0.418604651162791 0.220930232558139 0.13953488372093 0.116279069767442
0.134328358208955 0.358208955223881 0.343283582089552 0.626865671641791 1.3134328358209 2.53731343283582 3.25373134328358 2.56716417910448 2.71641791044776 1.34328358208955 1.25373134328358 0.701492537313433 0.238805970149254 0.164179104477612 0.0597014925373134 0.0447761194029851
0 0.323076923076923 0.338461538461538 1.29230769230769 1.72307692307692 2.44615384615385 3.38461538461538 2.33846153846154 3.83076923076923 1.41538461538462 0.938461538461538 0.353846153846154 0.169230769230769 0.323076923076923 0.169230769230769 0.0307692307692308
0.0125 0.1125 0.375 1.875 2.625 3.5125 3.4625 3.0625 3.175 2.15 1.45 0.5625 0.575 0.325 0.6625 0.15
0.0240963855421687 0.265060240963855 0.289156626506024 1.36144578313253 1.87951807228916 1.96385542168675 2.73493975903614 2.26506024096386 2.63855421686747 2.33734939759036 1.5421686746988 1.30120481927711 0.819277108433735 0.63855421686747 0.506024096385542 0.891566265060241
0.0303030303030303 0.242424242424242 0.0303030303030303 0.666666666666667 1.45454545454545 1.60606060606061 2 1.22727272727273 1.65151515151515 1.16666666666667 2.78787878787879 0.939393939393939 0.272727272727273 2 0.5 1.04545454545455
0.0384615384615385 0.0769230769230769 0.0576923076923077 0.211538461538462 0.403846153846154 0.769230769230769 1.03846153846154 0.634615384615384 1.01923076923077 0.653846153846154 2.03846153846154 1.80769230769231 1.17307692307692 0.596153846153846 0.288461538461538 0.326923076923077
0.02 0.06 0.18 0.28 0.2 0.6 0.78 1.06 0.76 0.2 0.96 1.68 3.32 1.04 0.56 0.66
0 0.1 0.0666666666666667 0.133333333333333 0.133333333333333 0.166666666666667 0.266666666666667 0.5 0.766666666666666 0.366666666666667 0.233333333333333 1.2 2.33333333333333 1.93333333333333 1.16666666666667 0.233333333333333
0 0 0.0555555555555556 0.166666666666667 0.277777777777778 0 0.333333333333333 0.222222222222222 1 0.333333333333333 1.11111111111111 1.88888888888889 1.05555555555556 2.22222222222222 1.16666666666667 0.666666666666667
0 0 0 0.222222222222222 0.333333333333333 0.111111111111111 0.277777777777778 0.277777777777778 0.277777777777778 0.777777777777778 0.944444444444444 1.5 1.55555555555556 1.5 2.72222222222222 3.55555555555556
