0.71875 0.375 0.09375 0.03125 1.0625 1 0.78125 0.0625 0 0.15625 0.46875 0.9375 0.46875 0.125 0 0.03125
0.0377358490566038 11.7075471698113 0.556603773584906 0.179245283018868 0.433962264150943 0.990566037735849 1.18867924528302 0.349056603773585 0.226415094339623 0.169811320754717 0.339622641509434 0.452830188679245 0.462264150943396 0.132075471698113 0.0471698113207547 0.0377358490566038
0 1.51515151515152 18.530303030303 1.16666666666667 0.560606060606061 0.772727272727273 1.39393939393939 1.39393939393939 0.742424242424242 0.363636363636364 0.318181818181818 0.106060606060606 0.212121212121212 0 0.257575757575758 0.0757575757575758
0.037037037037037 0.0123456790123457 0.246913580246914 4.34567901234568 2.08641975308642 2.32098765432099 3.12345679012346 2.54320987654321 2.91358024691358 1.62962962962963 1.37037037037037 0.765432098765432 0.283950617283951 0.283950617283951 0.271604938271605 0.444444444444444
0.0454545454545455 0.196969696969697 0.166666666666667 1.42424242424242 2.90909090909091 2.39393939393939 3.57575757575758 1.95454545454545 2.24242424242424 1.77272727272727 1.81818181818182 0.909090909090909 0.636363636363636 0.363636363636364 0.106060606060606 0.363636363636364
0.162790697674419 0.906976744186046 0.209302325581395 1.86046511627907 2.8953488372093 4.24418604651163 4.46511627906977 3.2093023255814 3.47674418604651 2.6046511627907 1.83720930232558 1.54651162790698 0.86046511627907 0.348837209302326 0.255813953488372 0.383720930232558
0.119402985074627 0.462686567164179 0.238805970149254 0.686567164179104 1.67164179104478 2.2089552238806 2.91044776119403 2.49253731343284 1.98507462686567 1.13432835820896 1.32835820895522 0.746268656716418 0.328358208955224 0.253731343283582 0.0149253731343284 0.0447761194029851
0 0.353846153846154 0.430769230769231 1.04615384615385 1.46153846153846 1.86153846153846 3.44615384615385 1.95384615384615 2.75384615384615 1.24615384615385 1.01538461538462 0.246153846153846 0.553846153846154 0.353846153846154 0.153846153846154 0.123076923076923
0 0.15 0.2125 1.4 1.7 1.7875 2.775 2.45 2.575 1.7375 0.7625 0.9875 0.375 0.5375 0.475 0.35
0 0.156626506024096 0.168674698795181 0.807228915662651 1.50602409638554 1.19277108433735 2.25301204819277 1.96385542168675 2.48192771084337 2.2289156626506 2.50602409638554 1.37349397590361 0.602409638554217 0.421686746987952 0.313253012048193 0.867469879518072
0 0.166666666666667 0.0151515151515152 0.803030303030303 1.46969696969697 1.74242424242424 1.89393939393939 1.98484848484848 2.01515151515152 1.60606060606061 2.78787878787879 1.68181818181818 0.424242424242424 1.10606060606061 0.303030303030303 2.16666666666667
0 0.0384615384615385 0.0576923076923077 0.346153846153846 1.07692307692308 1.17307692307692 1.46153846153846 1.26923076923077 1.09615384615385 1.51923076923077 2.03846153846154 1.78846153846154 1.01923076923077 0.538461538461538 0.461538461538462 0.25
0.02 0.04 0.16 0.3 0.46 0.64 1.06 1.28 1.1 0.62 1.18 1.68 3.98 1.22 0.96 0.8
0 0.166666666666667 0.133333333333333 0.2 0.166666666666667 0.166666666666667 0.4 0.733333333333333 1.46666666666667 0.5 0.6 2.13333333333333 3.4 2.36666666666667 1.56666666666667 0.733333333333333
0 0 0.166666666666667 0.111111111111111 0.166666666666667 0 0.0555555555555556 0.166666666666667 0.722222222222222 0.222222222222222 1.33333333333333 1.38888888888889 0.833333333333333 1.77777777777778 4.77777777777778 0.888888888888889
0 0 0.111111111111111 0.222222222222222 0.222222222222222 0.277777777777778 0.0555555555555556 0.222222222222222 0.277777777777778 1.05555555555556 1.16666666666667 1.44444444444444 1.22222222222222 0.833333333333333 1.22222222222222 1.72222222222222
