0 0.0625 0 0.03125 1.03125 1.09375 0.59375 0 0 0.125 0.46875 0.65625 0.53125 0.03125 0 0.0625
0.265060240963855 10.9156626506024 1.16867469879518 0.228915662650602 0.55421686746988 1.08433734939759 1.36144578313253 0.385542168674699 0.216867469879518 0.144578313253012 0.373493975903614 0.542168674698795 0.566265060240964 0.0843373493975904 0 0.0120481927710843
0 0.49438202247191 22.5168539325843 1.12359550561798 0.359550561797753 0.573033707865168 1.32584269662921 1.41573033707865 0.51685393258427 0.49438202247191 0.258426966292135 0.213483146067416 0.235955056179775 0.0898876404494382 0.168539325842697 0.0449438202247191
0.0864197530864197 0.0246913580246914 0.382716049382716 5.98765432098765 1.82716049382716 2.40740740740741 2.7283950617284 2.17283950617284 2.64197530864198 1.58024691358025 1.09876543209877 0.765432098765432 0.246913580246914 0.259259259259259 0.296296296296296 0.530864197530864
0.0606060606060606 0.181818181818182 0.196969696969697 1.40909090909091 2.57575757575758 2.3030303030303 3.07575757575758 2.37878787878788 2.28787878787879 1.92424242424242 1.68181818181818 0.454545454545455 0.272727272727273 0.0454545454545455 0.0606060606060606 0.272727272727273
0.0930232558139535 0.63953488372093 0.127906976744186 1.94186046511628 3.01162790697674 5.19767441860465 5.11627906976744 3.27906976744186 3.54651162790698 2.19767441860465 1.51162790697674 0.558139534883721 0.348837209302326 0.0930232558139535 0.0930232558139535 0.0581395348837209
0.104477611940299 0.208955223880597 0.432835820895522 0.716417910447761 1.16417910447761 2 2.82089552238806 2.07462686567164 2.14925373134328 1.16417910447761 1.13432835820896 0.597014925373134 0.537313432835821 0.17910447761194 0.0447761194029851 0.0746268656716418
0 0.138461538461538 0.507692307692308 1.27692307692308 1.75384615384615 2.95384615384615 3.52307692307692 2.50769230769231 3.72307692307692 1.46153846153846 0.938461538461538 0.353846153846154 0.4 0.276923076923077 0.123076923076923 0.0461538461538462
0.0125 0.1125 0.45 1.45 1.5125 1.75 2.1625 2.3875 2.3 1.7 0.9 0.5375 0.3625 0.4875 0.4375 0.175
0.0240963855421687 0.216867469879518 0.325301204819277 1.39759036144578 2.16867469879518 1.97590361445783 3.21686746987952 2.40963855421687 3.06024096385542 2.6144578313253 1.93975903614458 1.48192771084337 0.602409638554217 0.373493975903614 0.240963855421687 0.63855421686747
0.0151515151515152 0.121212121212121 0.0454545454545455 0.621212121212121 1.10606060606061 1.57575757575758 1.6969696969697 1.22727272727273 1.43939393939394 1.45454545454545 3.37878787878788 1.51515151515152 0.681818181818182 1.27272727272727 0.666666666666667 1.89393939393939
0 0.0192307692307692 0.115384615384615 0.153846153846154 0.480769230769231 0.692307692307692 0.961538461538462 0.576923076923077 0.615384615384615 0.538461538461538 1.46153846153846 1.59615384615385 1.25 0.365384615384615 0.230769230769231 0.615384615384615
0.02 0.06 0.14 0.1 0.2 0.34 1.14 0.46 0.86 0.4 1.26 1.8 4.72 1.2 0.72 0.9
0 0.2 0.166666666666667 0 0.6 0 0.566666666666667 0.633333333333333 0.366666666666667 0.5 0.0333333333333333 0.8 0.766666666666667 1.3 0.9 0.0666666666666667
0 0 0 0.166666666666667 0.111111111111111 0 0.166666666666667 0.111111111111111 0.722222222222222 0.333333333333333 0.333333333333333 0.722222222222222 0.944444444444444 1.05555555555556 2.22222222222222 0.777777777777778
0 0 0.111111111111111 0.111111111111111 0.333333333333333 0.222222222222222 0.444444444444444 0.166666666666667 0.555555555555556 0.833333333333333 1.66666666666667 1.72222222222222 1.5 1.05555555555556 2.83333333333333 3.22222222222222
