1.25 0.78125 0.0625 0 1.09375 1.03125 0.5625 0.09375 0.0625 0.1875 0.625 1 0.65625 0.15625 0 0.21875
0.337349397590361 10.3253012048193 1 0.192771084337349 0.301204819277108 0.891566265060241 0.927710843373494 0.228915662650602 0.216867469879518 0.204819277108434 0.469879518072289 0.481927710843373 0.518072289156627 0.144578313253012 0.0120481927710843 0.0240963855421687
0 1.20224719101124 24.4719101123596 1.1685393258427 0.269662921348315 0.404494382022472 1.10112359550562 1.01123595505618 0.584269662921348 0.314606741573034 0.247191011235955 0.191011235955056 0.314606741573034 0.0674157303370786 0.191011235955056 0.0898876404494382
0.0123456790123457 0.0123456790123457 0.506172839506173 4.7037037037037 2.40740740740741 2.7283950617284 3.40740740740741 3.14814814814815 3.18518518518519 1.65432098765432 1.30864197530864 0.246913580246914 0.0987654320987654 0.0740740740740741 0.111111111111111 0.123456790123457
0.0454545454545455 0.136363636363636 0.181818181818182 1.15151515151515 3.01515151515152 2.40909090909091 3.04545454545455 2.21212121212121 2.5 1.95454545454545 1.54545454545455 1.13636363636364 0.606060606060606 0.424242424242424 0.181818181818182 0.53030303030303
0.162790697674419 0.627906976744186 0.27906976744186 1.52325581395349 2.41860465116279 4.05813953488372 4.73255813953488 2.76744186046512 3.63953488372093 2.27906976744186 2.26744186046512 0.895348837209302 0.232558139534884 0.290697674418605 0.0813953488372093 0.255813953488372
0.0597014925373134 0.328358208955224 0.552238805970149 0.895522388059702 1.86567164179104 1.83582089552239 2.91044776119403 2.22388059701493 2.38805970149254 0.850746268656716 0.91044776119403 0.656716417910448 0.313432835820896 0.208955223880597 0.134328358208955 0.0746268656716418
0 0.0769230769230769 0.507692307692308 1.13846153846154 1.6 1.93846153846154 3.6 2.09230769230769 2.44615384615385 1.35384615384615 0.984615384615385 0.4 0.707692307692308 0.446153846153846 0.215384615384615 0.2
0 0.1625 0.225 1.3875 1.6 2.4875 2.75 2.9375 2.35 2.3 1.025 0.3375 0.2875 0.3125 0.3125 0.125
0 0.132530120481928 0.228915662650602 0.963855421686747 1.51807228915663 1.46987951807229 2.4578313253012 1.63855421686747 2.32530120481928 1.79518072289157 1.50602409638554 1.16867469879518 0.578313253012048 0.373493975903614 0.421686746987952 0.626506024096386
0.0151515151515152 0.0909090909090909 0 0.606060606060606 1.48484848484848 1.92424242424242 2.90909090909091 1.75757575757576 1.83333333333333 1.43939393939394 2.53030303030303 1.06060606060606 0.712121212121212 1.12121212121212 0.257575757575758 1.18181818181818
0.0576923076923077 0.0769230769230769 0.0769230769230769 0.269230769230769 0.923076923076923 1.17307692307692 1.57692307692308 1.03846153846154 0.942307692307692 1.30769230769231 2.59615384615385 1.73076923076923 1.92307692307692 0.5 0.423076923076923 0.423076923076923
0 0.48 0.02 0.18 0.24 0.48 0.7 1 0.84 0.76 1.86 2.74 3.92 1.52 1.1 1.08
0 0.0333333333333333 0.1 0.1 0.133333333333333 0.266666666666667 0.3 0.6 0.933333333333333 0.966666666666667 1.13333333333333 1.03333333333333 1.63333333333333 0.833333333333333 0.5 0.233333333333333
0 0 0 0.222222222222222 0.111111111111111 0 0.111111111111111 0.0555555555555556 0.611111111111111 0.5 0.166666666666667 2.11111111111111 1.44444444444444 1.33333333333333 1.38888888888889 1.83333333333333
0 0 0.0555555555555556 0.222222222222222 0.222222222222222 0.166666666666667 0.222222222222222 0.111111111111111 0.388888888888889 0.611111111111111 0.777777777777778 1.88888888888889 1.5 1 3.22222222222222 1.27777777777778
