0.1875 0.09375 0.0625 0.03125 0.9375 0.9375 0.53125 0.09375 0.0625 0.21875 0.5625 0.8125 0.65625 0.15625 0 0.125
0.160377358490566 15.8490566037736 0.169811320754717 0.188679245283019 0.264150943396226 0.905660377358491 1.00943396226415 0.386792452830189 0.179245283018868 0.10377358490566 0.292452830188679 0.424528301886792 0.584905660377358 0.169811320754717 0.0188679245283019 0.0188679245283019
0 1.83333333333333 17.2272727272727 0.954545454545455 0.5 0.53030303030303 1.36363636363636 1.21212121212121 0.696969696969697 0.454545454545455 0.242424242424242 0.106060606060606 0.151515151515152 0.0606060606060606 0.181818181818182 0.0909090909090909
0.0740740740740741 0.0123456790123457 0.839506172839506 4.4320987654321 2.02469135802469 1.32098765432099 2.74074074074074 2.03703703703704 2.53086419753086 1.28395061728395 1.12345679012346 0.679012345679012 0.308641975308642 0.246913580246914 0.283950617283951 0.358024691358025
0.0454545454545455 0.0757575757575758 0.0909090909090909 1.13636363636364 3.01515151515152 2.66666666666667 3.65151515151515 1.90909090909091 2.63636363636364 2.22727272727273 1.75757575757576 0.53030303030303 0.318181818181818 0.212121212121212 0.0151515151515152 0.166666666666667
0.151162790697674 0.744186046511628 0.162790697674419 1.77906976744186 2.76744186046512 4.03488372093023 5.22093023255814 2.98837209302326 3.8953488372093 2.37209302325581 2.16279069767442 1.03488372093023 0.593023255813954 0.232558139534884 0.174418604651163 0.27906976744186
0.104477611940299 0.358208955223881 0.26865671641791 0.432835820895522 0.805970149253731 1.3134328358209 1.95522388059702 1.83582089552239 1.37313432835821 0.597014925373134 0.626865671641791 0.716417910447761 0.328358208955224 0.208955223880597 0.0298507462686567 0.0746268656716418
0 0.230769230769231 0.446153846153846 0.953846153846154 1.70769230769231 2.32307692307692 3.13846153846154 2.24615384615385 2.52307692307692 1.15384615384615 0.8 0.553846153846154 0.907692307692308 0.615384615384615 0.292307692307692 0.230769230769231
0 0.1375 0.2 1.3375 1.7125 1.975 2.4625 1.8125 2.825 1.8875 0.9 0.9125 0.6125 0.5875 0.725 0.3375
0.0240963855421687 0.216867469879518 0.132530120481928 1.08433734939759 1.86746987951807 1.60240963855422 2.83132530120482 1.8433734939759 2.65060240963855 2.16867469879518 1.63855421686747 1.85542168674699 1.13253012048193 0.831325301204819 0.493975903614458 0.783132530120482
0.0303030303030303 0.212121212121212 0 0.5 1.03030303030303 1.04545454545455 1.39393939393939 1.1969696969697 1.39393939393939 1.15151515151515 2.59090909090909 1.06060606060606 0.439393939393939 0.545454545454545 0.272727272727273 0.696969696969697
0.0192307692307692 0.134615384615385 0.0384615384615385 0.480769230769231 1.38461538461538 1.28846153846154 1.42307692307692 1.25 1.57692307692308 1.34615384615385 1.88461538461538 2.23076923076923 2.38461538461538 0.923076923076923 0.730769230769231 0.5
0 0.22 0.08 0.16 0.42 0.56 1.04 1.16 0.88 0.98 1.12 1.82 4.16 1.34 0.7 0.7
0 0.166666666666667 0.0666666666666667 0.333333333333333 0.366666666666667 0.533333333333333 0.8 0.9 1.63333333333333 1.26666666666667 1.03333333333333 2.03333333333333 2 1.63333333333333 1.46666666666667 0.766666666666667
0 0 0.0555555555555556 0.277777777777778 0 0.0555555555555556 0.0555555555555556 0.5 0.388888888888889 0.277777777777778 0.222222222222222 0.944444444444444 0.833333333333333 0.888888888888889 4.38888888888889 0.444444444444444
0 0 0 0.333333333333333 0.166666666666667 0.111111111111111 0.111111111111111 0.166666666666667 0.333333333333333 0.777777777777778 0.277777777777778 0.277777777777778 0.333333333333333 0.111111111111111 2.05555555555556 1
