0.59375 0.375 0.0625 0 0.96875 0.90625 0.875 0.09375 0 0.09375 0.34375 0.40625 0.5625 0.03125 0 0.09375
0.132075471698113 12.5471698113208 0.311320754716981 0.0566037735849057 0.169811320754717 0.962264150943396 0.924528301886792 0.264150943396226 0.132075471698113 0.10377358490566 0.349056603773585 0.537735849056604 0.39622641509434 0.0943396226415094 0.0283018867924528 0.0377358490566038
0 0.212121212121212 19.0454545454545 1.1969696969697 0.560606060606061 0.651515151515151 1.68181818181818 1.21212121212121 0.681818181818182 0.409090909090909 0.227272727272727 0.0757575757575758 0.348484848484849 0.0303030303030303 0.272727272727273 0.0606060606060606
0.0246913580246914 0.0123456790123457 0.209876543209877 4.24691358024691 2.32098765432099 2.82716049382716 3.67901234567901 2.83950617283951 3.37037037037037 1.95061728395062 1.50617283950617 0.555555555555556 0.197530864197531 0.222222222222222 0.234567901234568 0.358024691358025
0.0454545454545455 0.242424242424242 0.0909090909090909 0.803030303030303 2.81818181818182 2.86363636363636 2.71212121212121 1.77272727272727 1.6969696969697 1.56060606060606 1.63636363636364 0.378787878787879 0.242424242424242 0.121212121212121 0 0.106060606060606
0.151162790697674 0.627906976744186 0.313953488372093 1.7093023255814 2.77906976744186 4.5 4.61627906976744 2.76744186046512 3.44186046511628 2.13953488372093 2.23255813953488 0.744186046511628 0.395348837209302 0.255813953488372 0.104651162790698 0.174418604651163
0.164179104477612 0.492537313432836 0.283582089552239 0.805970149253731 1.40298507462687 2.04477611940298 3.2089552238806 2.73134328358209 2.41791044776119 1.08955223880597 1.05970149253731 0.776119402985075 0.223880597014925 0.26865671641791 0.0746268656716418 0.0746268656716418
0 0.369230769230769 0.430769230769231 1.36923076923077 1.35384615384615 2.41538461538462 3.49230769230769 2.23076923076923 2.98461538461538 1.26153846153846 1.15384615384615 0.353846153846154 0.692307692307692 0.630769230769231 0.230769230769231 0.2
0.0125 0.1125 0.45 1.3625 1.8125 2.4625 2.7 2.65 2.9875 1.5625 1 0.8375 0.5125 0.4875 0.6125 0.275
0.0240963855421687 0.228915662650602 0.180722891566265 1.20481927710843 1.72289156626506 1.36144578313253 2.43373493975904 1.95180722891566 2.55421686746988 2.07228915662651 1.4578313253012 1.63855421686747 1.06024096385542 0.746987951807229 0.530120481927711 0.819277108433735
0.0303030303030303 0.166666666666667 0.0303030303030303 0.787878787878788 1.68181818181818 2 2.53030303030303 1.77272727272727 2.09090909090909 1.15151515151515 2.78787878787879 1.13636363636364 0.575757575757576 0.484848484848485 0.287878787878788 0.454545454545455
0.0192307692307692 0.0961538461538462 0.0961538461538462 0.288461538461538 0.807692307692308 1.05769230769231 1.23076923076923 0.865384615384615 1.09615384615385 1.21153846153846 1.96153846153846 1.90384615384615 1.26923076923077 0.615384615384615 0.307692307692308 0.423076923076923
0.02 0.18 0.06 0.28 0.46 0.82 1.2 1.24 0.96 0.52 1.3 1.94 4.26 1.34 0.56 0.84
0.0333333333333333 0.3 0.166666666666667 0.0333333333333333 0.166666666666667 0.333333333333333 0.8 0.966666666666667 0.666666666666667 1.33333333333333 0.966666666666667 1.46666666666667 1.33333333333333 1.33333333333333 0.766666666666667 0.366666666666667
0 0 0.0555555555555556 0.111111111111111 0.222222222222222 0 0.277777777777778 0.111111111111111 0.5 0.166666666666667 0.277777777777778 0.833333333333333 1.05555555555556 1.16666666666667 3.61111111111111 1.16666666666667
0 0 0.0555555555555556 0.111111111111111 0.166666666666667 0.166666666666667 0.0555555555555556 0.111111111111111 0.111111111111111 0.666666666666667 0.722222222222222 0.666666666666667 0.722222222222222 0.444444444444444 1.44444444444444 1.55555555555556
