0.0625 0.0625 0.15625 0 1.03125 1 0.9375 0.125 0.03125 0.1875 0.5625 0.875 0.71875 0.28125 0 0.125
0.169811320754717 13.5188679245283 0.481132075471698 0.179245283018868 0.330188679245283 1.0188679245283 0.952830188679245 0.273584905660377 0.264150943396226 0.254716981132075 0.462264150943396 0.490566037735849 0.415094339622642 0.0660377358490566 0.0188679245283019 0.0566037735849057
0 1.83333333333333 23.5606060606061 1.07575757575758 0.272727272727273 0.363636363636364 1.3030303030303 1.04545454545455 0.818181818181818 0.303030303030303 0.151515151515152 0.0757575757575758 0.393939393939394 0.0757575757575758 0.136363636363636 0.0303030303030303
0.0246913580246914 0 0.555555555555556 5.90123456790123 2.12345679012346 2.7037037037037 3.25925925925926 2.60493827160494 3.12345679012346 1.54320987654321 1.02469135802469 0.419753086419753 0.222222222222222 0.160493827160494 0.148148148148148 0.308641975308642
0.0909090909090909 0.121212121212121 0.0909090909090909 1.31818181818182 2.77272727272727 2.62121212121212 2.78787878787879 2.07575757575758 2.43939393939394 1.8030303030303 1.74242424242424 1.04545454545455 0.575757575757576 0.515151515151515 0.151515151515152 0.303030303030303
0.127906976744186 0.813953488372093 0.22093023255814 1.77906976744186 2.88372093023256 4.65116279069767 5.2093023255814 3.40697674418605 3.44186046511628 2.02325581395349 1.8953488372093 0.965116279069767 0.616279069767442 0.209302325581395 0.151162790697674 0.255813953488372
0.0746268656716418 0.358208955223881 0.388059701492537 0.686567164179104 1.6865671641791 2.74626865671642 2.92537313432836 2.02985074626866 2.43283582089552 1.34328358208955 1.22388059701493 0.791044776119403 0.313432835820896 0.194029850746269 0.0746268656716418 0.0746268656716418
0 0.215384615384615 0.353846153846154 1.24615384615385 1.49230769230769 2.23076923076923 3.84615384615385 2.67692307692308 2.73846153846154 1.70769230769231 1.03076923076923 0.461538461538462 0.815384615384615 0.692307692307692 0.307692307692308 0.276923076923077
0.0125 0.175 0.2375 1.75 2.2625 2.75 2.95 2.8875 3.4 2.175 1.0375 0.4625 0.5625 0.2125 0.3625 0.0875
0.0240963855421687 0.228915662650602 0.204819277108434 1.43373493975904 2.12048192771084 1.86746987951807 3.44578313253012 2.31325301204819 2.65060240963855 2.19277108433735 1.85542168674699 2.09638554216867 1.26506024096386 0.855421686746988 0.590361445783133 1.06024096385542
0.0757575757575758 0.212121212121212 0.0303030303030303 0.893939393939394 1.27272727272727 1.92424242424242 1.89393939393939 1.3030303030303 2 1.43939393939394 2.18181818181818 0.848484848484849 0.348484848484849 0.96969696969697 0.212121212121212 0.727272727272727
0 0.0384615384615385 0.153846153846154 0.365384615384615 1.03846153846154 1.09615384615385 1.11538461538462 1.32692307692308 1.48076923076923 1.38461538461538 1.38461538461538 2.07692307692308 1.59615384615385 0.788461538461538 0.576923076923077 0.480769230769231
0 0.18 0.12 0.04 0.08 0.3 0.96 0.48 0.76 0.48 0.64 1.56 2.9 1.16 0.88 0.56
0 0.533333333333333 0.0333333333333333 0.0333333333333333 0.2 0.0666666666666667 0.866666666666667 1.36666666666667 0.766666666666667 1.13333333333333 0.866666666666667 1.96666666666667 2.56666666666667 1.7 1.1 0.5
0 0 0 0.388888888888889 0 0.0555555555555556 0.0555555555555556 0.222222222222222 0.666666666666667 0.222222222222222 0.444444444444444 1.44444444444444 0.444444444444444 0.944444444444444 2.66666666666667 1.83333333333333
0 0 0 0.222222222222222 0.222222222222222 0.111111111111111 0 0.111111111111111 0.166666666666667 0.555555555555556 0.277777777777778 0.222222222222222 0.222222222222222 0.111111111111111 1.55555555555556 0.944444444444444
