0 0.15625 0.0625 0.03125 1.125 1.15625 1.09375 0.03125 0 0.21875 0.53125 0.21875 0.78125 0.03125 0 0.03125
0.339622641509434 12.1132075471698 0.283018867924528 0.273584905660377 0.481132075471698 0.962264150943396 1.28301886792453 0.283018867924528 0.179245283018868 0.0849056603773585 0.273584905660377 0.547169811320755 0.528301886792453 0.0943396226415094 0.0377358490566038 0.0283018867924528
0 0.787878787878788 19.3484848484848 1.37878787878788 0.939393939393939 1.12121212121212 1.6969696969697 1.04545454545455 0.909090909090909 0.212121212121212 0.378787878787879 0.106060606060606 0.303030303030303 0.0151515151515152 0.181818181818182 0.0454545454545455
0.0987654320987654 0.0123456790123457 0.62962962962963 5.03703703703704 2.01234567901235 2.41975308641975 2.79012345679012 2.39506172839506 2.76543209876543 1.23456790123457 0.962962962962963 0.333333333333333 0.172839506172839 0.135802469135802 0.172839506172839 0.259259259259259
0.0606060606060606 0.212121212121212 0.0909090909090909 1.31818181818182 2.16666666666667 2.3030303030303 3.04545454545455 1.89393939393939 2.59090909090909 1.87878787878788 1.81818181818182 1.18181818181818 0.712121212121212 0.348484848484849 0.227272727272727 0.606060606060606
0.116279069767442 0.604651162790698 0.337209302325581 1.47674418604651 2.5 3.93023255813953 4.63953488372093 2.48837209302326 3.68604651162791 1.84883720930233 1.69767441860465 1.02325581395349 0.651162790697674 0.372093023255814 0.186046511627907 0.22093023255814
0.134328358208955 0.343283582089552 0.343283582089552 0.373134328358209 1.26865671641791 1.44776119402985 2.46268656716418 1.67164179104478 1.50746268656716 0.641791044776119 1.07462686567164 0.611940298507463 0.313432835820896 0.164179104477612 0.0447761194029851 0.0298507462686567
0 0.215384615384615 0.538461538461538 0.938461538461538 1.46153846153846 1.90769230769231 3.18461538461538 1.83076923076923 2.63076923076923 1.07692307692308 0.846153846153846 0.369230769230769 0.907692307692308 0.692307692307692 0.292307692307692 0.292307692307692
0.025 0.1 0.375 1.05 1.275 1.9 2.075 2.1 2.6 1.5625 0.7125 0.5625 0.3875 0.4 0.325 0.1625
0.036144578313253 0.228915662650602 0.36144578313253 1.60240963855422 2.28915662650602 2.36144578313253 3.7710843373494 2.48192771084337 2.67469879518072 2.37349397590361 1.60240963855422 2.62650602409639 1.46987951807229 1.06024096385542 0.855421686746988 1.13253012048193
0 0.196969696969697 0.0303030303030303 0.848484848484849 1.15151515151515 1.39393939393939 2.15151515151515 1.3030303030303 1.86363636363636 1.10606060606061 2.37878787878788 0.878787878787879 0.272727272727273 1.59090909090909 0.242424242424242 0.772727272727273
0 0.0384615384615385 0.0576923076923077 0.230769230769231 0.557692307692308 0.807692307692308 0.692307692307692 0.865384615384615 0.884615384615385 0.980769230769231 1.15384615384615 1.65384615384615 1.30769230769231 0.615384615384615 0.326923076923077 0.346153846153846
0 0.28 0.12 0.2 0.28 0.58 0.8 0.88 0.96 0.52 1.44 1.56 3.6 0.94 1.18 0.76
0 0.1 0.2 0.333333333333333 0.266666666666667 0.5 0.633333333333333 1.16666666666667 1.3 0.833333333333333 0.6 1.26666666666667 1.56666666666667 1.63333333333333 0.966666666666667 0.2
0 0.111111111111111 0 0.111111111111111 0.111111111111111 0 0.166666666666667 0.666666666666667 0.777777777777778 0.388888888888889 0.944444444444444 2.11111111111111 1.77777777777778 0.888888888888889 1.38888888888889 2
0 0 0.111111111111111 0.333333333333333 0.0555555555555556 0.277777777777778 0 0.222222222222222 0.277777777777778 1.05555555555556 0.944444444444444 1 0.666666666666667 0.333333333333333 2.83333333333333 0.833333333333333
