1.78125 1.15625 0.03125 0 0.5 1.25 0.65625 0.0625 0.03125 0.1875 0.40625 1.28125 0.59375 0.125 0 0.1875
0.337349397590361 10.3373493975904 1.04819277108434 0.228915662650602 0.55421686746988 1.10843373493976 1.24096385542169 0.313253012048193 0.240963855421687 0.0843373493975904 0.337349397590361 0.506024096385542 0.566265060240964 0.204819277108434 0.0240963855421687 0.036144578313253
0 0.528089887640449 22.5280898876404 1.03370786516854 0.629213483146067 0.842696629213483 1.28089887640449 0.955056179775281 0.629213483146067 0.303370786516854 0.247191011235955 0.0561797752808989 0.325842696629214 0.0561797752808989 0.146067415730337 0.0674157303370786
0 0.0493827160493827 0.358024691358025 5.27160493827161 1.95061728395062 2.08641975308642 2.79012345679012 2.34567901234568 2.62962962962963 1.59259259259259 1.02469135802469 0.641975308641975 0.222222222222222 0.259259259259259 0.283950617283951 0.432098765432099
0 0.212121212121212 0.166666666666667 1.40909090909091 3.22727272727273 2.56060606060606 3.81818181818182 2.40909090909091 2.1969696969697 1.96969696969697 2 0.575757575757576 0.454545454545455 0.151515151515152 0.0454545454545455 0.242424242424242
0.151162790697674 0.593023255813954 0.197674418604651 1.18604651162791 1.75581395348837 3.33720930232558 3.58139534883721 2 2.25581395348837 1.22093023255814 1.52325581395349 0.837209302325581 0.465116279069767 0.162790697674419 0.127906976744186 0.232558139534884
0.0597014925373134 0.283582089552239 0.432835820895522 0.582089552238806 1.17910447761194 1.73134328358209 2.26865671641791 1.95522388059702 1.80597014925373 1.14925373134328 1.26865671641791 0.656716417910448 0.223880597014925 0.164179104477612 0.0298507462686567 0.0895522388059701
0 0.107692307692308 0.707692307692308 1.04615384615385 1.56923076923077 1.66153846153846 3.27692307692308 2.09230769230769 2.6 1.27692307692308 1.03076923076923 0.446153846153846 0.584615384615385 0.523076923076923 0.230769230769231 0.184615384615385
0.0125 0.1375 0.55 1.3 1.975 2.3125 2.925 2.75 3.0125 2.4125 1.1625 0.6625 0.55 0.4625 0.45 0.3125
0.036144578313253 0.072289156626506 0.506024096385542 1.04819277108434 1.28915662650602 1.39759036144578 2.33734939759036 1.5421686746988 2.1566265060241 1.65060240963855 1.2289156626506 1.34939759036145 0.91566265060241 0.843373493975904 0.542168674698795 0.626506024096386
0.0303030303030303 0.196969696969697 0.0151515151515152 0.545454545454545 1.09090909090909 2.06060606060606 2.34848484848485 1.25757575757576 2.10606060606061 1.83333333333333 2.48484848484848 1.48484848484848 0.818181818181818 1.57575757575758 0.393939393939394 1.95454545454545
0 0.0769230769230769 0.0961538461538462 0.269230769230769 0.673076923076923 0.961538461538462 1.38461538461538 0.692307692307692 1.19230769230769 0.788461538461538 1.01923076923077 2.01923076923077 1.44230769230769 0.538461538461538 0.326923076923077 0.730769230769231
0.04 0.18 0.1 0.18 0.24 0.36 1 0.82 0.94 0.58 1 1.7 3.18 1.32 0.84 0.76
0 0.166666666666667 0.0666666666666667 0.5 0.333333333333333 0.3 0.533333333333333 0.733333333333333 1.33333333333333 0.9 0.433333333333333 1.56666666666667 1.2 1.63333333333333 1.06666666666667 0.5
0 0 0.0555555555555556 0.555555555555556 0 0.111111111111111 0.166666666666667 0.444444444444444 0.555555555555556 0.611111111111111 0.166666666666667 2.22222222222222 1.22222222222222 1 1.11111111111111 0.555555555555556
0 0 0.0555555555555556 0.111111111111111 0.333333333333333 0.111111111111111 0.166666666666667 0.111111111111111 0.222222222222222 0.666666666666667 1.05555555555556 1.27777777777778 1 0.722222222222222 2.38888888888889 2.38888888888889
