0 0.03125 0.0625 0.0625 0.65625 1 0.84375 0.125 0.0625 0.21875 0.34375 1.21875 0.75 0.25 0 0.125
0.264150943396226 10.188679245283 0.339622641509434 0.283018867924528 0.5 0.990566037735849 1.19811320754717 0.330188679245283 0.273584905660377 0.10377358490566 0.433962264150943 0.537735849056604 0.490566037735849 0.141509433962264 0.0283018867924528 0.0566037735849057
0 0.212121212121212 22.6060606060606 1.56060606060606 0.818181818181818 0.939393939393939 1.71212121212121 1.27272727272727 0.878787878787879 0.393939393939394 0.333333333333333 0.0151515151515152 0.424242424242424 0.121212121212121 0.181818181818182 0.0454545454545455
0.037037037037037 0 1.01234567901235 3.64197530864198 2.2716049382716 2.87654320987654 3.37037037037037 3.11111111111111 3.19753086419753 1.75308641975309 1.46913580246914 0.666666666666667 0.259259259259259 0.222222222222222 0.308641975308642 0.444444444444444
0.0909090909090909 0.242424242424242 0.196969696969697 1.42424242424242 2.90909090909091 2.72727272727273 3.16666666666667 2.18181818181818 3.12121212121212 2 1.8030303030303 1.54545454545455 0.924242424242424 0.651515151515151 0.272727272727273 0.712121212121212
0.162790697674419 0.488372093023256 0.104651162790698 1.58139534883721 2.7093023255814 3.7906976744186 4.44186046511628 2.87209302325581 3.45348837209302 1.98837209302326 2.03488372093023 1.27906976744186 0.430232558139535 0.0813953488372093 0.127906976744186 0.267441860465116
0.119402985074627 0.343283582089552 0.298507462686567 1.01492537313433 1.61194029850746 2.56716417910448 3.71641791044776 2.62686567164179 2.53731343283582 1.86567164179104 1.7910447761194 0.835820895522388 0.432835820895522 0.149253731343284 0.0149253731343284 0.0746268656716418
0 0.292307692307692 0.338461538461538 1.33846153846154 1.70769230769231 2.63076923076923 3.4 2.49230769230769 2.86153846153846 1.56923076923077 0.938461538461538 0.353846153846154 0.4 0.369230769230769 0.338461538461538 0.107692307692308
0 0.1125 0.1875 1.55 2.025 2.4375 2.5875 2.7375 2.3 1.9625 1.1 0.3125 0.325 0.25 0.3125 0.0375
0.036144578313253 0.180722891566265 0.289156626506024 1.16867469879518 1.79518072289157 1.42168674698795 2.68674698795181 2.56626506024096 2.91566265060241 2.04819277108434 2.01204819277108 1.80722891566265 1.04819277108434 0.879518072289157 0.506024096385542 0.72289156626506
0.0606060606060606 0.151515151515152 0.0151515151515152 0.621212121212121 1.33333333333333 1.6969696969697 2.65151515151515 1.36363636363636 2.24242424242424 1.65151515151515 2.16666666666667 1.04545454545455 0.333333333333333 1.10606060606061 0.348484848484849 0.333333333333333
0 0.0769230769230769 0.230769230769231 0.153846153846154 0.346153846153846 0.480769230769231 0.980769230769231 0.615384615384615 0.769230769230769 0.826923076923077 1.88461538461538 1.5 1.30769230769231 0.461538461538462 0.25 0.461538461538462
0.02 0.12 0.04 0.16 0.22 0.4 0.8 0.66 0.58 0.46 0.94 0.84 2.84 0.6 0.38 0.66
0 0.3 0.233333333333333 0.133333333333333 0.2 0.366666666666667 0.733333333333333 1.3 0.933333333333333 1.06666666666667 0.933333333333333 1.93333333333333 2.16666666666667 1.43333333333333 1.83333333333333 0.566666666666667
0 0 0.166666666666667 0.611111111111111 0 0.166666666666667 0 1.22222222222222 0.5 0.944444444444444 0.722222222222222 1.83333333333333 0.944444444444444 0.833333333333333 3.05555555555556 0.277777777777778
0 0 0 0.111111111111111 0.444444444444444 0.0555555555555556 0.111111111111111 0.166666666666667 0.222222222222222 0.444444444444444 0.944444444444444 0.833333333333333 0.833333333333333 0.944444444444444 2.83333333333333 3.16666666666667
