0.71875 0.375 0.09375 0.03125 0.71875 1.3125 0.40625 0.125 0 0.28125 0.46875 0.5 0.625 0.09375 0 0.0625
0.27710843373494 10.9638554216867 1.49397590361446 0.168674698795181 0.457831325301205 1.39759036144578 1.1566265060241 0.289156626506024 0.180722891566265 0.180722891566265 0.518072289156626 0.506024096385542 0.590361445783132 0.0963855421686747 0.0240963855421687 0.0481927710843373
0 1.0561797752809 18.6629213483146 0.786516853932584 0.337078651685393 0.426966292134831 1.10112359550562 1.02247191011236 0.685393258426966 0.47191011235955 0.179775280898876 0.146067415730337 0.393258426966292 0.0561797752808989 0.168539325842697 0.0449438202247191
0.0123456790123457 0.037037037037037 1.33333333333333 4.2716049382716 2.06172839506173 1.93827160493827 2.55555555555556 2.19753086419753 2.50617283950617 1.14814814814815 1.22222222222222 0.432098765432099 0.333333333333333 0.172839506172839 0.172839506172839 0.283950617283951
0.0757575757575757 0.121212121212121 0.106060606060606 1.3030303030303 2.31818181818182 2.16666666666667 2.89393939393939 1.66666666666667 1.98484848484848 1.63636363636364 1.63636363636364 0.393939393939394 0.166666666666667 0.0757575757575757 0.0151515151515152 0.151515151515151
0.116279069767442 0.906976744186046 0.186046511627907 1.46511627906977 2.66279069767442 3.75581395348837 4.55813953488372 2.61627906976744 3.34883720930232 1.84883720930233 1.86046511627907 1.45348837209302 0.802325581395349 0.232558139534884 0.209302325581395 0.372093023255814
0.208955223880597 0.26865671641791 0.298507462686567 0.776119402985075 1.55223880597015 2.46268656716418 2.59701492537313 3.11940298507463 2.23880597014925 1.28358208955224 1.07462686567164 0.641791044776119 0.343283582089552 0.164179104477612 0.0597014925373134 0.0895522388059701
0 0.107692307692308 0.584615384615385 0.969230769230769 1.29230769230769 2.23076923076923 3.2 1.96923076923077 2.73846153846154 1.30769230769231 0.769230769230769 0.369230769230769 0.707692307692308 0.338461538461538 0.184615384615385 0.215384615384615
0 0.1625 0.4125 1.3125 1.775 2.05 2.4875 2.0125 2.7375 1.35 0.9125 0.4 0.3375 0.225 0.475 0.15
0.0240963855421687 0.132530120481928 0.349397590361446 0.867469879518072 1.72289156626506 1.56626506024096 2.50602409638554 1.92771084337349 2.51807228915663 2.1566265060241 1.53012048192771 1.87951807228916 0.771084337349398 0.566265060240964 0.301204819277108 0.951807228915662
0.0303030303030303 0.0454545454545454 0.0606060606060606 0.590909090909091 1.62121212121212 1.83333333333333 2.25757575757576 1.62121212121212 1.63636363636364 1.3030303030303 2.22727272727273 1.43939393939394 0.742424242424242 0.5 0.545454545454545 1.24242424242424
0.0192307692307692 0.0961538461538461 0.173076923076923 0.0576923076923077 0.153846153846154 0.384615384615385 0.730769230769231 0.615384615384615 0.326923076923077 0.75 1.73076923076923 1.78846153846154 1.71153846153846 0.653846153846154 0.288461538461538 0.480769230769231
0.04 0.04 0.14 0.2 0.22 0.36 0.96 0.96 1.3 0.48 1.24 2 3.1 0.9 1.34 0.44
0 0.133333333333333 0.166666666666667 0.166666666666667 0.1 0 0.366666666666667 0.5 0.466666666666667 0.0666666666666667 0.1 0.966666666666667 1.1 1.3 1.5 0.333333333333333
0 0.0555555555555556 0.0555555555555556 0.0555555555555556 0 0 0 0.388888888888889 0.444444444444444 0.611111111111111 0.944444444444444 1.77777777777778 1.5 0.944444444444444 1.05555555555556 0.333333333333333
0 0 0.0555555555555556 0 0.333333333333333 0.111111111111111 0.111111111111111 0 0.166666666666667 0.277777777777778 0.888888888888889 1 0.944444444444444 0.388888888888889 2.55555555555556 1.55555555555556
