0 0.09375 0.0625 0 0.71875 1.0625 0.75 0.125 0.09375 0.3125 0.4375 1.21875 0.8125 0.3125 0 0.25
0.0471698113207547 11.8962264150943 0.547169811320755 0.254716981132075 0.264150943396226 0.905660377358491 1.14150943396226 0.320754716981132 0.188679245283019 0.207547169811321 0.160377358490566 0.575471698113208 0.39622641509434 0.188679245283019 0.0283018867924528 0.00943396226415094
0 0.712121212121212 16.6515151515152 0.848484848484849 0.242424242424242 0.484848484848485 1.16666666666667 0.909090909090909 0.666666666666667 0.287878787878788 0.242424242424242 0.0757575757575758 0.272727272727273 0.0151515151515152 0.287878787878788 0.106060606060606
0.0493827160493827 0 1.45679012345679 6.91358024691358 2.5679012345679 2.92592592592593 3.49382716049383 2.65432098765432 2.91358024691358 1.88888888888889 1.45679012345679 0.407407407407407 0.135802469135802 0.185185185185185 0.172839506172839 0.444444444444444
0.0606060606060606 0.212121212121212 0.0606060606060606 1.03030303030303 2.8030303030303 2.63636363636364 3.18181818181818 1.63636363636364 1.81818181818182 1.75757575757576 1.34848484848485 0.545454545454545 0.393939393939394 0.151515151515152 0.0151515151515152 0.121212121212121
0.162790697674419 0.697674418604651 0.267441860465116 1.5 2.05813953488372 4.36046511627907 4.7093023255814 2.95348837209302 3.25581395348837 1.77906976744186 1.91860465116279 0.883720930232558 0.523255813953488 0.313953488372093 0.162790697674419 0.209302325581395
0.0447761194029851 0.388059701492537 0.373134328358209 0.641791044776119 1.25373134328358 2.25373134328358 2.7910447761194 2.11940298507463 2.55223880597015 0.955223880597015 1.55223880597015 0.791044776119403 0.507462686567164 0.164179104477612 0.0895522388059701 0.0895522388059701
0 0.153846153846154 0.476923076923077 1.01538461538462 1.81538461538462 2.83076923076923 2.89230769230769 1.84615384615385 2.69230769230769 1.64615384615385 0.923076923076923 0.369230769230769 1.4 0.630769230769231 0.4 0.4
0.0125 0.125 0.275 1.4375 1.9125 2.575 2.6 2.7 2.425 1.925 1.0875 0.4875 0.4875 0.3375 0.475 0.1875
0.036144578313253 0.192771084337349 0.168674698795181 1.09638554216867 1.92771084337349 1.6144578313253 2.80722891566265 2.14457831325301 2.96385542168675 2.19277108433735 1.91566265060241 1.18072289156627 0.650602409638554 0.542168674698795 0.349397590361446 0.530120481927711
0.0151515151515152 0.212121212121212 0 0.484848484848485 1.03030303030303 1.43939393939394 1.56060606060606 1.37878787878788 1.68181818181818 1.33333333333333 2.75757575757576 1.3030303030303 0.560606060606061 2.74242424242424 0.696969696969697 1.45454545454545
0.0192307692307692 0.0769230769230769 0.0576923076923077 0.230769230769231 0.5 0.923076923076923 1.09615384615385 0.615384615384615 0.961538461538462 0.980769230769231 1.55769230769231 1.51923076923077 0.923076923076923 0.346153846153846 0.230769230769231 0.230769230769231
0.04 0.08 0.06 0.24 0.26 0.68 1.04 0.92 0.78 0.4 1.22 1.06 3.08 0.8 0.52 0.3
0 0.3 0.0333333333333333 0.166666666666667 0.133333333333333 0.3 0.6 0.766666666666667 1.1 1.16666666666667 0.733333333333333 2.36666666666667 2.63333333333333 1.9 1.36666666666667 0.466666666666667
0 0 0 0.277777777777778 0.166666666666667 0.166666666666667 0.111111111111111 0.5 0.611111111111111 0.388888888888889 0.888888888888889 2.27777777777778 1.66666666666667 1.94444444444444 1.66666666666667 1.77777777777778
0 0 0.111111111111111 0 0.444444444444444 0.333333333333333 0.166666666666667 0.166666666666667 0.111111111111111 0.722222222222222 1.83333333333333 1.72222222222222 1.61111111111111 1.38888888888889 3.38888888888889 4.33333333333333
