0.65625 0.375 0.21875 0.09375 1.625 0.75 0.78125 0.09375 0 0.09375 0.78125 0.875 0.375 0.1875 0 0.03125
0.325301204819277 11.5903614457831 1.43373493975904 0.144578313253012 0.27710843373494 1.1566265060241 1.37349397590361 0.204819277108434 0.120481927710843 0.144578313253012 0.433734939759036 0.44578313253012 0.337349397590361 0.120481927710843 0.0240963855421687 0
0 0.370786516853933 16.4269662921348 0.696629213483146 0.325842696629214 0.595505617977528 1.49438202247191 0.898876404494382 0.617977528089888 0.247191011235955 0.168539325842697 0.0898876404494382 0.449438202247191 0.0786516853932584 0.168539325842697 0
0.0740740740740741 0.0246913580246914 1.30864197530864 3.7283950617284 2.08641975308642 2.12345679012346 3.04938271604938 2.64197530864198 3.08641975308642 1.77777777777778 1.09876543209877 0.91358024691358 0.283950617283951 0.283950617283951 0.308641975308642 0.518518518518518
0.0606060606060606 0.0606060606060606 0.106060606060606 1.04545454545455 2.10606060606061 1.81818181818182 2.22727272727273 1.63636363636364 2.66666666666667 1.54545454545455 1.53030303030303 1.40909090909091 0.833333333333333 0.560606060606061 0.257575757575758 0.545454545454545
0.13953488372093 0.546511627906977 0.244186046511628 1.83720930232558 3.12790697674419 4.41860465116279 4.82558139534884 3.13953488372093 4.04651162790698 2.66279069767442 2.05813953488372 1.05813953488372 0.383720930232558 0.255813953488372 0.127906976744186 0.244186046511628
0.0298507462686567 0.298507462686567 0.402985074626866 0.805970149253731 1.1044776119403 2.07462686567164 2.94029850746269 1.77611940298507 1.95522388059702 1.34328358208955 1.16417910447761 0.701492537313433 0.358208955223881 0.298507462686567 0.0597014925373134 0.149253731343284
0 0.107692307692308 0.476923076923077 1.06153846153846 1.70769230769231 2.63076923076923 3.27692307692308 2.23076923076923 2.95384615384615 1.69230769230769 1.07692307692308 0.646153846153846 1.36923076923077 0.861538461538462 0.569230769230769 0.430769230769231
0.0375 0.1 0.3625 1.575 2.0375 2.4375 3 2.6 2.9375 1.925 1.025 0.5 0.5 0.25 0.3875 0.175
0 0.108433734939759 0.168674698795181 1.04819277108434 1.62650602409639 1.42168674698795 2.44578313253012 2.12048192771084 2.24096385542169 2.02409638554217 1.43373493975904 1.57831325301205 1.16867469879518 0.807228915662651 0.626506024096386 1.02409638554217
0.0151515151515152 0.106060606060606 0.0606060606060606 0.939393939393939 1.1969696969697 1.96969696969697 2.21212121212121 1.31818181818182 1.81818181818182 1.54545454545455 2.48484848484848 0.909090909090909 0.545454545454545 1.18181818181818 0.318181818181818 1.03030303030303
0.0576923076923077 0.0576923076923077 0.0961538461538462 0.115384615384615 0.288461538461538 0.557692307692308 0.519230769230769 0.442307692307692 0.461538461538462 0.75 0.807692307692308 1.55769230769231 0.653846153846154 0.230769230769231 0.0384615384615385 0.346153846153846
0 0.1 0.1 0.28 0.46 0.5 0.86 1.24 0.94 0.98 1.66 2 3.46 1.12 0.74 0.86
0.0333333333333333 0.0333333333333333 0.133333333333333 0.2 0.733333333333333 0.366666666666667 0.966666666666667 1 1.2 0.733333333333333 0.533333333333333 0.433333333333333 0.966666666666667 1.06666666666667 1.1 0.333333333333333
0 0 0 0.277777777777778 0.222222222222222 0 0.0555555555555556 0.222222222222222 0.277777777777778 0.277777777777778 0.5 1.27777777777778 1.11111111111111 1 1.33333333333333 1.05555555555556
0 0 0 0 0.277777777777778 0.0555555555555556 0.111111111111111 0 0.166666666666667 0.0555555555555556 0.444444444444444 0.388888888888889 0.0555555555555556 0.0555555555555556 2.05555555555556 1.11111111111111
