0.59375 0.46875 0.0625 0 0.6875 0.78125 0.53125 0.125 0.0625 0.40625 0.3125 0.78125 0.5 0.1875 0 0.1875
0.283018867924528 12.5283018867925 0.575471698113208 0.216981132075472 0.443396226415094 1.07547169811321 1.09433962264151 0.292452830188679 0.207547169811321 0.188679245283019 0.377358490566038 0.462264150943396 0.39622641509434 0.122641509433962 0.0471698113207547 0.0188679245283019
0 0.242424242424242 20.0454545454545 1 0.560606060606061 0.909090909090909 1.31818181818182 0.939393939393939 0.727272727272727 0.424242424242424 0.227272727272727 0.0454545454545455 0.303030303030303 0.0757575757575758 0.181818181818182 0.0606060606060606
0.111111111111111 0.0246913580246914 0.382716049382716 4.39506172839506 2.60493827160494 2.97530864197531 3.88888888888889 3.01234567901235 3.45679012345679 1.97530864197531 1.24691358024691 0.54320987654321 0.234567901234568 0.197530864197531 0.172839506172839 0.382716049382716
0 0.196969696969697 0.181818181818182 1.12121212121212 2.33333333333333 2.5 3.51515151515152 2.12121212121212 2.39393939393939 1.66666666666667 1.86363636363636 0.439393939393939 0.378787878787879 0.106060606060606 0.0606060606060606 0.136363636363636
0.162790697674419 0.767441860465116 0.337209302325581 1.6046511627907 2.7906976744186 4.24418604651163 5.33720930232558 3 3.69767441860465 2.25581395348837 2.2093023255814 1.09302325581395 0.511627906976744 0.383720930232558 0.162790697674419 0.27906976744186
0.0746268656716418 0.432835820895522 0.388059701492537 0.880597014925373 1.73134328358209 2.70149253731343 3.11940298507463 1.88059701492537 2.62686567164179 1.49253731343284 1.23880597014925 0.835820895522388 0.313432835820896 0.0597014925373134 0 0.0298507462686567
0 0.246153846153846 0.4 0.784615384615385 1.18461538461538 1.41538461538462 2.64615384615385 1.52307692307692 2.30769230769231 0.861538461538462 0.6 0.430769230769231 0.384615384615385 0.307692307692308 0.2 0.0461538461538462
0 0.175 0.375 1.4 1.7375 2.325 2.8125 3 2.6875 1.825 1.0125 0.55 0.4125 0.25 0.5375 0.25
0.0120481927710843 0.216867469879518 0.192771084337349 0.855421686746988 1.68674698795181 1.34939759036145 2.24096385542169 2.18072289156627 2.13253012048193 2.09638554216867 2.27710843373494 0.91566265060241 0.55421686746988 0.493975903614458 0.337349397590361 0.518072289156627
0.0454545454545455 0.272727272727273 0.0151515151515152 0.621212121212121 1.36363636363636 1.63636363636364 2 1.45454545454545 1.68181818181818 1.15151515151515 2.04545454545455 1.60606060606061 0.287878787878788 2.24242424242424 0.287878787878788 1.3030303030303
0.0192307692307692 0.115384615384615 0.0961538461538462 0.115384615384615 0.288461538461538 0.480769230769231 0.923076923076923 0.634615384615385 0.423076923076923 0.5 0.692307692307692 1.55769230769231 0.980769230769231 0.423076923076923 0.25 0.365384615384615
0 0.16 0.06 0.04 0.24 0.1 0.76 0.48 0.64 0.48 0.88 1.26 2.58 0.78 0.68 0.28
0 0.166666666666667 0 0.2 0.766666666666667 0.666666666666667 0.966666666666667 1.26666666666667 1.13333333333333 1.73333333333333 1.2 1.53333333333333 1.3 1.7 1.1 0.366666666666667
0 0.0555555555555556 0 0.111111111111111 0.111111111111111 0 0.166666666666667 0.555555555555556 0.611111111111111 0.388888888888889 0.555555555555556 0.833333333333333 1.44444444444444 0.5 2.16666666666667 0.277777777777778
0 0 0.0555555555555556 0.111111111111111 0.222222222222222 0.222222222222222 0.166666666666667 0.111111111111111 0.166666666666667 0.611111111111111 0.888888888888889 1.16666666666667 1 0.777777777777778 2.77777777777778 1.94444444444444
