1.1875 0.84375 0 0.09375 1.3125 0.8125 0.71875 0.03125 0.03125 0.34375 0.65625 0.34375 0.59375 0.125 0 0.09375
0.0660377358490566 12.4056603773585 0.509433962264151 0.0754716981132075 0.273584905660377 0.707547169811321 0.971698113207547 0.339622641509434 0.188679245283019 0.122641509433962 0.141509433962264 0.575471698113208 0.547169811320755 0.113207547169811 0.0566037735849057 0.0283018867924528
0 0.924242424242424 21.0757575757576 1.27272727272727 0.560606060606061 0.757575757575758 1.40909090909091 1.33333333333333 0.742424242424242 0.439393939393939 0.242424242424242 0.0909090909090909 0.393939393939394 0.0757575757575758 0.0909090909090909 0.0606060606060606
0.0740740740740741 0.0123456790123457 0.839506172839506 3.76543209876543 2.59259259259259 3.45679012345679 3.37037037037037 2.90123456790123 3.32098765432099 1.85185185185185 1.39506172839506 0.888888888888889 0.246913580246914 0.320987654320988 0.444444444444444 0.62962962962963
0.0303030303030303 0.227272727272727 0.181818181818182 1.16666666666667 2.84848484848485 2.66666666666667 3.75757575757576 2.36363636363636 2.06060606060606 1.62121212121212 2.04545454545455 0.666666666666667 0.621212121212121 0.272727272727273 0.0909090909090909 0.318181818181818
0.186046511627907 0.488372093023256 0.174418604651163 1.77906976744186 3.31395348837209 4.63953488372093 4.76744186046512 3.48837209302326 3.96511627906977 2.46511627906977 2.24418604651163 0.86046511627907 0.383720930232558 0.244186046511628 0.116279069767442 0.197674418604651
0.104477611940299 0.388059701492537 0.388059701492537 0.776119402985075 1.6865671641791 2.1044776119403 3.07462686567164 1.95522388059702 2.34328358208955 1.23880597014925 0.925373134328358 0.701492537313433 0.17910447761194 0.149253731343284 0.0298507462686567 0.0597014925373134
0 0.261538461538462 0.430769230769231 1.29230769230769 1.53846153846154 2.07692307692308 3.50769230769231 2.44615384615385 2.53846153846154 1.4 0.769230769230769 0.338461538461538 0.584615384615385 0.538461538461538 0.307692307692308 0.138461538461538
0.0125 0.15 0.5125 1.6875 2.4875 3.075 3.525 3.5625 3.4375 2.375 1.55 0.925 0.5625 0.3875 0.525 0.325
0.036144578313253 0.204819277108434 0.313253012048193 1.08433734939759 1.5421686746988 1.51807228915663 2.85542168674699 2.08433734939759 2.40963855421687 2.28915662650602 1.34939759036145 1.91566265060241 0.987951807228916 0.602409638554217 0.55421686746988 1.16867469879518
0.0151515151515152 0.136363636363636 0.0151515151515152 0.742424242424242 1.16666666666667 1.59090909090909 1.84848484848485 1.21212121212121 1.87878787878788 1.09090909090909 3.07575757575758 1.16666666666667 0.257575757575758 1.13636363636364 0.363636363636364 1.21212121212121
0 0.0576923076923077 0.0576923076923077 0.365384615384615 1.30769230769231 1.38461538461538 1.53846153846154 1.13461538461538 1.01923076923077 1.17307692307692 1.67307692307692 1.34615384615385 0.730769230769231 0.384615384615385 0.192307692307692 0.230769230769231
0.02 0.22 0.14 0.2 0.32 0.52 0.88 0.9 0.76 0.44 1.1 1 3.52 0.68 0.76 0.48
0 0.2 0.0666666666666667 0.1 0.166666666666667 0.0666666666666667 0.433333333333333 0.433333333333333 0.9 0.6 0.466666666666667 1.83333333333333 2.86666666666667 2.2 1.63333333333333 0.333333333333333
0 0.111111111111111 0.0555555555555556 0.222222222222222 0.111111111111111 0.0555555555555556 0.222222222222222 0.666666666666667 0.777777777777778 0.444444444444444 0.722222222222222 2 1.61111111111111 1.05555555555556 1.05555555555556 0.888888888888889
0 0 0.0555555555555556 0.222222222222222 0.277777777777778 0.166666666666667 0.277777777777778 0.222222222222222 0.222222222222222 0.944444444444444 1.05555555555556 1.44444444444444 1.22222222222222 1 2.33333333333333 2.44444444444444
