0.1875 0 0.09375 0.125 0.90625 0.71875 0.84375 0.09375 0.03125 0.125 0.6875 1.0625 0.40625 0.1875 0 0.0625
0.204819277108434 9.31325301204819 1.30120481927711 0.156626506024096 0.530120481927711 1.04819277108434 1.26506024096386 0.36144578313253 0.156626506024096 0.192771084337349 0.325301204819277 0.469879518072289 0.216867469879518 0.156626506024096 0.0120481927710843 0.0240963855421687
0 1.41573033707865 19.5168539325843 1.01123595505618 0.539325842696629 0.775280898876405 1.52808988764045 1.08988764044944 0.820224719101124 0.337078651685393 0.314606741573034 0.112359550561798 0.460674157303371 0.0898876404494382 0.134831460674157 0.0337078651685393
0.037037037037037 0.0123456790123457 0.716049382716049 4.74074074074074 1.85185185185185 1.75308641975309 2.61728395061728 2.1358024691358 2.33333333333333 1.37037037037037 0.975308641975309 0.691358024691358 0.333333333333333 0.333333333333333 0.308641975308642 0.481481481481481
0.0303030303030303 0.151515151515152 0.212121212121212 1.03030303030303 3.16666666666667 2.74242424242424 3.3030303030303 2.04545454545455 2.09090909090909 1.81818181818182 1.54545454545455 0.363636363636364 0.257575757575758 0.151515151515152 0.0151515151515152 0.136363636363636
0.116279069767442 0.662790697674419 0.232558139534884 1.33720930232558 2.48837209302326 3.34883720930233 4.38372093023256 2.2906976744186 2.77906976744186 1.27906976744186 1.68604651162791 0.86046511627907 0.337209302325581 0.116279069767442 0.0813953488372093 0.197674418604651
0.0298507462686567 0.208955223880597 0.611940298507463 1.02985074626866 1.56716417910448 3.01492537313433 3.22388059701493 2 3.04477611940298 1.83582089552239 1.70149253731343 0.835820895522388 0.492537313432836 0.223880597014925 0.0746268656716418 0.134328358208955
0 0.169230769230769 0.507692307692308 0.830769230769231 1.69230769230769 2.09230769230769 3.49230769230769 1.93846153846154 2.52307692307692 1.35384615384615 0.784615384615385 0.707692307692308 1.36923076923077 0.692307692307692 0.415384615384615 0.446153846153846
0.025 0.2 0.35 1.0375 1.2625 1.7125 1.95 2.2375 2.5125 1.275 0.8 0.3 0.2125 0.375 0.3125 0.15
0 0.108433734939759 0.228915662650602 1.2289156626506 1.8433734939759 1.74698795180723 2.80722891566265 2.40963855421687 2.44578313253012 2.20481927710843 2.14457831325301 1.40963855421687 0.819277108433735 0.55421686746988 0.506024096385542 0.578313253012048
0.0303030303030303 0.166666666666667 0.0454545454545455 0.651515151515151 1.09090909090909 1.5 2.28787878787879 1.16666666666667 1.65151515151515 1.66666666666667 2.45454545454545 0.909090909090909 0.590909090909091 1.72727272727273 0.393939393939394 0.303030303030303
0.0384615384615385 0.0576923076923077 0.153846153846154 0.192307692307692 0.519230769230769 0.711538461538462 1.23076923076923 0.615384615384615 1 0.730769230769231 1.38461538461538 2.15384615384615 1.69230769230769 0.634615384615385 0.192307692307692 0.346153846153846
0 0.08 0.12 0 0.1 0.2 1 0.42 0.76 0.38 0.46 0.76 4.18 0.6 0.96 0.24
0 0 0.266666666666667 0.266666666666667 0.233333333333333 0.333333333333333 0.6 1.13333333333333 1.53333333333333 0.333333333333333 0.4 1.3 2.06666666666667 1.4 1.13333333333333 0.333333333333333
0 0 0.0555555555555556 0.277777777777778 0.666666666666667 0.0555555555555556 0.5 0.388888888888889 0.833333333333333 0.555555555555556 0.611111111111111 1.16666666666667 1.66666666666667 1.94444444444444 1.94444444444444 0.611111111111111
0 0 0.0555555555555556 0.222222222222222 0.388888888888889 0.166666666666667 0.333333333333333 0.166666666666667 0.5 0.722222222222222 1.05555555555556 0.944444444444444 0.611111111111111 0.444444444444444 1.88888888888889 2.05555555555556
