0.59375 0.375 0.03125 0.03125 0.625 1.25 0.78125 0.09375 0 0.09375 0.1875 0.65625 0.5625 0.125 0 0.03125
0.320754716981132 13.1509433962264 0.179245283018868 0.292452830188679 0.424528301886792 1.07547169811321 1.04716981132075 0.415094339622642 0.169811320754717 0.160377358490566 0.30188679245283 0.547169811320755 0.320754716981132 0.0754716981132075 0.0566037735849057 0.00943396226415094
0 0.636363636363636 18.7424242424242 0.606060606060606 0.363636363636364 0.5 1.28787878787879 0.787878787878788 0.757575757575758 0.424242424242424 0.257575757575758 0.196969696969697 0.378787878787879 0.0606060606060606 0.257575757575758 0.0151515151515152
0.037037037037037 0.0123456790123457 0.123456790123457 3.19753086419753 1.91358024691358 2.23456790123457 3.19753086419753 2.46913580246914 2.91358024691358 1.49382716049383 1.17283950617284 1.02469135802469 0.395061728395062 0.308641975308642 0.271604938271605 0.469135802469136
0.121212121212121 0.106060606060606 0.0303030303030303 0.863636363636364 1.78787878787879 1.72727272727273 1.78787878787879 1.28787878787879 2.18181818181818 1.22727272727273 1.33333333333333 1.15151515151515 0.575757575757576 0.409090909090909 0.166666666666667 0.363636363636364
0.186046511627907 0.558139534883721 0.313953488372093 1.52325581395349 2.63953488372093 3.95348837209302 3.7093023255814 2.40697674418605 3.31395348837209 1.73255813953488 1.65116279069767 1.30232558139535 0.813953488372093 0.372093023255814 0.209302325581395 0.337209302325581
0.0298507462686567 0.477611940298507 0.17910447761194 0.82089552238806 1.62686567164179 2.17910447761194 2.97014925373134 2.04477611940298 2.25373134328358 1.01492537313433 0.895522388059702 0.761194029850746 0.417910447761194 0.164179104477612 0.0149253731343284 0.0447761194029851
0 0.230769230769231 0.353846153846154 0.984615384615385 1.06153846153846 1.87692307692308 2.58461538461538 1.92307692307692 2.4 1.12307692307692 0.846153846153846 0.261538461538462 0.523076923076923 0.523076923076923 0.215384615384615 0.138461538461538
0 0.175 0.2 1.35 1.45 2.1625 2.35 2.5875 2.7 1.4875 0.8375 0.45 0.35 0.2375 0.4375 0.1875
0.0120481927710843 0.180722891566265 0.228915662650602 1.25301204819277 1.75903614457831 2 3.10843373493976 2.27710843373494 2.4578313253012 2.16867469879518 1.75903614457831 1.28915662650602 0.63855421686747 0.518072289156627 0.228915662650602 0.650602409638554
0.0606060606060606 0.196969696969697 0.0303030303030303 0.863636363636364 1.42424242424242 2.25757575757576 2.56060606060606 1.5 1.46969696969697 1.96969696969697 2.87878787878788 0.651515151515151 0.439393939393939 0.5 0.196969696969697 0.287878787878788
0.0192307692307692 0.0576923076923077 0.134615384615385 0.269230769230769 0.673076923076923 0.980769230769231 0.769230769230769 0.826923076923077 0.788461538461538 1.09615384615385 1.01923076923077 2 1.48076923076923 0.769230769230769 0.326923076923077 0.326923076923077
0.02 0.24 0.16 0.14 0.28 0.58 0.74 0.86 0.9 0.6 0.88 1.46 3.84 1.18 0.86 0.68
0 0.2 0.166666666666667 0.2 0.2 0.333333333333333 0.7 1.13333333333333 0.766666666666667 0.966666666666667 0.7 1.56666666666667 1.63333333333333 1.86666666666667 1.16666666666667 0.266666666666667
0 0.0555555555555556 0 0.222222222222222 0 0.0555555555555556 0.111111111111111 0.5 0.277777777777778 0.333333333333333 0.555555555555556 2.11111111111111 1.11111111111111 0.944444444444444 3.44444444444444 1.05555555555556
0 0 0.0555555555555556 0 0.222222222222222 0.111111111111111 0.277777777777778 0.0555555555555556 0.333333333333333 0.277777777777778 0.888888888888889 1.5 1.5 0.944444444444444 3 1.77777777777778
