0.65625 0.5 0.1875 0.03125 0.65625 1.15625 0.96875 0.09375 0 0.0625 0.3125 0.875 0.75 0.1875 0 0.0625
0.192771084337349 10.578313253012 0.710843373493976 0.0602409638554217 0.433734939759036 0.963855421686747 0.867469879518072 0.253012048192771 0.228915662650602 0.168674698795181 0.506024096385542 0.469879518072289 0.385542168674699 0.156626506024096 0.0120481927710843 0.0240963855421687
0 0.550561797752809 20.0674157303371 0.842696629213483 0.224719101123595 0.561797752808989 1 0.876404494382023 0.50561797752809 0.202247191011236 0.157303370786517 0.191011235955056 0.595505617977528 0.101123595505618 0.213483146067416 0
0.0864197530864197 0 0.246913580246914 6.32098765432099 2.40740740740741 3.08641975308642 3.69135802469136 3.2962962962963 3.2962962962963 1.85185185185185 1.20987654320988 0.296296296296296 0.160493827160494 0.111111111111111 0.172839506172839 0.197530864197531
0.0606060606060606 0.181818181818182 0.151515151515152 1.39393939393939 2.60606060606061 2.86363636363636 3.51515151515152 2.66666666666667 2.65151515151515 2.28787878787879 1.83333333333333 1.22727272727273 0.636363636363636 0.454545454545455 0.166666666666667 0.454545454545455
0.162790697674419 0.593023255813954 0.325581395348837 1.37209302325581 2.45348837209302 3.8953488372093 4.11627906976744 2.86046511627907 2.91860465116279 1.81395348837209 1.69767441860465 1.05813953488372 0.616279069767442 0.302325581395349 0.127906976744186 0.267441860465116
0.0895522388059701 0.26865671641791 0.402985074626866 1 1.11940298507463 2.3134328358209 3.08955223880597 2.05970149253731 2.25373134328358 1.23880597014925 1.13432835820896 0.686567164179104 0.164179104477612 0.194029850746269 0.0447761194029851 0.0597014925373134
0 0.153846153846154 0.523076923076923 1.26153846153846 1.56923076923077 2.44615384615385 3.01538461538462 2.30769230769231 2.8 1.38461538461538 1.03076923076923 0.461538461538462 0.615384615384615 0.538461538461538 0.276923076923077 0.184615384615385
0.0375 0.1125 0.4625 1.2375 1.9375 2.6125 2.5 2.8625 2.7625 1.9125 1.225 0.625 0.3625 0.35 0.5875 0.2875
0.036144578313253 0.0481927710843374 0.289156626506024 1.32530120481928 1.8433734939759 1.30120481927711 2.89156626506024 1.81927710843373 2.46987951807229 1.80722891566265 2.30120481927711 1.72289156626506 1.01204819277108 0.72289156626506 0.397590361445783 0.855421686746988
0.0454545454545455 0.106060606060606 0.106060606060606 0.651515151515151 0.96969696969697 1.46969696969697 1.59090909090909 0.878787878787879 1.15151515151515 0.803030303030303 2.40909090909091 1.13636363636364 0.363636363636364 1.12121212121212 0.136363636363636 0.772727272727273
0.0192307692307692 0.115384615384615 0.134615384615385 0.384615384615385 0.923076923076923 1.19230769230769 1.46153846153846 0.980769230769231 1.05769230769231 1.36538461538462 2.17307692307692 1.75 1.23076923076923 0.596153846153846 0.269230769230769 0.25
0.02 0.08 0.18 0.08 0.36 0.26 0.5 0.54 0.72 0.52 1.18 1.4 2.98 1.16 0.74 0.8
0.0333333333333333 0.0666666666666667 0.3 0.1 0.4 0.233333333333333 0.466666666666667 0.7 0.666666666666667 1.1 0.7 0.833333333333333 1.63333333333333 1.1 1.63333333333333 0.333333333333333
0 0 0.0555555555555556 0.444444444444444 0 0.111111111111111 0.0555555555555556 0.555555555555556 0.333333333333333 0.611111111111111 0.555555555555556 0.722222222222222 0.333333333333333 0.388888888888889 0.611111111111111 0.611111111111111
0 0 0.166666666666667 0.333333333333333 0.166666666666667 0.388888888888889 0.222222222222222 0.166666666666667 0.5 1.22222222222222 1.44444444444444 1.61111111111111 1 0.388888888888889 1.66666666666667 1.11111111111111
