0.59375 0.4375 0.03125 0.0625 1.1875 1.0625 0.5 0.03125 0.03125 0.15625 0.6875 0.71875 0.625 0.125 0 0.125
0.179245283018868 11.8207547169811 0.245283018867925 0.226415094339623 0.471698113207547 1.00943396226415 1.14150943396226 0.339622641509434 0.216981132075472 0.0849056603773585 0.320754716981132 0.622641509433962 0.69811320754717 0.10377358490566 0.0283018867924528 0.0566037735849057
0 0.151515151515152 21.3787878787879 1.53030303030303 0.651515151515151 0.727272727272727 1.57575757575758 0.863636363636364 0.681818181818182 0.136363636363636 0.333333333333333 0.196969696969697 0.212121212121212 0.0757575757575758 0.0909090909090909 0.0909090909090909
0.037037037037037 0.0246913580246914 0.0987654320987654 4.97530864197531 1.67901234567901 2.32098765432099 2.60493827160494 2.17283950617284 2.49382716049383 1.35802469135802 0.975308641975309 0.382716049382716 0.308641975308642 0.172839506172839 0.111111111111111 0.185185185185185
0.0303030303030303 0.287878787878788 0.151515151515152 1.57575757575758 3.15151515151515 2.8030303030303 3.6969696969697 2.92424242424242 2.81818181818182 2.24242424242424 1.63636363636364 0.696969696969697 0.545454545454545 0.333333333333333 0.136363636363636 0.46969696969697
0.104651162790698 0.767441860465116 0.162790697674419 1.51162790697674 2.41860465116279 4.56976744186047 3.91860465116279 2.67441860465116 3.19767441860465 2.04651162790698 2.06976744186047 1.34883720930233 0.86046511627907 0.255813953488372 0.197674418604651 0.337209302325581
0.149253731343284 0.388059701492537 0.328358208955224 0.716417910447761 1.70149253731343 1.80597014925373 2.85074626865672 2.64179104477612 1.95522388059702 0.91044776119403 1.1044776119403 0.746268656716418 0.17910447761194 0.26865671641791 0.0746268656716418 0.0746268656716418
0 0.261538461538462 0.446153846153846 0.938461538461538 1.53846153846154 1.93846153846154 3.24615384615385 2.61538461538462 2.58461538461538 1.15384615384615 0.753846153846154 0.384615384615385 0.938461538461538 0.6 0.353846153846154 0.184615384615385
0 0.0625 0.2 1.425 1.2875 2.05 2.475 3.25 2.5875 1.6625 0.7125 0.4 0.3625 0.4375 0.5375 0.2375
0.036144578313253 0.204819277108434 0.313253012048193 1.30120481927711 1.86746987951807 1.49397590361446 2.60240963855422 2.2289156626506 2.46987951807229 2.37349397590361 1.62650602409639 1.30120481927711 0.63855421686747 0.590361445783133 0.373493975903614 0.385542168674699
0.0454545454545455 0.166666666666667 0.0303030303030303 0.666666666666667 1.03030303030303 1.65151515151515 1.66666666666667 1.09090909090909 1.13636363636364 0.757575757575758 2.27272727272727 1.18181818181818 0.621212121212121 0.424242424242424 0.196969696969697 1.13636363636364
0 0.115384615384615 0.115384615384615 0.211538461538462 0.365384615384615 0.730769230769231 0.942307692307692 0.653846153846154 0.653846153846154 1.19230769230769 0.826923076923077 1.90384615384615 1.34615384615385 0.403846153846154 0.230769230769231 0.730769230769231
0 0.38 0.14 0.44 0.5 0.82 1.24 1.9 0.78 0.76 1.2 1.34 2.28 0.76 0.46 0.68
0.0333333333333333 0.2 0.166666666666667 0.133333333333333 0.366666666666667 0.333333333333333 0.466666666666667 0.833333333333333 0.933333333333333 0.833333333333333 0.8 1.26666666666667 1.9 1.5 1.56666666666667 0.533333333333333
0 0.111111111111111 0 0.166666666666667 0 0 0 0.611111111111111 0.666666666666667 0.555555555555556 1.5 1.72222222222222 1.94444444444444 0.944444444444444 1 0.666666666666667
0 0 0 0.222222222222222 0.0555555555555556 0 0.222222222222222 0.111111111111111 0.333333333333333 0.666666666666667 0.222222222222222 1 0.944444444444444 0.555555555555556 2.94444444444444 0.777777777777778
