1.25 0.78125 0.0625 0 1.46875 0.96875 0.96875 0.0625 0 0.1875 0.75 0.375 0.6875 0.03125 0 0.09375
0.254716981132075 14.2735849056604 0.509433962264151 0.292452830188679 0.320754716981132 0.981132075471698 1 0.283018867924528 0.207547169811321 0.19811320754717 0.377358490566038 0.509433962264151 0.632075471698113 0.122641509433962 0.0283018867924528 0.0471698113207547
0 2.10606060606061 16.8939393939394 1.1969696969697 0.53030303030303 0.818181818181818 1.72727272727273 1.01515151515152 0.46969696969697 0.333333333333333 0.227272727272727 0.106060606060606 0.212121212121212 0.0606060606060606 0.181818181818182 0.106060606060606
0.037037037037037 0.0493827160493827 0.222222222222222 5.72839506172839 2.64197530864198 3.04938271604938 4.22222222222222 3.16049382716049 3.79012345679012 1.83950617283951 1.33333333333333 0.358024691358025 0.259259259259259 0.0987654320987654 0.0987654320987654 0.111111111111111
0.0454545454545455 0.272727272727273 0.0606060606060606 1.34848484848485 2.09090909090909 2.01515151515152 2.84848484848485 1.68181818181818 1.98484848484848 1.54545454545455 1.45454545454545 0.348484848484849 0.409090909090909 0.136363636363636 0.0454545454545455 0.272727272727273
0.104651162790698 0.744186046511628 0.174418604651163 1.55813953488372 2.7093023255814 4.32558139534884 4.31395348837209 2.75581395348837 3.3953488372093 1.7906976744186 1.87209302325581 0.918604651162791 0.383720930232558 0.13953488372093 0.0930232558139535 0.197674418604651
0.0298507462686567 0.537313432835821 0.208955223880597 0.761194029850746 1.35820895522388 1.71641791044776 2.91044776119403 1.62686567164179 1.71641791044776 1 1.01492537313433 0.611940298507463 0.432835820895522 0.0746268656716418 0.0447761194029851 0.0746268656716418
0 0.292307692307692 0.292307692307692 1.01538461538462 1.46153846153846 2.2 2.8 2.29230769230769 2.26153846153846 1.07692307692308 0.907692307692308 0.476923076923077 0.507692307692308 0.430769230769231 0.230769230769231 0.123076923076923
0.025 0.275 0.625 1.7 2.45 3.45 3.7875 3.675 3.425 2.6125 1.4375 0.6625 0.675 0.375 0.4 0.15
0.036144578313253 0.216867469879518 0.337349397590361 0.927710843373494 1.50602409638554 1.21686746987952 2.53012048192771 2.10843373493976 2.16867469879518 1.78313253012048 1.24096385542169 1.56626506024096 0.72289156626506 0.686746987951807 0.44578313253012 0.650602409638554
0.0151515151515152 0.121212121212121 0.0303030303030303 0.939393939393939 1.54545454545455 2.09090909090909 1.96969696969697 1.93939393939394 2.09090909090909 1.65151515151515 2.90909090909091 1.18181818181818 0.303030303030303 1.13636363636364 0.424242424242424 0.848484848484849
0 0.0769230769230769 0.134615384615385 0.134615384615385 0.25 0.538461538461538 0.865384615384615 0.730769230769231 0.557692307692308 0.788461538461538 1.92307692307692 1.96153846153846 1.63461538461538 0.730769230769231 0.346153846153846 0.384615384615385
0.06 0.16 0.14 0.28 0.44 0.64 1 1.12 1.14 1.02 1.66 1.72 3.02 1.24 0.7 0.9
0 0.1 0.1 0.1 0.4 0.133333333333333 0.4 0.333333333333333 0.5 0.266666666666667 0.466666666666667 1.7 1.46666666666667 1.63333333333333 2.03333333333333 0.433333333333333
0 0 0 0.166666666666667 0.277777777777778 0 0.222222222222222 0.166666666666667 0.888888888888889 0.388888888888889 0.5 1.88888888888889 1.66666666666667 2.22222222222222 1.61111111111111 0.555555555555556
0 0 0.0555555555555556 0 0.333333333333333 0.166666666666667 0.388888888888889 0.166666666666667 0.222222222222222 0.5 1.5 1.11111111111111 1.33333333333333 1 2.61111111111111 3.94444444444444
