0.125 0.0625 0.21875 0 0.8125 1.21875 0.65625 0.15625 0 0 0.25 0.5 0.375 0.15625 0 0
0.264150943396226 10.8396226415094 0.424528301886792 0.132075471698113 0.405660377358491 0.80188679245283 0.839622641509434 0.30188679245283 0.292452830188679 0.235849056603774 0.405660377358491 0.424528301886792 0.377358490566038 0.141509433962264 0.0566037735849057 0.0754716981132075
0 0.772727272727273 20.3636363636364 0.515151515151515 0.318181818181818 0.515151515151515 1.12121212121212 1.27272727272727 0.560606060606061 0.106060606060606 0.196969696969697 0.106060606060606 0.348484848484849 0.0757575757575758 0.166666666666667 0
0.0246913580246914 0.0123456790123457 0.308641975308642 5.48148148148148 2.90123456790123 3.61728395061728 4.22222222222222 3.24691358024691 3.76543209876543 1.97530864197531 1.59259259259259 0.641975308641975 0.209876543209877 0.234567901234568 0.246913580246914 0.469135802469136
0.0454545454545455 0.257575757575758 0.121212121212121 0.939393939393939 2.92424242424242 2.65151515151515 2.84848484848485 2.03030303030303 2.06060606060606 1.53030303030303 1.48484848484848 1.09090909090909 0.712121212121212 0.454545454545455 0.166666666666667 0.333333333333333
0.162790697674419 0.86046511627907 0.186046511627907 1.66279069767442 2.59302325581395 4.2906976744186 4.15116279069767 2.76744186046512 3.22093023255814 2.24418604651163 1.87209302325581 0.941860465116279 0.430232558139535 0.209302325581395 0.127906976744186 0.22093023255814
0.134328358208955 0.373134328358209 0.313432835820896 1.01492537313433 1.58208955223881 2.16417910447761 2.49253731343284 2.23880597014925 1.94029850746269 1.22388059701493 1.19402985074627 0.716417910447761 0.358208955223881 0.104477611940299 0 0.0298507462686567
0 0.184615384615385 0.4 0.938461538461538 1.13846153846154 2 2.87692307692308 1.73846153846154 2.90769230769231 1.30769230769231 0.815384615384615 0.307692307692308 0.707692307692308 0.4 0.369230769230769 0.2
0.0125 0.0875 0.4 1.5625 2.5 3.15 3 3.0875 2.95 1.9875 1.375 0.5125 0.4875 0.3125 0.5875 0.15
0 0.108433734939759 0.156626506024096 1.18072289156627 1.68674698795181 1.31325301204819 2.67469879518072 2.08433734939759 2.43373493975904 1.78313253012048 1.50602409638554 1.26506024096386 0.879518072289157 0.674698795180723 0.518072289156627 0.746987951807229
0.0454545454545455 0.227272727272727 0.0606060606060606 1.04545454545455 1.48484848484848 2.34848484848485 2.39393939393939 1.81818181818182 1.66666666666667 1.59090909090909 2.60606060606061 1.42424242424242 0.53030303030303 2.48484848484848 0.287878787878788 0.772727272727273
0 0.115384615384615 0.0769230769230769 0.365384615384615 0.980769230769231 1.11538461538462 1.38461538461538 1.05769230769231 1.30769230769231 1.17307692307692 1.76923076923077 2.28846153846154 2 0.769230769230769 0.423076923076923 0.788461538461538
0.04 0.08 0.18 0.12 0.64 0.42 0.62 0.94 0.88 0.58 1.64 1.62 3.64 1.16 0.62 0.76
0 0.2 0.133333333333333 0.133333333333333 0.1 0.2 0.633333333333333 1.16666666666667 0.666666666666667 0.9 0.833333333333333 1.2 3.3 1.5 0.7 0.3
0 0.0555555555555556 0.0555555555555556 0.277777777777778 0.111111111111111 0 0.111111111111111 0.277777777777778 1.22222222222222 0.722222222222222 0.555555555555556 1.11111111111111 1 1.05555555555556 1 0.5
0 0 0.111111111111111 0 0.166666666666667 0.277777777777778 0.166666666666667 0.0555555555555556 0.166666666666667 0.555555555555556 1.22222222222222 1.38888888888889 1.44444444444444 0.833333333333333 2.88888888888889 2.16666666666667
