0.0625 0.0625 0.03125 0.0625 0.96875 0.90625 0.5625 0.03125 0 0.1875 0.46875 0.53125 0.375 0.09375 0 0.03125
0.235849056603774 11.2547169811321 0.386792452830189 0.122641509433962 0.339622641509434 0.783018867924528 1.08490566037736 0.386792452830189 0.245283018867925 0.150943396226415 0.207547169811321 0.613207547169811 0.424528301886792 0.160377358490566 0.0754716981132075 0.0566037735849057
0 0.212121212121212 22.5606060606061 1.57575757575758 0.484848484848485 0.575757575757576 1.59090909090909 0.818181818181818 0.803030303030303 0.287878787878788 0.242424242424242 0.106060606060606 0.393939393939394 0.106060606060606 0.151515151515152 0.106060606060606
0.037037037037037 0 1.07407407407407 5.85185185185185 2.14814814814815 2.37037037037037 3.38271604938272 2.55555555555556 2.95061728395062 1.80246913580247 1.33333333333333 0.308641975308642 0.148148148148148 0.135802469135802 0.148148148148148 0.333333333333333
0.0606060606060606 0.196969696969697 0.196969696969697 1.6969696969697 2.81818181818182 2.92424242424242 3.92424242424242 2.86363636363636 2.68181818181818 2.16666666666667 2.12121212121212 0.545454545454545 0.393939393939394 0.181818181818182 0.0606060606060606 0.272727272727273
0.0813953488372093 0.86046511627907 0.174418604651163 1.26744186046512 2.33720930232558 3.5 4.58139534883721 2.32558139534884 3.12790697674419 1.61627906976744 1.27906976744186 0.813953488372093 0.302325581395349 0.0930232558139535 0.0465116279069767 0.151162790697674
0.134328358208955 0.447761194029851 0.253731343283582 1.32835820895522 1.98507462686567 2.37313432835821 4.04477611940298 3.01492537313433 2.25373134328358 1.91044776119403 1.3134328358209 0.82089552238806 0.238805970149254 0.149253731343284 0.0298507462686567 0.119402985074627
0 0.215384615384615 0.538461538461538 1.10769230769231 1.32307692307692 2.03076923076923 2.93846153846154 2.10769230769231 3.03076923076923 1.23076923076923 0.692307692307692 0.2 0.753846153846154 0.507692307692308 0.261538461538462 0.0769230769230769
0 0.225 0.475 1.5 1.6625 2.2 2.3625 2.6875 2.7875 1.75 1.15 0.4625 0.45 0.3875 0.3375 0.1125
0.036144578313253 0.144578313253012 0.240963855421687 1.21686746987952 1.93975903614458 1.51807228915663 2.73493975903614 2.10843373493976 2.5421686746988 2.30120481927711 1.79518072289157 2.09638554216867 1.14457831325301 0.795180722891566 0.614457831325301 0.891566265060241
0.0151515151515152 0.121212121212121 0.0151515151515152 0.560606060606061 0.924242424242424 1.46969696969697 1.36363636363636 1.06060606060606 1.40909090909091 1.15151515151515 2.84848484848485 0.742424242424242 0.46969696969697 1.92424242424242 0.5 0.5
0.0192307692307692 0.153846153846154 0.0961538461538462 0.25 0.826923076923077 0.788461538461538 1.21153846153846 0.711538461538462 0.923076923076923 0.807692307692308 1.42307692307692 1.76923076923077 1.25 0.442307692307692 0.307692307692308 0.5
0 0.2 0.06 0.04 0.24 0.26 0.88 0.48 0.74 0.48 0.94 1.94 2.92 0.98 1.12 0.74
0 0.1 0.2 0.1 0.0666666666666667 0.166666666666667 0.333333333333333 0.466666666666667 0.866666666666667 0.8 0.766666666666667 0.933333333333333 1.6 0.9 0.6 0.366666666666667
0 0.0555555555555556 0.0555555555555556 0 0.222222222222222 0 0.277777777777778 0.333333333333333 0.555555555555556 0.111111111111111 1.11111111111111 2.16666666666667 0.833333333333333 1.33333333333333 3.88888888888889 1.61111111111111
0 0 0.111111111111111 0 0.111111111111111 0.222222222222222 0.166666666666667 0.0555555555555556 0.111111111111111 0.444444444444444 0.833333333333333 0.666666666666667 0.666666666666667 0.5 1.61111111111111 1.5
