1.25 0.8125 0.03125 0.03125 0.53125 1.125 0.65625 0.03125 0 0.0625 0.28125 0.65625 0.65625 0.09375 0 0.0625
0.289156626506024 8.43373493975904 1.04819277108434 0.156626506024096 0.409638554216867 1 0.963855421686747 0.240963855421687 0.144578313253012 0.168674698795181 0.313253012048193 0.493975903614458 0.457831325301205 0.108433734939759 0.0120481927710843 0.0481927710843374
0 0.764044943820225 17.5955056179775 1.56179775280899 0.707865168539326 0.966292134831461 1.64044943820225 0.943820224719101 0.707865168539326 0.460674157303371 0.280898876404494 0.101123595505618 0.471910112359551 0.0337078651685393 0.101123595505618 0.0449438202247191
0.0493827160493827 0.0123456790123457 0.592592592592593 5.1358024691358 2.03703703703704 2.97530864197531 3.33333333333333 2.88888888888889 3.19753086419753 1.59259259259259 1.28395061728395 0.666666666666667 0.308641975308642 0.185185185185185 0.222222222222222 0.37037037037037
0.0909090909090909 0.196969696969697 0.151515151515152 1.09090909090909 2.59090909090909 2.68181818181818 3.42424242424242 2.07575757575758 2.1969696969697 1.66666666666667 1.98484848484848 0.833333333333333 0.560606060606061 0.272727272727273 0.121212121212121 0.272727272727273
0.13953488372093 0.848837209302326 0.255813953488372 1.45348837209302 2.66279069767442 3.8953488372093 4.46511627906977 2.37209302325581 3.32558139534884 1.96511627906977 1.80232558139535 0.976744186046512 0.604651162790698 0.174418604651163 0.151162790697674 0.127906976744186
0.119402985074627 0.313432835820896 0.552238805970149 0.925373134328358 2.35820895522388 2.58208955223881 3.04477611940298 2.82089552238806 2.52238805970149 1.19402985074627 1.16417910447761 0.746268656716418 0.298507462686567 0.208955223880597 0.0746268656716418 0.0597014925373134
0 0.138461538461538 0.584615384615385 1.2 1.32307692307692 1.63076923076923 3.30769230769231 1.84615384615385 2.67692307692308 1.12307692307692 0.907692307692308 0.153846153846154 0.338461538461538 0.338461538461538 0.215384615384615 0.123076923076923
0.0125 0.1625 0.3875 1.4375 1.4 2.0125 2.4625 2.6 2.575 1.975 0.9375 0.4625 0.4 0.325 0.4625 0.2
0.0481927710843374 0.108433734939759 0.265060240963855 0.843373493975904 1.37349397590361 1.21686746987952 1.93975903614458 1.69879518072289 2.16867469879518 1.85542168674699 1.34939759036145 2.48192771084337 1.13253012048193 0.855421686746988 0.481927710843373 1.06024096385542
0.0454545454545455 0.121212121212121 0.0303030303030303 0.590909090909091 0.984848484848485 1.77272727272727 2.13636363636364 1.33333333333333 1.56060606060606 1.36363636363636 2.90909090909091 1.39393939393939 0.272727272727273 1.15151515151515 0.303030303030303 1.15151515151515
0 0.0961538461538462 0.192307692307692 0.288461538461538 0.557692307692308 1.05769230769231 1.13461538461538 0.634615384615385 0.865384615384615 1.11538461538462 1.42307692307692 1.61538461538462 0.961538461538462 0.173076923076923 0.0769230769230769 0.557692307692308
0 0.24 0.14 0.14 0.3 0.6 0.6 0.84 0.82 0.4 1.16 1.48 2.98 0.98 1 0.92
0 0.166666666666667 0.133333333333333 0.0666666666666667 0.166666666666667 0.0666666666666667 0.233333333333333 0.366666666666667 0.533333333333333 0.633333333333333 0.766666666666667 0.9 2.73333333333333 1.16666666666667 0.866666666666667 0.4
0 0.0555555555555556 0.0555555555555556 0.0555555555555556 0 0 0.0555555555555556 0.5 0.388888888888889 0.333333333333333 0.5 0.722222222222222 0.888888888888889 0.611111111111111 0.888888888888889 0.666666666666667
0 0 0.0555555555555556 0 0.222222222222222 0.166666666666667 0.222222222222222 0 0.333333333333333 0.388888888888889 0.777777777777778 0.944444444444444 0.944444444444444 0.444444444444444 2 1.27777777777778
