1.375 0.8125 0.03125 0 0.46875 1.25 0.8125 0.125 0.0625 0.125 0.5 0.75 1.1875 0.21875 0 0.125
0.0754716981132075 12.8867924528302 0.264150943396226 0.0566037735849057 0.283018867924528 1.21698113207547 0.858490566037736 0.216981132075472 0.216981132075472 0.207547169811321 0.471698113207547 0.443396226415094 0.292452830188679 0.141509433962264 0.0188679245283019 0.0377358490566038
0 0.863636363636364 22.4090909090909 1.3030303030303 0.803030303030303 1.01515151515152 1.40909090909091 1.12121212121212 0.772727272727273 0.318181818181818 0.303030303030303 0.106060606060606 0.393939393939394 0.0454545454545455 0.181818181818182 0.0606060606060606
0.0617283950617284 0.0123456790123457 0.604938271604938 6.02469135802469 1.74074074074074 2.25925925925926 2.91358024691358 2.55555555555556 2.38271604938272 1.49382716049383 1.08641975308642 0.37037037037037 0.197530864197531 0.135802469135802 0.111111111111111 0.283950617283951
0.0454545454545455 0.257575757575758 0.0909090909090909 1.25757575757576 3.07575757575758 2.90909090909091 4.21212121212121 2.18181818181818 2.34848484848485 2.15151515151515 1.86363636363636 0.727272727272727 0.439393939393939 0.121212121212121 0.0303030303030303 0.227272727272727
0.151162790697674 0.802325581395349 0.127906976744186 1.27906976744186 2.37209302325581 3.59302325581395 4.02325581395349 2.43023255813953 2.87209302325581 1.69767441860465 1.80232558139535 1.61627906976744 1.08139534883721 0.209302325581395 0.22093023255814 0.36046511627907
0.0895522388059701 0.567164179104478 0.313432835820896 0.716417910447761 1.82089552238806 2.05970149253731 3.02985074626866 1.80597014925373 1.86567164179104 1.14925373134328 1.01492537313433 0.552238805970149 0.343283582089552 0.26865671641791 0.0597014925373134 0.0895522388059701
0 0.292307692307692 0.384615384615385 1.49230769230769 1.67692307692308 2.76923076923077 3.43076923076923 2.86153846153846 3.4 1.84615384615385 0.923076923076923 0.246153846153846 0.415384615384615 0.184615384615385 0.184615384615385 0.0153846153846154
0.025 0.1875 0.3625 1.45 1.8625 2.7125 2.6625 2.8875 3.275 2.05 0.9125 0.5625 0.55 0.3625 0.3625 0.1875
0.0120481927710843 0.156626506024096 0.156626506024096 1.02409638554217 1.79518072289157 1.27710843373494 2.43373493975904 1.90361445783133 2.7710843373494 2.33734939759036 1.34939759036145 1.75903614457831 0.963855421686747 0.686746987951807 0.602409638554217 1.02409638554217
0.0151515151515152 0.242424242424242 0 0.484848484848485 1.16666666666667 1.53030303030303 2.42424242424242 1.21212121212121 1.28787878787879 0.924242424242424 1.93939393939394 1.03030303030303 0.439393939393939 0.393939393939394 0.242424242424242 1.22727272727273
0 0.0576923076923077 0.134615384615385 0.403846153846154 1.21153846153846 1.30769230769231 2.03846153846154 1.5 1.46153846153846 1.15384615384615 1.71153846153846 1.98076923076923 1.28846153846154 0.653846153846154 0.211538461538462 0.403846153846154
0 0.12 0.14 0.08 0.44 0.36 0.68 0.58 0.42 0.48 1.16 1.18 3.02 1 0.68 0.68
0.0333333333333333 0.0666666666666667 0.233333333333333 0.1 0.0666666666666667 0.266666666666667 0.566666666666667 0.6 0.766666666666667 0.866666666666667 0.833333333333333 1.53333333333333 2.6 1.16666666666667 0.866666666666667 0.433333333333333
0 0 0 0.277777777777778 0.277777777777778 0 0.333333333333333 0 0.833333333333333 0.666666666666667 1.05555555555556 1.38888888888889 0.5 1.72222222222222 1.05555555555556 2
0 0 0.0555555555555556 0.222222222222222 0.444444444444444 0.222222222222222 0.111111111111111 0.222222222222222 0.444444444444444 0.833333333333333 1.16666666666667 1.22222222222222 1.16666666666667 1.05555555555556 1.72222222222222 2.77777777777778
