0.59375 0.375 0.125 0.0625 0.40625 1.15625 0.8125 0.03125 0 0.0625 0.40625 1.15625 0.8125 0.15625 0 0.09375
0.325301204819277 8.66265060240964 1.09638554216867 0.228915662650602 0.373493975903614 1.07228915662651 1 0.132530120481928 0.228915662650602 0.144578313253012 0.542168674698795 0.55421686746988 0.963855421686747 0.0481927710843374 0 0.0602409638554217
0 0.707865168539326 21.5842696629213 0.764044943820225 0.876404494382023 1.02247191011236 1.49438202247191 1.12359550561798 0.831460674157303 0.258426966292135 0.292134831460674 0.0561797752808989 0.292134831460674 0.0561797752808989 0.202247191011236 0.0337078651685393
0.037037037037037 0 0.864197530864197 4.55555555555556 1.91358024691358 2.49382716049383 2.96296296296296 2.66666666666667 3 1.93827160493827 1.1358024691358 0.444444444444444 0.172839506172839 0.0740740740740741 0.0740740740740741 0.234567901234568
0.0454545454545455 0.181818181818182 0.0606060606060606 1.04545454545455 2.10606060606061 2.1969696969697 3.33333333333333 1.77272727272727 2.24242424242424 1.84848484848485 1.54545454545455 0.924242424242424 0.515151515151515 0.303030303030303 0.121212121212121 0.378787878787879
0.162790697674419 0.604651162790698 0.511627906976744 1.81395348837209 3.34883720930233 4.91860465116279 5 3.23255813953488 3.94186046511628 2.18604651162791 2.18604651162791 0.906976744186046 0.430232558139535 0.209302325581395 0.127906976744186 0.209302325581395
0.104477611940299 0.388059701492537 0.432835820895522 0.880597014925373 1.53731343283582 2.22388059701493 2.92537313432836 2.1044776119403 2.25373134328358 0.955223880597015 0.955223880597015 0.641791044776119 0.417910447761194 0.194029850746269 0.0447761194029851 0.0447761194029851
0 0.184615384615385 0.553846153846154 1.03076923076923 1.38461538461538 1.92307692307692 2.81538461538462 2.16923076923077 3.30769230769231 1.46153846153846 0.984615384615385 0.323076923076923 0.876923076923077 0.507692307692308 0.215384615384615 0.215384615384615
0 0.0625 0.4125 1.5625 1.825 2.925 3.05 2.9 3.4 2.3375 0.9625 0.5 0.7125 0.3125 0.525 0.2
0.0240963855421687 0.168674698795181 0.373493975903614 0.951807228915663 1.56626506024096 1.3855421686747 2.51807228915663 2 2.24096385542169 1.72289156626506 1.44578313253012 1.30120481927711 0.783132530120482 0.686746987951807 0.44578313253012 0.819277108433735
0.0303030303030303 0.196969696969697 0.0303030303030303 0.378787878787879 0.924242424242424 1.13636363636364 1.22727272727273 1.27272727272727 1.75757575757576 1.77272727272727 3.54545454545455 1.22727272727273 0.287878787878788 1.27272727272727 0.545454545454545 1.03030303030303
0.0384615384615385 0 0.115384615384615 0.173076923076923 0.653846153846154 0.711538461538462 1.15384615384615 0.884615384615385 0.980769230769231 0.730769230769231 1.28846153846154 1.57692307692308 1.76923076923077 0.461538461538462 0.192307692307692 0.480769230769231
0.02 0.4 0.04 0.32 0.52 0.62 0.88 1.26 0.94 0.92 2 2.02 3.56 0.86 0.88 0.8
0 0.133333333333333 0.233333333333333 0.133333333333333 0.1 0.0666666666666667 0.166666666666667 0.333333333333333 0.666666666666667 0.7 0.366666666666667 1 1.4 1.06666666666667 1.73333333333333 0.266666666666667
0 0.0555555555555556 0.0555555555555556 0.277777777777778 0.111111111111111 0.0555555555555556 0.333333333333333 0.666666666666667 0.611111111111111 0.388888888888889 0.722222222222222 1.27777777777778 1.16666666666667 1.33333333333333 2.94444444444444 0.833333333333333
0 0 0.0555555555555556 0.222222222222222 0.166666666666667 0.166666666666667 0 0.111111111111111 0.111111111111111 0.777777777777778 0.611111111111111 1.38888888888889 1.05555555555556 0.722222222222222 2.27777777777778 0.944444444444444
