0.1875 0.09375 0.0625 0.0625 0.90625 0.96875 0.78125 0.09375 0.03125 0.1875 0.8125 0.90625 0.65625 0.09375 0 0.15625
0.265060240963855 11.6385542168675 0.91566265060241 0.108433734939759 0.44578313253012 1.12048192771084 1.07228915662651 0.240963855421687 0.144578313253012 0.108433734939759 0.433734939759036 0.373493975903614 0.457831325301205 0.156626506024096 0.0240963855421687 0.0481927710843374
0 0.112359550561798 21.5955056179775 0.842696629213483 0.382022471910112 0.629213483146067 1.29213483146067 1.04494382022472 0.640449438202247 0.325842696629214 0.213483146067416 0.134831460674157 0.292134831460674 0.0561797752808989 0.168539325842697 0.0224719101123595
0.0246913580246914 0.037037037037037 0.160493827160494 2.35802469135802 2.18518518518519 2.39506172839506 2.79012345679012 2.48148148148148 3.06172839506173 1.61728395061728 1.17283950617284 0.740740740740741 0.271604938271605 0.271604938271605 0.271604938271605 0.395061728395062
0.0151515151515152 0.227272727272727 0.242424242424242 1.37878787878788 2.86363636363636 2.96969696969697 4.60606060606061 2.74242424242424 2.66666666666667 1.84848484848485 2.21212121212121 1.5 1 0.545454545454545 0.287878787878788 0.666666666666667
0.13953488372093 0.511627906976744 0.186046511627907 1.40697674418605 2.8953488372093 3.98837209302326 4.62790697674419 2.88372093023256 3.31395348837209 2.06976744186047 1.81395348837209 0.976744186046512 0.348837209302326 0.0581395348837209 0.0697674418604651 0.104651162790698
0.194029850746269 0.417910447761194 0.432835820895522 0.671641791044776 1.76119402985075 1.8955223880597 2.71641791044776 2.44776119402985 1.98507462686567 0.865671641791045 0.805970149253731 0.686567164179104 0.164179104477612 0.104477611940299 0.0597014925373134 0.0447761194029851
0 0.0615384615384615 0.615384615384615 0.815384615384615 1.70769230769231 2 2.87692307692308 1.8 2.6 1.52307692307692 1.04615384615385 0.384615384615385 0.861538461538462 0.492307692307692 0.261538461538462 0.246153846153846
0 0.15 0.3625 1.45 1.75 2.425 2.7125 2.525 3.2375 2.2625 1.25 0.55 0.5125 0.475 0.525 0.225
0.0120481927710843 0.168674698795181 0.325301204819277 1.02409638554217 1.56626506024096 1.62650602409639 2.72289156626506 2 2.08433734939759 1.89156626506024 1.40963855421687 1.39759036144578 0.891566265060241 0.759036144578313 0.518072289156627 0.771084337349398
0.0151515151515152 0.106060606060606 0.0454545454545455 0.560606060606061 1.31818181818182 1.56060606060606 1.92424242424242 1.40909090909091 1.71212121212121 1.03030303030303 2.74242424242424 1.46969696969697 0.484848484848485 0.484848484848485 0.5 1.8030303030303
0.0192307692307692 0.0961538461538462 0.0769230769230769 0.134615384615385 0.346153846153846 0.788461538461538 0.923076923076923 0.826923076923077 0.769230769230769 0.942307692307692 1.67307692307692 2.38461538461538 1.86538461538462 0.653846153846154 0.307692307692308 0.769230769230769
0.02 0.26 0.06 0.2 0.28 0.42 0.7 0.78 0.6 0.58 1.12 1.56 2.26 0.78 0.44 0.46
0 0.133333333333333 0.233333333333333 0.0666666666666667 0.133333333333333 0.2 0.7 0.733333333333333 0.466666666666667 0.666666666666667 0.866666666666667 0.733333333333333 1.5 1.23333333333333 0.766666666666667 0.2
0 0.0555555555555556 0.0555555555555556 0.277777777777778 0.166666666666667 0 0.222222222222222 0.388888888888889 0.833333333333333 0.388888888888889 1.05555555555556 1.94444444444444 0.888888888888889 0.833333333333333 1.72222222222222 0.722222222222222
0 0 0.0555555555555556 0 0.333333333333333 0.222222222222222 0.166666666666667 0.166666666666667 0.0555555555555556 0.5 1.11111111111111 0.888888888888889 1.11111111111111 1.05555555555556 3 3.33333333333333
