0 0 0.125 0.03125 1.46875 0.625 1.09375 0.0625 0 0.25 0.625 0.71875 0.5625 0.1875 0 0.03125
0.339622641509434 12.0377358490566 0.311320754716981 0.330188679245283 0.377358490566038 0.943396226415094 0.933962264150943 0.405660377358491 0.292452830188679 0.216981132075472 0.415094339622642 0.481132075471698 0.566037735849057 0.113207547169811 0.0377358490566038 0.0377358490566038
0 1.28787878787879 20.7575757575758 0.560606060606061 0.363636363636364 0.5 1.37878787878788 1.1969696969697 0.606060606060606 0.348484848484849 0.242424242424242 0.136363636363636 0.272727272727273 0.0757575757575758 0.0757575757575758 0.0606060606060606
0.0123456790123457 0.0123456790123457 1.7037037037037 7.08641975308642 2.01234567901235 2.46913580246914 3.07407407407407 2.38271604938272 3.19753086419753 1.40740740740741 1.22222222222222 0.246913580246914 0.185185185185185 0.111111111111111 0.148148148148148 0.283950617283951
0.0909090909090909 0.196969696969697 0.0303030303030303 1.60606060606061 2.33333333333333 2.37878787878788 2.89393939393939 1.98484848484848 2.40909090909091 1.63636363636364 1.62121212121212 1.12121212121212 0.5 0.409090909090909 0.166666666666667 0.333333333333333
0.116279069767442 0.488372093023256 0.104651162790698 1.41860465116279 2.2093023255814 3.43023255813953 4.11627906976744 2.09302325581395 3.1046511627907 1.65116279069767 1.5 0.941860465116279 0.488372093023256 0.232558139534884 0.174418604651163 0.174418604651163
0.0447761194029851 0.402985074626866 0.328358208955224 1.3134328358209 1.58208955223881 2.28358208955224 3.11940298507463 2.34328358208955 2.49253731343284 1.50746268656716 1.38805970149254 0.91044776119403 0.388059701492537 0.238805970149254 0.0746268656716418 0.104477611940299
0 0.276923076923077 0.476923076923077 1.10769230769231 1.52307692307692 2.04615384615385 3.32307692307692 2.12307692307692 2.29230769230769 1.30769230769231 1.03076923076923 0.307692307692308 0.553846153846154 0.476923076923077 0.215384615384615 0.0461538461538462
0.025 0.2 0.2875 1.4 1.7625 2.65 2.6625 2.5 2.9375 2.45 1.125 0.5375 0.45 0.425 0.375 0.175
0 0.240963855421687 0.144578313253012 0.987951807228916 1.87951807228916 1.71084337349398 2.74698795180723 2.19277108433735 2.74698795180723 1.98795180722892 1.92771084337349 1.91566265060241 1.32530120481928 0.903614457831325 0.55421686746988 1.09638554216867
0.106060606060606 0.242424242424242 0.0151515151515152 0.575757575757576 1.12121212121212 1.65151515151515 1.28787878787879 1.18181818181818 1.60606060606061 1.77272727272727 1.96969696969697 1.16666666666667 0.46969696969697 0.712121212121212 0.606060606060606 0.621212121212121
0 0.0576923076923077 0.115384615384615 0.461538461538462 1.05769230769231 1.05769230769231 1.46153846153846 0.980769230769231 1.19230769230769 1.23076923076923 1.07692307692308 1.69230769230769 1.13461538461538 0.634615384615385 0.423076923076923 0.384615384615385
0.02 0.18 0.06 0.14 0.44 0.4 1.04 1 1.14 0.86 1.4 2 3.14 1.48 1.18 0.9
0.0333333333333333 0.233333333333333 0.1 0.1 0.133333333333333 0.2 0.6 0.533333333333333 0.566666666666667 0.7 0.366666666666667 0.966666666666667 1.43333333333333 1.36666666666667 0.6 0.4
0 0.0555555555555556 0 0.111111111111111 0.111111111111111 0 0.111111111111111 0.222222222222222 0.555555555555556 0.333333333333333 0.666666666666667 2 1.83333333333333 1.16666666666667 2.77777777777778 1.83333333333333
0 0 0.222222222222222 0.111111111111111 0.333333333333333 0.5 0.0555555555555556 0.111111111111111 0.0555555555555556 1 2.05555555555556 2.44444444444444 1.72222222222222 1.11111111111111 2.66666666666667 2.33333333333333
