0 0.03125 0.0625 0 0.8125 0.71875 0.53125 0.125 0.09375 0.34375 0.375 0.96875 0.625 0.25 0 0.21875
0.180722891566265 9.43373493975904 1 0.120481927710843 0.325301204819277 1.13253012048193 1.24096385542169 0.132530120481928 0.192771084337349 0.108433734939759 0.337349397590361 0.590361445783133 0.626506024096386 0.0843373493975904 0 0.0843373493975904
0 0.910112359550562 21.9662921348315 1.1123595505618 0.438202247191011 0.775280898876405 1.46067415730337 0.98876404494382 0.595505617977528 0.258426966292135 0.202247191011236 0.101123595505618 0.348314606741573 0.0674157303370786 0.157303370786517 0.0898876404494382
0.0617283950617284 0.0123456790123457 0.62962962962963 4.81481481481481 2.45679012345679 2.09876543209877 3.1358024691358 2.41975308641975 2.98765432098765 1.55555555555556 1.20987654320988 0.592592592592593 0.209876543209877 0.185185185185185 0.234567901234568 0.345679012345679
0.0303030303030303 0.151515151515152 0.136363636363636 1.6969696969697 2.72727272727273 2.43939393939394 3.22727272727273 2.21212121212121 2.66666666666667 2.07575757575758 2.21212121212121 0.621212121212121 0.439393939393939 0.151515151515152 0.0454545454545455 0.333333333333333
0.151162790697674 0.616279069767442 0.0930232558139535 1.52325581395349 2.67441860465116 3.95348837209302 4.72093023255814 2.52325581395349 3.09302325581395 1.77906976744186 1.72093023255814 1.3953488372093 0.732558139534884 0.267441860465116 0.22093023255814 0.36046511627907
0.0149253731343284 0.283582089552239 0.283582089552239 0.880597014925373 1.88059701492537 1.64179104477612 3.17910447761194 1.91044776119403 1.95522388059702 1.23880597014925 0.91044776119403 0.776119402985075 0.388059701492537 0.119402985074627 0.0298507462686567 0.0597014925373134
0 0.0615384615384615 0.569230769230769 1.04615384615385 1.53846153846154 2 3.46153846153846 2.43076923076923 3.06153846153846 1.30769230769231 1.04615384615385 0.338461538461538 0.415384615384615 0.353846153846154 0.2 0.184615384615385
0.0125 0.0875 0.2625 1.3 1.775 1.9875 2.95 2.3 2.775 1.6 0.85 0.5625 0.4625 0.25 0.3125 0.15
0 0.0843373493975904 0.265060240963855 1.14457831325301 1.83132530120482 1.68674698795181 2.80722891566265 2.43373493975904 2.21686746987952 2.28915662650602 2.10843373493976 1.40963855421687 0.903614457831325 0.698795180722892 0.686746987951807 0.72289156626506
0 0.196969696969697 0.0151515151515152 0.560606060606061 1.27272727272727 1.65151515151515 1.54545454545455 1.36363636363636 1.74242424242424 1.3030303030303 2.15151515151515 1.48484848484848 0.393939393939394 1.39393939393939 0.333333333333333 1.92424242424242
0.0192307692307692 0 0.0961538461538462 0.346153846153846 0.730769230769231 1.07692307692308 0.942307692307692 0.846153846153846 1.30769230769231 1.11538461538462 1.44230769230769 1.67307692307692 0.865384615384615 0.25 0.0192307692307692 0.269230769230769
0 0.1 0.1 0.04 0.24 0.36 0.76 0.48 0.72 0.5 0.86 1.28 3.62 1.32 0.96 0.72
0 0.333333333333333 0.0666666666666667 0.133333333333333 0.1 0.0333333333333333 0.8 0.7 0.666666666666667 0.8 0.566666666666667 0.733333333333333 1.46666666666667 1.06666666666667 0.766666666666667 0.166666666666667
0 0 0 0.777777777777778 0.277777777777778 0.111111111111111 0.166666666666667 0.555555555555556 0.5 0.5 0.777777777777778 2.72222222222222 0.722222222222222 1.16666666666667 2.44444444444444 1.22222222222222
0 0 0.111111111111111 0.111111111111111 0.444444444444444 0.277777777777778 0.222222222222222 0.166666666666667 0.222222222222222 0.833333333333333 1.72222222222222 1.38888888888889 1.11111111111111 0.833333333333333 2.61111111111111 3.5
