1.1875 0.84375 0.1875 0 0.78125 1.09375 0.65625 0.1875 0.09375 0.25 0.5625 1.28125 0.71875 0.40625 0 0.25
0.373493975903614 6.89156626506024 1.18072289156627 0.132530120481928 0.397590361445783 0.783132530120482 1.10843373493976 0.27710843373494 0.192771084337349 0.180722891566265 0.337349397590361 0.614457831325301 0.55421686746988 0.156626506024096 0.0240963855421687 0.072289156626506
0 0.415730337078652 19.0561797752809 1.01123595505618 0.48314606741573 0.764044943820225 1.26966292134831 1.1123595505618 0.528089887640449 0.337078651685393 0.247191011235955 0.202247191011236 0.404494382022472 0.101123595505618 0.134831460674157 0.0449438202247191
0.0123456790123457 0.0123456790123457 0.753086419753086 5.25925925925926 2.64197530864198 3.06172839506173 4.11111111111111 3.33333333333333 3.53086419753086 2.08641975308642 1.39506172839506 0.271604938271605 0.0740740740740741 0.172839506172839 0.222222222222222 0.333333333333333
0.0454545454545455 0.181818181818182 0.106060606060606 1.09090909090909 2.56060606060606 2.59090909090909 3.21212121212121 2.13636363636364 2.81818181818182 2.15151515151515 1.83333333333333 0.712121212121212 0.454545454545455 0.212121212121212 0.106060606060606 0.378787878787879
0.127906976744186 0.930232558139535 0.313953488372093 1.51162790697674 2.6046511627907 4.26744186046512 4.43023255813953 2.83720930232558 3.54651162790698 1.62790697674419 1.77906976744186 1.5 1.1046511627907 0.337209302325581 0.22093023255814 0.395348837209302
0.0746268656716418 0.328358208955224 0.447761194029851 1.16417910447761 2.35820895522388 2.82089552238806 3.82089552238806 2.53731343283582 2.98507462686567 2.29850746268657 2.40298507462687 0.567164179104478 0.194029850746269 0.149253731343284 0.104477611940299 0.0895522388059701
0 0.138461538461538 0.523076923076923 0.907692307692308 1.12307692307692 2.07692307692308 2.86153846153846 1.90769230769231 3.52307692307692 1.07692307692308 0.876923076923077 0.4 0.6 0.4 0.2 0.153846153846154
0 0.0625 0.3375 1.3125 1.6 2.125 2.6625 2.375 2.625 1.975 0.95 0.8 0.4375 0.5 0.4375 0.325
0.036144578313253 0.0963855421686747 0.301204819277108 1.30120481927711 1.95180722891566 1.71084337349398 3.08433734939759 2.42168674698795 2.80722891566265 2.39759036144578 1.89156626506024 1.62650602409639 1.09638554216867 0.759036144578313 0.55421686746988 0.891566265060241
0 0.151515151515152 0.0454545454545455 0.696969696969697 1.21212121212121 1.83333333333333 1.77272727272727 1.28787878787879 1.59090909090909 1 2.48484848484848 0.939393939393939 0.348484848484849 1.31818181818182 0.333333333333333 1.03030303030303
0.0384615384615385 0.0961538461538462 0.115384615384615 0.365384615384615 0.903846153846154 1 1.13461538461538 1.03846153846154 0.903846153846154 1.21153846153846 1.78846153846154 2.17307692307692 1.92307692307692 0.980769230769231 0.442307692307692 0.557692307692308
0.02 0.12 0.1 0.18 0.36 0.5 0.7 1.02 0.84 0.66 1.02 1.66 3.72 1.12 0.86 0.72
0 0.133333333333333 0.233333333333333 0.0666666666666667 0.0333333333333333 0.0333333333333333 0.7 0.633333333333333 0.933333333333333 0.4 0.233333333333333 1.96666666666667 2.26666666666667 1.5 1.53333333333333 0.4
0 0 0.111111111111111 0.555555555555556 0.111111111111111 0.166666666666667 0.111111111111111 0.722222222222222 0.388888888888889 0.722222222222222 0.277777777777778 1.16666666666667 0.611111111111111 0.666666666666667 2.16666666666667 0.388888888888889
0 0 0.0555555555555556 0.222222222222222 0.166666666666667 0.111111111111111 0.277777777777778 0.166666666666667 0.388888888888889 0.722222222222222 0.888888888888889 1.61111111111111 1.5 1 2.77777777777778 2
