1.375 0.78125 0 0.03125 1.03125 0.9375 0.53125 0.03125 0 0.125 0.6875 0.5625 0.375 0 0 0.125
0.122641509433962 13.311320754717 0.292452830188679 0.141509433962264 0.405660377358491 0.981132075471698 0.981132075471698 0.377358490566038 0.216981132075472 0.169811320754717 0.424528301886792 0.509433962264151 0.39622641509434 0.113207547169811 0.0377358490566038 0
0 1.36363636363636 17.5 1.03030303030303 0.272727272727273 0.454545454545455 1.31818181818182 0.939393939393939 0.424242424242424 0.196969696969697 0.121212121212121 0.0909090909090909 0.212121212121212 0 0.196969696969697 0.106060606060606
0.0864197530864197 0.0246913580246914 0.209876543209877 4.08641975308642 2.67901234567901 2.96296296296296 3.97530864197531 3.33333333333333 3.22222222222222 1.85185185185185 1.39506172839506 0.296296296296296 0.160493827160494 0.197530864197531 0.209876543209877 0.271604938271605
0.0757575757575758 0.151515151515152 0.0909090909090909 1.16666666666667 2.13636363636364 2.16666666666667 2.86363636363636 2 1.87878787878788 1.25757575757576 1.54545454545455 0.590909090909091 0.378787878787879 0.303030303030303 0.0909090909090909 0.257575757575758
0.0813953488372093 0.767441860465116 0.22093023255814 1.62790697674419 2.65116279069767 4.41860465116279 4.34883720930233 3.1046511627907 3.44186046511628 1.96511627906977 1.96511627906977 0.976744186046512 0.430232558139535 0.13953488372093 0.0581395348837209 0.186046511627907
0.0746268656716418 0.358208955223881 0.373134328358209 0.447761194029851 1.17910447761194 2.17910447761194 2.56716417910448 1.49253731343284 2.07462686567164 1.05970149253731 1.2089552238806 0.567164179104478 0.358208955223881 0.208955223880597 0.0149253731343284 0
0 0.307692307692308 0.507692307692308 0.892307692307692 1.53846153846154 1.96923076923077 2.90769230769231 1.96923076923077 2.84615384615385 1.04615384615385 0.8 0.353846153846154 0.738461538461539 0.415384615384615 0.261538461538462 0.230769230769231
0.0125 0.15 0.225 1.3375 1.5375 1.9875 2.625 2.275 2.55 1.775 1.0375 0.3375 0.2875 0.2875 0.2625 0.1125
0.0120481927710843 0.180722891566265 0.216867469879518 1.24096385542169 1.66265060240964 1.4578313253012 2.74698795180723 1.98795180722892 2.36144578313253 1.8433734939759 1.48192771084337 1.1566265060241 0.578313253012048 0.397590361445783 0.265060240963855 0.506024096385542
0.0151515151515152 0.196969696969697 0.0303030303030303 0.909090909090909 1.31818181818182 2.16666666666667 2.36363636363636 1.13636363636364 1.96969696969697 1.71212121212121 2.01515151515152 0.924242424242424 0.46969696969697 2.39393939393939 0.363636363636364 1.36363636363636
0 0.115384615384615 0.115384615384615 0.0961538461538462 0.365384615384615 0.461538461538462 0.653846153846154 0.461538461538462 0.442307692307692 0.557692307692308 1.59615384615385 1.61538461538462 1.88461538461538 0.634615384615385 0.346153846153846 0.538461538461538
0.02 0.34 0.04 0.12 0.42 0.36 0.48 0.76 1.1 0.74 1.82 2.32 3.52 1.16 1.12 0.94
0 0.333333333333333 0.0333333333333333 0.0666666666666667 0.0333333333333333 0 0.6 0.533333333333333 0.366666666666667 0.466666666666667 0.5 1.1 1.5 1.43333333333333 0.466666666666667 0.4
0 0 0 0.222222222222222 0.5 0.0555555555555556 0.444444444444444 0.222222222222222 0.611111111111111 0.555555555555556 1 0.666666666666667 1.44444444444444 1.83333333333333 0.888888888888889 0.5
0 0 0.111111111111111 0.111111111111111 0.111111111111111 0.388888888888889 0.166666666666667 0.111111111111111 0.222222222222222 0.666666666666667 1.11111111111111 1.44444444444444 1.33333333333333 0.944444444444444 2.16666666666667 1.72222222222222
