0.0625 0.03125 0.125 0 1.03125 1.09375 0.78125 0.15625 0.03125 0.34375 0.46875 0.46875 0.65625 0.125 0 0.125
0.339622641509434 11.688679245283 0.471698113207547 0.358490566037736 0.424528301886792 0.971698113207547 1.21698113207547 0.424528301886792 0.207547169811321 0.283018867924528 0.320754716981132 0.311320754716981 0.443396226415094 0.179245283018868 0.0660377358490566 0.0471698113207547
0 0.287878787878788 17.0454545454545 1.51515151515152 0.560606060606061 0.712121212121212 1.59090909090909 0.96969696969697 0.787878787878788 0.318181818181818 0.272727272727273 0.136363636363636 0.212121212121212 0 0.0909090909090909 0.0757575757575758
0.111111111111111 0.037037037037037 1.02469135802469 5.64197530864198 1.96296296296296 2.01234567901235 2.83950617283951 2.1358024691358 2.88888888888889 1.35802469135802 1.14814814814815 0.679012345679012 0.271604938271605 0.209876543209877 0.234567901234568 0.444444444444444
0.0303030303030303 0.212121212121212 0.212121212121212 1.22727272727273 2.63636363636364 2.98484848484848 3.86363636363636 2.56060606060606 2.04545454545455 1.83333333333333 2.12121212121212 0.606060606060606 0.409090909090909 0.136363636363636 0.0151515151515152 0.181818181818182
0.0930232558139535 0.732558139534884 0.232558139534884 1.36046511627907 2.24418604651163 3.51162790697674 4.69767441860465 2.53488372093023 2.95348837209302 1.62790697674419 1.80232558139535 0.837209302325581 0.488372093023256 0.151162790697674 0.151162790697674 0.22093023255814
0.0597014925373134 0.462686567164179 0.597014925373134 0.880597014925373 1.85074626865672 2.71641791044776 3.44776119402985 2.52238805970149 2.62686567164179 1.37313432835821 1.62686567164179 0.671641791044776 0.432835820895522 0.194029850746269 0.134328358208955 0.119402985074627
0 0.261538461538462 0.430769230769231 0.938461538461538 1 1.55384615384615 2.93846153846154 1.64615384615385 2.16923076923077 0.876923076923077 0.815384615384615 0.153846153846154 0.307692307692308 0.230769230769231 0.0615384615384615 0.0615384615384615
0.0125 0.175 0.3125 1.2875 1.8875 2.475 2.2875 2.525 2.7875 1.925 1.15 0.6625 0.4625 0.5125 0.5125 0.25
0.0120481927710843 0.192771084337349 0.168674698795181 0.987951807228916 1.65060240963855 1.25301204819277 2.37349397590361 2.18072289156627 2.74698795180723 2.09638554216867 1.67469879518072 1.44578313253012 0.759036144578313 0.457831325301205 0.481927710843373 0.771084337349398
0.0303030303030303 0.151515151515152 0.0454545454545455 1.06060606060606 1.42424242424242 1.98484848484848 1.86363636363636 1.57575757575758 2 1.78787878787879 2.3030303030303 1.28787878787879 0.409090909090909 1.07575757575758 0.378787878787879 1.8030303030303
0.0192307692307692 0.0769230769230769 0.173076923076923 0.153846153846154 0.576923076923077 0.75 1.09615384615385 0.730769230769231 0.634615384615385 0.692307692307692 1.23076923076923 1.40384615384615 1.25 0.538461538461538 0.288461538461538 0.288461538461538
0.04 0.42 0.06 0.4 0.66 0.7 1.12 1.68 1.1 0.82 2.08 1.7 2.78 1.04 0.6 0.76
0 0.133333333333333 0.166666666666667 0.166666666666667 0.4 0.266666666666667 0.466666666666667 0.6 0.733333333333333 0.533333333333333 0.466666666666667 0.733333333333333 0.8 1.3 1.6 0.133333333333333
0 0.0555555555555556 0 0.166666666666667 0 0 0 0.388888888888889 0.5 0.388888888888889 0.444444444444444 2.11111111111111 1.55555555555556 1.16666666666667 1.27777777777778 1.55555555555556
0 0 0 0.277777777777778 0.5 0 0.222222222222222 0.222222222222222 0.333333333333333 0.722222222222222 1 0.722222222222222 0.555555555555556 0.555555555555556 2.22222222222222 3.05555555555556
