0.125 0 0.1875 0 0.8125 1 0.90625 0.09375 0.03125 0.25 0.59375 1.09375 0.5 0.25 0 0.125
0.0849056603773585 12.4905660377358 0.292452830188679 0.0660377358490566 0.207547169811321 0.905660377358491 0.839622641509434 0.330188679245283 0.19811320754717 0.10377358490566 0.367924528301887 0.443396226415094 0.594339622641509 0.0943396226415094 0.0566037735849057 0.0566037735849057
0 0.212121212121212 22.8030303030303 0.803030303030303 0.5 0.712121212121212 1.46969696969697 1.39393939393939 0.757575757575758 0.318181818181818 0.212121212121212 0.106060606060606 0.378787878787879 0.0303030303030303 0.166666666666667 0.0454545454545455
0 0 0.790123456790123 6.85185185185185 2.93827160493827 3.75308641975309 4.40740740740741 3.44444444444444 4.32098765432099 2.24691358024691 1.8641975308642 0.864197530864197 0.259259259259259 0.283950617283951 0.37037037037037 0.641975308641975
0.0606060606060606 0.257575757575758 0.136363636363636 1.18181818181818 2.40909090909091 2.48484848484848 3.28787878787879 2.03030303030303 2.04545454545455 2.15151515151515 1.60606060606061 0.636363636363636 0.439393939393939 0.0909090909090909 0.0303030303030303 0.166666666666667
0.0813953488372093 0.686046511627907 0.232558139534884 1.74418604651163 2.77906976744186 4.96511627906977 5.04651162790698 3.25581395348837 4.24418604651163 2.62790697674419 2.3953488372093 0.965116279069767 0.453488372093023 0.36046511627907 0.127906976744186 0.244186046511628
0.134328358208955 0.373134328358209 0.432835820895522 0.865671641791045 1.7910447761194 2.46268656716418 3 2.71641791044776 2.61194029850746 1.32835820895522 1.82089552238806 0.91044776119403 0.358208955223881 0.134328358208955 0.0746268656716418 0.0895522388059701
0 0.230769230769231 0.569230769230769 0.8 1.64615384615385 2.46153846153846 3.18461538461538 2.41538461538462 2.61538461538462 1.24615384615385 0.815384615384615 0.323076923076923 0.676923076923077 0.353846153846154 0.323076923076923 0.0615384615384615
0 0.1125 0.275 1.8125 2.0625 2.9125 3.0875 2.775 3.3 2.1625 1.0875 0.775 0.5125 0.525 0.7875 0.35
0.0120481927710843 0.168674698795181 0.265060240963855 0.72289156626506 1.26506024096386 0.951807228915663 1.92771084337349 1.4578313253012 1.65060240963855 1.83132530120482 1.19277108433735 1.18072289156627 0.72289156626506 0.590361445783133 0.409638554216867 0.746987951807229
0.0303030303030303 0.242424242424242 0.0454545454545455 0.984848484848485 1.5 2.06060606060606 1.96969696969697 1.3030303030303 1.89393939393939 1.28787878787879 2.22727272727273 0.787878787878788 0.590909090909091 0.893939393939394 0.333333333333333 0.363636363636364
0.0192307692307692 0.115384615384615 0.0576923076923077 0.192307692307692 0.769230769230769 1.05769230769231 1.26923076923077 0.711538461538462 1 0.673076923076923 1.17307692307692 1.67307692307692 0.75 0.269230769230769 0.0384615384615385 0.307692307692308
0.02 0.1 0.04 0.04 0.2 0.3 0.92 0.62 0.62 0.74 1.06 1.32 3.08 1.36 0.6 0.5
0.0333333333333333 0.233333333333333 0.133333333333333 0.166666666666667 0.2 0.333333333333333 0.533333333333333 0.866666666666667 0.766666666666667 1.3 1.2 1.3 2.1 1.1 0.866666666666667 0.5
0 0.166666666666667 0.0555555555555556 0.111111111111111 0.111111111111111 0 0.222222222222222 0.722222222222222 1 0.388888888888889 1.11111111111111 2.05555555555556 1.33333333333333 0.777777777777778 1.05555555555556 1
0 0 0.111111111111111 0.222222222222222 0.333333333333333 0.222222222222222 0.5 0.277777777777778 0.444444444444444 1.11111111111111 1.77777777777778 1.61111111111111 1.38888888888889 1.05555555555556 3.33333333333333 3.94444444444444
