0 0.0625 0.125 0.03125 0.84375 1.125 0.59375 0.09375 0.03125 0.15625 0.46875 0.71875 0.5625 0.15625 0 0.15625
0.235849056603774 12.6981132075472 0.160377358490566 0.0754716981132075 0.292452830188679 1 1.17924528301887 0.216981132075472 0.150943396226415 0.122641509433962 0.330188679245283 0.367924528301887 0.471698113207547 0.122641509433962 0.0566037735849057 0.0188679245283019
0 0.681818181818182 20.5909090909091 1.8030303030303 0.560606060606061 0.575757575757576 1.33333333333333 1.5 0.924242424242424 0.46969696969697 0.409090909090909 0.0606060606060606 0.318181818181818 0.0909090909090909 0.121212121212121 0.136363636363636
0.037037037037037 0.0246913580246914 1 4.44444444444444 1.98765432098765 2.41975308641975 2.87654320987654 2.51851851851852 2.69135802469136 1.79012345679012 1.20987654320988 0.962962962962963 0.333333333333333 0.345679012345679 0.37037037037037 0.617283950617284
0 0.166666666666667 0.136363636363636 1.53030303030303 2.5 2.46969696969697 3.33333333333333 2.07575757575758 2.28787878787879 1.90909090909091 1.59090909090909 0.772727272727273 0.378787878787879 0.257575757575758 0.121212121212121 0.363636363636364
0.209302325581395 0.744186046511628 0.313953488372093 1.46511627906977 2.67441860465116 3.84883720930233 4.72093023255814 2.80232558139535 3.75581395348837 1.94186046511628 1.93023255813953 1.53488372093023 1.18604651162791 0.395348837209302 0.255813953488372 0.348837209302326
0.104477611940299 0.343283582089552 0.26865671641791 0.925373134328358 1.53731343283582 2.8955223880597 3.08955223880597 2.49253731343284 2.38805970149254 1.2089552238806 1.43283582089552 0.671641791044776 0.343283582089552 0.149253731343284 0.0447761194029851 0.0298507462686567
0 0.230769230769231 0.569230769230769 1.16923076923077 1.89230769230769 2.70769230769231 4.44615384615385 2.10769230769231 3.07692307692308 1.66153846153846 1.03076923076923 0.430769230769231 0.8 0.523076923076923 0.292307692307692 0.261538461538462
0 0.075 0.3375 1.3625 1.5125 1.9625 2.2 2.4 2.6375 1.6125 0.9 0.6625 0.4 0.4375 0.6 0.2
0.0240963855421687 0.168674698795181 0.289156626506024 1.07228915662651 1.65060240963855 1.57831325301205 2.91566265060241 2.24096385542169 2.51807228915663 2.07228915662651 1.80722891566265 1.68674698795181 0.710843373493976 0.614457831325301 0.409638554216867 0.746987951807229
0.0454545454545455 0.121212121212121 0.0606060606060606 1 1.31818181818182 2.15151515151515 2.25757575757576 1.40909090909091 1.98484848484848 0.787878787878788 2.77272727272727 1.03030303030303 0.257575757575758 1.90909090909091 0.318181818181818 0.727272727272727
0 0.0576923076923077 0.134615384615385 0.134615384615385 0.365384615384615 0.634615384615385 0.903846153846154 0.596153846153846 0.615384615384615 0.807692307692308 1.78846153846154 1.53846153846154 1.40384615384615 0.442307692307692 0.326923076923077 0.384615384615385
0.02 0.04 0.12 0.14 0.44 0.52 0.76 0.94 0.96 0.6 1.04 1.6 2.74 1.42 0.78 1.22
0 0.166666666666667 0.1 0 0 0 0.533333333333333 0.166666666666667 0.7 0.1 0.233333333333333 0.566666666666667 1.96666666666667 1 0.4 0.0333333333333333
0 0 0 0.166666666666667 0.444444444444444 0 0.444444444444444 0.166666666666667 0.944444444444444 0.166666666666667 0.444444444444444 0.5 0.944444444444444 2.11111111111111 0.944444444444444 0.388888888888889
0 0 0.111111111111111 0.222222222222222 0.277777777777778 0.222222222222222 0.333333333333333 0.222222222222222 0.388888888888889 1.05555555555556 1.55555555555556 1.77777777777778 1.5 1.05555555555556 2.88888888888889 3
