0.59375 0.46875 0.0625 0 0.5625 0.90625 0.90625 0.0625 0.03125 0.15625 0.15625 0.53125 0.9375 0.15625 0 0.0625
0.122641509433962 11.3867924528302 0.19811320754717 0.179245283018868 0.39622641509434 0.943396226415094 1.0377358490566 0.292452830188679 0.207547169811321 0.132075471698113 0.386792452830189 0.471698113207547 0.39622641509434 0.132075471698113 0.0188679245283019 0.0188679245283019
0 0.803030303030303 20.1818181818182 0.742424242424242 0.545454545454545 0.727272727272727 1.36363636363636 1.03030303030303 0.636363636363636 0.378787878787879 0.212121212121212 0.196969696969697 0.287878787878788 0.0909090909090909 0.121212121212121 0.0303030303030303
0.0864197530864197 0.0246913580246914 0.580246913580247 3.87654320987654 2.09876543209877 2.60493827160494 3.04938271604938 2.79012345679012 2.85185185185185 1.55555555555556 1.12345679012346 0.246913580246914 0.0864197530864197 0.135802469135802 0.197530864197531 0.197530864197531
0.0606060606060606 0.151515151515152 0.0757575757575758 0.954545454545455 3.15151515151515 2.27272727272727 2.51515151515152 1.42424242424242 1.87878787878788 1.51515151515152 1.59090909090909 0.712121212121212 0.439393939393939 0.333333333333333 0.0757575757575758 0.212121212121212
0.13953488372093 0.86046511627907 0.313953488372093 1.41860465116279 2.23255813953488 3.82558139534884 3.81395348837209 2.67441860465116 2.77906976744186 1.46511627906977 1.68604651162791 1.24418604651163 0.825581395348837 0.232558139534884 0.244186046511628 0.313953488372093
0.0746268656716418 0.462686567164179 0.26865671641791 0.805970149253731 1.35820895522388 1.85074626865672 3.17910447761194 2.07462686567164 2.02985074626866 1.01492537313433 1 0.656716417910448 0.328358208955224 0.17910447761194 0.0447761194029851 0.0597014925373134
0 0.261538461538462 0.369230769230769 0.846153846153846 1.49230769230769 1.98461538461538 3.21538461538462 1.78461538461538 3.30769230769231 1.26153846153846 0.892307692307692 0.215384615384615 0.584615384615385 0.507692307692308 0.261538461538462 0.138461538461538
0.0125 0.35 0.3 1.85 2.1125 3.3625 3.0625 3.0375 3.5375 2.2625 1.4125 0.575 0.575 0.425 0.6875 0.2875
0.0120481927710843 0.108433734939759 0.27710843373494 1.32530120481928 1.8433734939759 1.72289156626506 2.63855421686747 2.37349397590361 2.66265060240964 2.13253012048193 1.83132530120482 1.60240963855422 1.28915662650602 0.879518072289157 0.698795180722892 1
0.0151515151515152 0.106060606060606 0.0303030303030303 1.06060606060606 1.53030303030303 2.60606060606061 2.65151515151515 1.86363636363636 2.48484848484848 1.37878787878788 2.43939393939394 1.36363636363636 0.484848484848485 0.5 0.621212121212121 1.34848484848485
0 0.0769230769230769 0.0576923076923077 0.0961538461538462 0.211538461538462 0.596153846153846 0.711538461538462 0.461538461538462 0.576923076923077 0.711538461538462 2.92307692307692 1.78846153846154 1.63461538461538 0.673076923076923 0.730769230769231 0.5
0.02 0.16 0.02 0.3 0.16 0.56 0.78 1.16 1.06 1.06 1.52 2.06 4.8 0.82 0.72 0.68
0.0333333333333333 0.3 0.233333333333333 0.166666666666667 0.1 0.133333333333333 0.7 0.933333333333333 0.766666666666667 1.1 0.833333333333333 2.23333333333333 1.86666666666667 1.86666666666667 1.1 0.533333333333333
0 0 0 0.388888888888889 0.111111111111111 0.111111111111111 0.166666666666667 0.444444444444444 0.333333333333333 0.666666666666667 0.166666666666667 0.944444444444444 1.11111111111111 0.444444444444444 3.33333333333333 0.944444444444444
0 0 0 0 0.555555555555556 0.111111111111111 0.222222222222222 0.111111111111111 0.222222222222222 0.222222222222222 1.11111111111111 0.944444444444444 0.944444444444444 0.944444444444444 3.44444444444444 3.83333333333333
