0 0.03125 0.125 0.0625 1.03125 0.71875 1 0.15625 0.09375 0.375 0.71875 0.90625 0.75 0.28125 0 0.21875
0.433734939759036 10.0963855421687 0.927710843373494 0.204819277108434 0.493975903614458 1.34939759036145 0.915662650602409 0.421686746987952 0.240963855421687 0.216867469879518 0.493975903614458 0.518072289156626 0.337349397590361 0.156626506024096 0.0120481927710843 0.036144578313253
0 1.02247191011236 19.7640449438202 0.617977528089888 0.224719101123595 0.393258426966292 1.35955056179775 0.831460674157303 0.426966292134831 0.213483146067416 0.0898876404494382 0.235955056179775 0.314606741573034 0.0449438202247191 0.157303370786517 0.0337078651685393
0.0617283950617284 0.0246913580246914 1.01234567901235 6.7037037037037 2.49382716049383 3.16049382716049 3.90123456790123 3.5679012345679 3.33333333333333 2.03703703703704 1.33333333333333 0.580246913580247 0.234567901234568 0.234567901234568 0.222222222222222 0.432098765432099
0.0151515151515152 0.227272727272727 0.0909090909090909 0.893939393939394 3.1969696969697 2.51515151515151 3.10606060606061 1.86363636363636 2.34848484848485 1.84848484848485 1.36363636363636 0.409090909090909 0.287878787878788 0.136363636363636 0.0454545454545454 0.227272727272727
0.13953488372093 0.895348837209302 0.325581395348837 2 3.12790697674419 4.87209302325581 4.96511627906977 3.5 3.93023255813953 2.3953488372093 1.93023255813953 1.6046511627907 1.06976744186047 0.430232558139535 0.302325581395349 0.476744186046512
0.134328358208955 0.253731343283582 0.537313432835821 0.701492537313433 2 2.28358208955224 2.28358208955224 2.3134328358209 2.23880597014925 1.02985074626866 1.04477611940298 0.641791044776119 0.164179104477612 0.149253731343284 0.0895522388059701 0.0895522388059701
0 0.184615384615385 0.538461538461538 1.10769230769231 1.47692307692308 1.69230769230769 3.24615384615385 2.35384615384615 2.30769230769231 1.13846153846154 0.892307692307692 0.338461538461538 1.13846153846154 0.876923076923077 0.523076923076923 0.261538461538461
0.0125 0.1375 0.425 1.5375 2.3125 2.675 3.475 3.425 3.1875 1.7125 1.425 0.7 0.425 0.45 0.4125 0.2125
0.072289156626506 0.108433734939759 0.397590361445783 1.06024096385542 1.83132530120482 1.63855421686747 2.51807228915663 2.7710843373494 2.51807228915663 2.20481927710843 2.13253012048193 1.7710843373494 0.72289156626506 0.554216867469879 0.891566265060241 0.80722891566265
0.0303030303030303 0.151515151515151 0.0606060606060606 0.545454545454545 0.924242424242424 1.1969696969697 1.60606060606061 0.984848484848485 1.5 1.36363636363636 2.62121212121212 1 0.393939393939394 0.560606060606061 0.424242424242424 0.848484848484848
0.0384615384615385 0 0.153846153846154 0.173076923076923 0.538461538461538 0.826923076923077 0.942307692307692 0.423076923076923 0.692307692307692 0.711538461538461 1.63461538461538 1.51923076923077 0.865384615384615 0.0961538461538461 0.0384615384615385 0.153846153846154
0.06 0.24 0.1 0.14 0.24 0.26 1.44 0.76 1.08 0.82 1.58 1.46 3.7 0.92 0.54 0.68
0 0.166666666666667 0.2 0.0666666666666667 0.6 0.2 0.4 0.466666666666667 0.3 0.8 0.6 0.633333333333333 0.966666666666667 0.666666666666667 0.833333333333333 0.166666666666667
0 0.0555555555555556 0 0.277777777777778 0 0 0 0.444444444444444 0.666666666666667 0.555555555555555 0.944444444444444 2.16666666666667 2.05555555555556 1.44444444444444 3.22222222222222 1.94444444444444
0 0 0.0555555555555556 0.111111111111111 0.277777777777778 0.166666666666667 0.0555555555555556 0.111111111111111 0.0555555555555556 0.555555555555555 1.11111111111111 0.777777777777778 0.666666666666667 0.444444444444444 2.77777777777778 2.27777777777778
