0.65625 0.40625 0.125 0.03125 0.59375 1.03125 1.03125 0.0625 0 0.15625 0.59375 0.5 0.65625 0.0625 0 0.15625
0.19811320754717 15.4622641509434 0.386792452830189 0.254716981132075 0.481132075471698 0.952830188679245 1.15094339622642 0.490566037735849 0.169811320754717 0.132075471698113 0.245283018867925 0.471698113207547 0.443396226415094 0.160377358490566 0.0283018867924528 0.0188679245283019
0 0.166666666666667 19.8030303030303 1.53030303030303 0.257575757575758 0.303030303030303 1.27272727272727 0.803030303030303 0.545454545454545 0.212121212121212 0.227272727272727 0.0757575757575758 0.212121212121212 0.0757575757575758 0.166666666666667 0.106060606060606
0.0493827160493827 0.0123456790123457 0.666666666666667 3.54320987654321 1.66666666666667 2.14814814814815 2.75308641975309 2.09876543209877 2.75308641975309 1.55555555555556 0.925925925925926 0.444444444444444 0.148148148148148 0.185185185185185 0.246913580246914 0.358024691358025
0.0303030303030303 0.196969696969697 0.166666666666667 0.878787878787879 2.33333333333333 2.40909090909091 2.83333333333333 1.8030303030303 2.27272727272727 1.6969696969697 1.53030303030303 1.12121212121212 0.590909090909091 0.393939393939394 0.181818181818182 0.378787878787879
0.127906976744186 0.790697674418605 0.13953488372093 1.27906976744186 2.19767441860465 3.72093023255814 4.31395348837209 2.03488372093023 2.7906976744186 1.61627906976744 1.43023255813953 1.40697674418605 0.790697674418605 0.232558139534884 0.186046511627907 0.313953488372093
0.0597014925373134 0.26865671641791 0.417910447761194 1.08955223880597 2.29850746268657 2.67164179104478 3.19402985074627 2.28358208955224 3.13432835820896 2.02985074626866 1.95522388059702 0.835820895522388 0.208955223880597 0.0895522388059701 0.0895522388059701 0.134328358208955
0 0.261538461538462 0.4 1.23076923076923 1.55384615384615 2.24615384615385 4.01538461538462 2.55384615384615 3.01538461538462 1.58461538461538 0.861538461538462 0.430769230769231 0.584615384615385 0.4 0.338461538461538 0.153846153846154
0 0.1625 0.4125 1.2875 1.675 2.0125 2.3875 2.4 2.6625 1.95 0.9375 0.7875 0.5375 0.5125 0.525 0.2875
0.0120481927710843 0.216867469879518 0.265060240963855 1.12048192771084 1.53012048192771 1.27710843373494 2.4578313253012 1.92771084337349 1.90361445783133 1.56626506024096 1.72289156626506 1.32530120481928 0.91566265060241 0.698795180722892 0.481927710843373 0.72289156626506
0.0606060606060606 0.181818181818182 0.0151515151515152 0.53030303030303 1.36363636363636 1.21212121212121 1.84848484848485 0.96969696969697 1.37878787878788 1.24242424242424 2.28787878787879 1.21212121212121 0.681818181818182 1.57575757575758 0.53030303030303 0.787878787878788
0 0.0192307692307692 0.0576923076923077 0.519230769230769 1.40384615384615 1.46153846153846 1.28846153846154 1.30769230769231 1.59615384615385 1.34615384615385 1.75 1.40384615384615 0.923076923076923 0.538461538461538 0.211538461538462 0.153846153846154
0 0.1 0.06 0.26 0.34 0.54 1.14 1.22 1.14 0.52 1.3 1.64 3.3 0.84 1.04 0.34
0.0333333333333333 0.133333333333333 0.233333333333333 0.0333333333333333 0.133333333333333 0.0666666666666667 0.266666666666667 0.3 0.633333333333333 0.833333333333333 0.366666666666667 1.13333333333333 1.23333333333333 1.13333333333333 0.933333333333333 0.566666666666667
0 0 0 0.166666666666667 0 0 0.0555555555555556 0.111111111111111 0.444444444444444 0.333333333333333 0.777777777777778 0.611111111111111 0.611111111111111 0.722222222222222 2.22222222222222 0.388888888888889
0 0 0 0.111111111111111 0.222222222222222 0.0555555555555556 0.111111111111111 0.166666666666667 0.0555555555555556 0.5 0.611111111111111 0.444444444444444 0.611111111111111 0.611111111111111 3.83333333333333 2.5
