1.25 0.78125 0.03125 0.03125 0.65625 1.09375 0.5 0.0625 0.03125 0.09375 0.4375 0.9375 0.6875 0.125 0 0.125
0.19811320754717 14.122641509434 0.235849056603774 0.150943396226415 0.330188679245283 1.10377358490566 1.19811320754717 0.254716981132075 0.169811320754717 0.122641509433962 0.367924528301887 0.528301886792453 0.462264150943396 0.0566037735849057 0.0377358490566038 0.0188679245283019
0 0.681818181818182 22.3333333333333 0.863636363636364 0.363636363636364 0.560606060606061 1.31818181818182 0.893939393939394 0.545454545454545 0.257575757575758 0.181818181818182 0.0909090909090909 0.348484848484849 0.136363636363636 0.196969696969697 0
0.0987654320987654 0.037037037037037 0.827160493827161 3.7037037037037 1.81481481481481 1.44444444444444 1.85185185185185 1.51851851851852 2.39506172839506 1.02469135802469 0.91358024691358 0.654320987654321 0.271604938271605 0.185185185185185 0.234567901234568 0.222222222222222
0.0151515151515152 0.0606060606060606 0.0303030303030303 0.863636363636364 2.03030303030303 2.01515151515152 2.71212121212121 1.56060606060606 2.22727272727273 1.8030303030303 1.74242424242424 2 1.01515151515152 0.636363636363636 0.348484848484849 0.651515151515151
0.13953488372093 0.697674418604651 0.197674418604651 1.36046511627907 2.55813953488372 3.30232558139535 5.02325581395349 2.22093023255814 3.19767441860465 1.61627906976744 1.56976744186047 1.26744186046512 0.802325581395349 0.244186046511628 0.186046511627907 0.255813953488372
0.0746268656716418 0.447761194029851 0.149253731343284 0.656716417910448 1.1044776119403 2.34328358208955 2.95522388059702 1.97014925373134 1.88059701492537 0.835820895522388 0.880597014925373 0.507462686567164 0.26865671641791 0.26865671641791 0.0447761194029851 0.0447761194029851
0 0.2 0.384615384615385 1.2 1.41538461538462 2.58461538461538 2.90769230769231 2.61538461538462 3.29230769230769 1.44615384615385 0.892307692307692 0.492307692307692 0.984615384615385 0.615384615384615 0.384615384615385 0.323076923076923
0.025 0.275 0.4 1.5375 1.725 2.675 2.5375 2.9125 3.225 1.925 1.4125 0.575 0.4375 0.425 0.4 0.25
0.036144578313253 0.120481927710843 0.337349397590361 1.09638554216867 1.6144578313253 1.46987951807229 2.46987951807229 1.98795180722892 2.03614457831325 1.81927710843373 1.7710843373494 1.26506024096386 0.759036144578313 0.771084337349398 0.457831325301205 0.662650602409639
0.0303030303030303 0.136363636363636 0 0.424242424242424 1.37878787878788 1.45454545454545 2.22727272727273 1.48484848484848 2 1.40909090909091 2.37878787878788 1.15151515151515 0.681818181818182 1.84848484848485 0.378787878787879 0.833333333333333
0 0.0961538461538462 0.0961538461538462 0.173076923076923 0.384615384615385 0.634615384615385 0.730769230769231 0.634615384615385 0.653846153846154 0.865384615384615 1.44230769230769 1.69230769230769 1.19230769230769 0.75 0.673076923076923 0.634615384615385
0 0.16 0.08 0.18 0.38 0.62 1.12 1.2 0.94 1.04 1.12 1.52 3.86 0.9 0.82 0.46
0.0666666666666667 0.333333333333333 0.0666666666666667 0.266666666666667 0.366666666666667 0.466666666666667 0.933333333333333 1.4 1.46666666666667 1.23333333333333 0.7 2.76666666666667 2.9 2.2 1.9 1.03333333333333
0 0.0555555555555556 0.0555555555555556 0.166666666666667 0.111111111111111 0.0555555555555556 0.111111111111111 0.5 0.444444444444444 0.666666666666667 0.5 1.88888888888889 1.5 0.833333333333333 0.944444444444444 0.5
0 0 0 0.111111111111111 0.222222222222222 0.111111111111111 0.0555555555555556 0.111111111111111 0.0555555555555556 0.444444444444444 0.5 1.5 1.38888888888889 1.22222222222222 3.05555555555556 2.05555555555556
