0 0.0625 0.0625 0.03125 0.9375 1.09375 0.65625 0.09375 0.03125 0.15625 0.34375 1.03125 0.625 0.09375 0 0.0625
0.132530120481928 9.85542168674699 1.19277108433735 0 0.265060240963855 0.939759036144578 1.06024096385542 0.168674698795181 0.168674698795181 0.0963855421686747 0.253012048192771 0.698795180722892 0.746987951807229 0.0843373493975904 0.036144578313253 0.072289156626506
0 0.651685393258427 17.6179775280899 1.24719101123595 0.348314606741573 0.539325842696629 0.98876404494382 0.808988764044944 0.797752808988764 0.258426966292135 0.191011235955056 0.157303370786517 0.426966292134831 0.0786516853932584 0.235955056179775 0.0449438202247191
0.0617283950617284 0.0123456790123457 0.222222222222222 4.8641975308642 2.54320987654321 2.69135802469136 3.65432098765432 2.93827160493827 3.01234567901235 1.64197530864198 1.28395061728395 0.592592592592593 0.172839506172839 0.172839506172839 0.246913580246914 0.333333333333333
0.0454545454545455 0.166666666666667 0.212121212121212 1.10606060606061 2.78787878787879 2.39393939393939 3.25757575757576 2.27272727272727 2.3030303030303 1.98484848484848 1.81818181818182 0.742424242424242 0.560606060606061 0.257575757575758 0.106060606060606 0.333333333333333
0.13953488372093 0.63953488372093 0.348837209302326 1.75581395348837 2.62790697674419 4.2906976744186 5.30232558139535 3.03488372093023 4.11627906976744 1.91860465116279 2.18604651162791 1.01162790697674 0.593023255813954 0.383720930232558 0.197674418604651 0.244186046511628
0.0597014925373134 0.26865671641791 0.462686567164179 1.07462686567164 2.14925373134328 2.1044776119403 3.34328358208955 1.7910447761194 2.76119402985075 1.23880597014925 1.26865671641791 0.791044776119403 0.343283582089552 0.119402985074627 0.0895522388059701 0.0746268656716418
0 0.107692307692308 0.646153846153846 0.692307692307692 1.33846153846154 1.46153846153846 2.84615384615385 1.6 2.49230769230769 0.707692307692308 0.538461538461538 0.169230769230769 0.261538461538462 0.261538461538462 0.107692307692308 0.0615384615384615
0 0.0625 0.5375 1.875 2.3625 3.7875 3.75 3.725 3.65 2.4 1.7625 0.5625 0.675 0.3625 0.575 0.25
0.0120481927710843 0.0963855421686747 0.204819277108434 0.807228915662651 1.30120481927711 1.37349397590361 2.34939759036145 1.5421686746988 2.63855421686747 1.96385542168675 1.71084337349398 1.66265060240964 0.843373493975904 0.662650602409639 0.301204819277108 0.746987951807229
0.0303030303030303 0.166666666666667 0.0606060606060606 0.712121212121212 1.10606060606061 1.42424242424242 1.60606060606061 1.66666666666667 1.77272727272727 1.62121212121212 3.34848484848485 1.71212121212121 0.454545454545455 1.24242424242424 0.227272727272727 1.25757575757576
0.0384615384615385 0.0384615384615385 0.25 0.269230769230769 0.769230769230769 0.961538461538462 1.34615384615385 1.28846153846154 1.11538461538462 1.07692307692308 2.09615384615385 2.13461538461538 1.98076923076923 0.769230769230769 0.442307692307692 0.461538461538462
0 0.2 0.06 0.18 0.32 0.3 1.14 0.9 0.94 1.08 1.62 1.4 3.6 1 0.94 0.64
0 0.133333333333333 0.133333333333333 0.133333333333333 0.1 0 0.433333333333333 0.2 0.7 0.333333333333333 0.133333333333333 0.933333333333333 1.63333333333333 1.53333333333333 0.233333333333333 0.1
0 0.0555555555555556 0 0.333333333333333 0.111111111111111 0.0555555555555556 0.0555555555555556 0.444444444444444 0.555555555555556 0.444444444444444 0.5 1.5 1.22222222222222 0.777777777777778 2.38888888888889 1.05555555555556
0 0 0.111111111111111 0.333333333333333 0.0555555555555556 0.388888888888889 0 0.166666666666667 0.166666666666667 1.22222222222222 0.944444444444444 1.05555555555556 0.666666666666667 0.333333333333333 1.72222222222222 0.944444444444444
