0.78125 0.4375 0.0625 0.03125 1.1875 0.8125 0.4375 0.0625 0.03125 0.28125 0.5625 0.4375 0.5625 0.125 0 0.0625
0.0471698113207547 12.2830188679245 0.273584905660377 0.0849056603773585 0.377358490566038 0.915094339622642 1.16037735849057 0.330188679245283 0.132075471698113 0.216981132075472 0.245283018867925 0.462264150943396 0.245283018867925 0.179245283018868 0.0566037735849057 0.0188679245283019
0 0.272727272727273 21.5151515151515 1.18181818181818 0.424242424242424 0.666666666666667 1.56060606060606 0.757575757575758 0.590909090909091 0.212121212121212 0.227272727272727 0.136363636363636 0.303030303030303 0.0151515151515152 0.121212121212121 0.0303030303030303
0.0493827160493827 0.0123456790123457 1.28395061728395 4.09876543209877 2.12345679012346 2.35802469135802 3.14814814814815 2.62962962962963 2.79012345679012 1.67901234567901 1.50617283950617 0.679012345679012 0.172839506172839 0.197530864197531 0.234567901234568 0.382716049382716
0.0757575757575758 0.257575757575758 0.121212121212121 1.31818181818182 2.65151515151515 2.95454545454545 4.03030303030303 2.36363636363636 2.74242424242424 2.18181818181818 1.83333333333333 1.40909090909091 0.803030303030303 0.545454545454545 0.196969696969697 0.545454545454545
0.127906976744186 0.616279069767442 0.232558139534884 1.54651162790698 2.74418604651163 4.15116279069767 5.36046511627907 2.74418604651163 3.26744186046512 1.97674418604651 1.96511627906977 0.86046511627907 0.441860465116279 0.186046511627907 0.0581395348837209 0.127906976744186
0.0746268656716418 0.537313432835821 0.462686567164179 0.955223880597015 2.17910447761194 2.19402985074627 3.41791044776119 1.91044776119403 2.49253731343284 1.11940298507463 1.2089552238806 0.746268656716418 0.537313432835821 0.119402985074627 0.0746268656716418 0.0746268656716418
0 0.184615384615385 0.338461538461538 0.953846153846154 1.98461538461538 2.76923076923077 3.47692307692308 2.10769230769231 3.01538461538462 1.50769230769231 0.723076923076923 0.323076923076923 0.784615384615385 0.415384615384615 0.307692307692308 0.153846153846154
0.0125 0.125 0.2 1.3 1.4375 1.8 2.5125 2.0375 2.5875 1.7625 0.8375 0.5875 0.4125 0.4 0.55 0.2625
0 0.216867469879518 0.168674698795181 1.24096385542169 2.03614457831325 1.65060240963855 2.81927710843373 2.57831325301205 3.28915662650602 2.1566265060241 1.79518072289157 1.2289156626506 0.867469879518072 0.650602409638554 0.397590361445783 0.734939759036145
0.0606060606060606 0.166666666666667 0.0303030303030303 0.666666666666667 1.03030303030303 1.65151515151515 1.66666666666667 1.01515151515152 1.46969696969697 1.45454545454545 2.27272727272727 1.28787878787879 0.621212121212121 1.39393939393939 0.46969696969697 1.96969696969697
0.0192307692307692 0.153846153846154 0.0384615384615385 0.346153846153846 0.865384615384615 1 1.19230769230769 0.942307692307692 1.07692307692308 1.13461538461538 2.21153846153846 2.03846153846154 1.38461538461538 0.634615384615385 0.403846153846154 0.442307692307692
0.02 0.1 0 0.24 0.32 0.32 1.32 0.92 1.12 0.8 1.08 1.56 3.06 0.76 0.6 1
0 0.233333333333333 0.0666666666666667 0.133333333333333 0.166666666666667 0.3 0.566666666666667 0.9 0.566666666666667 0.433333333333333 0.166666666666667 0.966666666666667 2.2 1.03333333333333 0.866666666666667 0.233333333333333
0 0 0 0.611111111111111 0.222222222222222 0.111111111111111 0.111111111111111 0.388888888888889 0.666666666666667 0.444444444444444 0.277777777777778 1.33333333333333 0.222222222222222 0.444444444444444 1.94444444444444 0.777777777777778
0 0 0 0.222222222222222 0.222222222222222 0.166666666666667 0.0555555555555556 0.166666666666667 0.166666666666667 0.555555555555556 0.444444444444444 0.333333333333333 0.277777777777778 0.444444444444444 2.88888888888889 1.77777777777778
