0 0.09375 0.0625 0 0.46875 1.15625 0.625 0.125 0.03125 0.15625 0.3125 0.625 0.84375 0.125 0 0.09375
0.160377358490566 12.3679245283019 0.537735849056604 0.179245283018868 0.39622641509434 0.962264150943396 0.886792452830189 0.292452830188679 0.283018867924528 0.19811320754717 0.320754716981132 0.622641509433962 0.415094339622642 0.0754716981132075 0.0566037735849057 0.0188679245283019
0 1.36363636363636 16.2424242424242 1.25757575757576 0.424242424242424 0.545454545454545 1.24242424242424 1.33333333333333 0.53030303030303 0.363636363636364 0.348484848484849 0.0909090909090909 0.348484848484849 0.0757575757575758 0.242424242424242 0.0303030303030303
0.111111111111111 0.037037037037037 0.54320987654321 5.4320987654321 1.96296296296296 2.14814814814815 2.5679012345679 2.23456790123457 2.66666666666667 1.65432098765432 1.08641975308642 0.382716049382716 0.160493827160494 0.123456790123457 0.148148148148148 0.197530864197531
0.0303030303030303 0.196969696969697 0.242424242424242 1.60606060606061 3.66666666666667 3.10606060606061 3.93939393939394 2.43939393939394 3.24242424242424 2.10606060606061 2.15151515151515 0.757575757575758 0.545454545454545 0.333333333333333 0.106060606060606 0.363636363636364
0.174418604651163 0.569767441860465 0.244186046511628 1.51162790697674 2.61627906976744 3.61627906976744 4.19767441860465 2.3953488372093 3.19767441860465 2.04651162790698 2.04651162790698 0.825581395348837 0.406976744186047 0.174418604651163 0.162790697674419 0.13953488372093
0.134328358208955 0.388059701492537 0.283582089552239 0.701492537313433 1.1044776119403 1.76119402985075 2.53731343283582 1.76119402985075 1.80597014925373 0.686567164179104 0.746268656716418 0.552238805970149 0.253731343283582 0.194029850746269 0.0298507462686567 0.0597014925373134
0 0.123076923076923 0.415384615384615 0.738461538461539 1.53846153846154 1.90769230769231 3.30769230769231 1.83076923076923 2.61538461538462 1.32307692307692 0.661538461538462 0.661538461538462 1.09230769230769 0.646153846153846 0.353846153846154 0.338461538461538
0 0.25 0.3375 1.475 1.725 2.3875 2.4125 2.5 2.475 2.0375 1.125 0.425 0.475 0.325 0.5875 0.2125
0.0240963855421687 0.168674698795181 0.301204819277108 1.25301204819277 2.01204819277108 1.57831325301205 2.92771084337349 2.30120481927711 2.65060240963855 2.09638554216867 1.75903614457831 2 0.951807228915663 0.63855421686747 0.542168674698795 0.91566265060241
0.0303030303030303 0.181818181818182 0.0303030303030303 0.878787878787879 1.62121212121212 2.03030303030303 2.37878787878788 1.66666666666667 2.07575757575758 0.833333333333333 2.37878787878788 1.10606060606061 0.424242424242424 0.515151515151515 0.348484848484849 0.803030303030303
0.0192307692307692 0.115384615384615 0.134615384615385 0.173076923076923 0.442307692307692 0.711538461538462 0.884615384615385 0.884615384615385 0.903846153846154 0.942307692307692 1.42307692307692 2.13461538461538 2.28846153846154 0.923076923076923 0.653846153846154 0.423076923076923
0 0.18 0.14 0.24 0.32 0.56 0.94 0.8 0.88 0.42 1.2 1.3 4.18 0.74 0.78 0.88
0 0.233333333333333 0.166666666666667 0 0.3 0 0.566666666666667 0.833333333333333 0.333333333333333 0.4 0.1 0.833333333333333 1.4 0.833333333333333 1.23333333333333 0.133333333333333
0 0 0.0555555555555556 0.111111111111111 0.166666666666667 0 0.166666666666667 0.222222222222222 0.777777777777778 0.333333333333333 0.777777777777778 0.5 0.888888888888889 1.05555555555556 1 2.38888888888889
0 0 0.0555555555555556 0.222222222222222 0.222222222222222 0.166666666666667 0.0555555555555556 0.166666666666667 0.166666666666667 0.777777777777778 0.833333333333333 0.722222222222222 0.5 0.444444444444444 2.94444444444444 1.83333333333333
