0.65625 0.40625 0 0.03125 1.375 1 0.875 0.0625 0.03125 0.0625 0.78125 0.71875 0.71875 0.0625 0 0.1875
0.160377358490566 12.4905660377358 0.415094339622642 0.179245283018868 0.245283018867925 0.80188679245283 1.05660377358491 0.311320754716981 0.19811320754717 0.150943396226415 0.292452830188679 0.556603773584906 0.433962264150943 0.10377358490566 0.0377358490566038 0.0188679245283019
0 1.22727272727273 20.4545454545455 1.18181818181818 0.424242424242424 0.681818181818182 1.40909090909091 1.09090909090909 0.636363636363636 0.181818181818182 0.303030303030303 0.121212121212121 0.303030303030303 0.0454545454545455 0.181818181818182 0.0606060606060606
0.037037037037037 0 0.54320987654321 5.50617283950617 2.07407407407407 2.4320987654321 2.88888888888889 1.98765432098765 2.90123456790123 1.66666666666667 1.41975308641975 0.382716049382716 0.0987654320987654 0.0740740740740741 0.148148148148148 0.172839506172839
0.0606060606060606 0.0606060606060606 0.136363636363636 1.28787878787879 2.57575757575758 2.36363636363636 3.03030303030303 2.01515151515152 2.53030303030303 1.57575757575758 1.34848484848485 0.712121212121212 0.424242424242424 0.287878787878788 0.0909090909090909 0.257575757575758
0.151162790697674 0.581395348837209 0.151162790697674 1.76744186046512 2.94186046511628 4.44186046511628 5.84883720930233 3.02325581395349 4.15116279069767 2.58139534883721 1.94186046511628 1.38372093023256 0.779069767441861 0.395348837209302 0.232558139534884 0.383720930232558
0.0447761194029851 0.522388059701492 0.388059701492537 0.850746268656716 1.34328358208955 2.26865671641791 2.94029850746269 1.71641791044776 2.62686567164179 1.55223880597015 1.67164179104478 0.746268656716418 0.477611940298507 0.119402985074627 0.0746268656716418 0.0746268656716418
0 0.307692307692308 0.4 1.26153846153846 1.73846153846154 2.38461538461538 3.27692307692308 2.90769230769231 3.24615384615385 1.21538461538462 0.846153846153846 0.107692307692308 0.169230769230769 0.323076923076923 0.0769230769230769 0.0153846153846154
0 0.0875 0.3375 1.625 2.05 3.4875 2.975 3.0375 3.2625 2.2875 1.25 0.575 0.5875 0.4 0.4125 0.1375
0.036144578313253 0.204819277108434 0.253012048192771 0.951807228915663 1.42168674698795 1.37349397590361 2.4578313253012 2.04819277108434 2.14457831325301 1.36144578313253 1.57831325301205 1.16867469879518 0.759036144578313 0.566265060240964 0.506024096385542 0.746987951807229
0.0454545454545455 0.121212121212121 0 0.303030303030303 0.863636363636364 1.01515151515152 1.34848484848485 1.06060606060606 1.39393939393939 1.62121212121212 2.39393939393939 1.24242424242424 0.590909090909091 0.484848484848485 0.409090909090909 0.696969696969697
0 0.0769230769230769 0.0961538461538462 0.326923076923077 0.884615384615385 1.07692307692308 1.25 0.942307692307692 1.32692307692308 1.07692307692308 1.57692307692308 1.34615384615385 0.826923076923077 0.403846153846154 0.192307692307692 0.442307692307692
0.02 0.12 0.08 0.1 0.26 0.48 0.96 0.76 1.24 1.02 1.2 2.58 5.5 1.58 1.66 1.3
0 0.133333333333333 0.1 0.233333333333333 0.0333333333333333 0.2 0.566666666666667 0.366666666666667 0.833333333333333 0.666666666666667 0.5 0.7 2.06666666666667 1.06666666666667 1.03333333333333 0.166666666666667
0 0 0 0.166666666666667 0 0 0.0555555555555556 0.166666666666667 0.444444444444444 0.277777777777778 0.166666666666667 0.277777777777778 0.722222222222222 0.944444444444444 2.11111111111111 0.722222222222222
0 0 0.0555555555555556 0 0.333333333333333 0.166666666666667 0.166666666666667 0.0555555555555556 0.277777777777778 0.333333333333333 1 1.05555555555556 1 0.722222222222222 2.94444444444444 2.22222222222222
