0.0625 0.125 0 0.0625 0.625 0.84375 0.71875 0.03125 0.03125 0.21875 0.375 0.5625 0.71875 0.125 0 0.09375
0.240963855421687 12.2048192771084 1.95180722891566 0.144578313253012 0.554216867469879 1.08433734939759 1.10843373493976 0.228915662650602 0.072289156626506 0.216867469879518 0.409638554216867 0.385542168674699 0.506024096385542 0.108433734939759 0 0
0 1.10112359550562 21 1.25842696629213 0.47191011235955 0.797752808988764 1.48314606741573 1.19101123595506 0.51685393258427 0.247191011235955 0.235955056179775 0.112359550561798 0.438202247191011 0 0.314606741573034 0.0449438202247191
0.0740740740740741 0.0246913580246914 0.790123456790123 5.16049382716049 2.33333333333333 2.71604938271605 2.97530864197531 2.80246913580247 2.80246913580247 1.62962962962963 1.11111111111111 0.654320987654321 0.197530864197531 0.234567901234568 0.308641975308642 0.54320987654321
0.0757575757575757 0.242424242424242 0.227272727272727 1.27272727272727 2.5 2.95454545454545 3.62121212121212 2.06060606060606 2.42424242424242 1.78787878787879 1.78787878787879 0.621212121212121 0.454545454545454 0.303030303030303 0.0909090909090909 0.257575757575758
0.13953488372093 0.569767441860465 0.186046511627907 2.05813953488372 2.95348837209302 4.95348837209302 5.95348837209302 3.41860465116279 4.03488372093023 2.33720930232558 2.23255813953488 1.01162790697674 0.627906976744186 0.290697674418605 0.162790697674419 0.255813953488372
0.164179104477612 0.298507462686567 0.402985074626866 0.537313432835821 1.22388059701493 2.43283582089552 3.11940298507463 2.13432835820895 2.55223880597015 1.50746268656716 1.86567164179104 0.492537313432836 0.26865671641791 0.17910447761194 0.0597014925373134 0.0298507462686567
0 0.123076923076923 0.538461538461538 1.12307692307692 1.43076923076923 1.70769230769231 2.56923076923077 2.30769230769231 2.55384615384615 1.03076923076923 0.707692307692308 0.461538461538462 1 0.584615384615385 0.384615384615385 0.276923076923077
0.0125 0.125 0.3625 1.725 2.0875 3.2125 3.1875 2.925 2.8 2.175 1.45 0.85 0.5875 0.4875 0.6625 0.35
0.0120481927710843 0.0843373493975904 0.240963855421687 1.06024096385542 1.92771084337349 1.51807228915663 2.73493975903614 2.44578313253012 2.39759036144578 2.39759036144578 1.91566265060241 0.927710843373494 0.421686746987952 0.337349397590361 0.337349397590361 0.325301204819277
0.0151515151515152 0.166666666666667 0.0757575757575757 0.696969696969697 1.1969696969697 1.78787878787879 2.06060606060606 1.42424242424242 1.57575757575758 1.12121212121212 2.18181818181818 1.09090909090909 0.439393939393939 1.54545454545455 0.257575757575758 0.757575757575757
0 0.0576923076923077 0.134615384615385 0.0192307692307692 0.173076923076923 0.5 0.615384615384615 0.557692307692308 0.423076923076923 0.75 1.38461538461538 1.80769230769231 1.73076923076923 0.326923076923077 0.192307692307692 0.403846153846154
0.02 0.42 0.06 0.04 0.2 0.2 0.56 0.42 0.72 0.62 1.5 1.12 2.78 0.88 0.88 0.7
0 0.0333333333333333 0.1 0.0333333333333333 0.133333333333333 0 0.0666666666666667 0.1 0.233333333333333 0.233333333333333 0.1 0.533333333333333 1.33333333333333 0.633333333333333 0.8 0.0666666666666667
0 0 0.0555555555555556 0 0.222222222222222 0 0.222222222222222 0.277777777777778 0.388888888888889 0.166666666666667 0.333333333333333 0.666666666666667 1.38888888888889 0.833333333333333 2.72222222222222 0.611111111111111
0 0 0 0.111111111111111 0.444444444444444 0.0555555555555556 0.111111111111111 0.166666666666667 0.222222222222222 0.444444444444444 0.888888888888889 0.833333333333333 0.944444444444444 0.888888888888889 3.16666666666667 3.22222222222222
