0.65625 0.375 0 0.03125 1.1875 0.78125 0.59375 0.03125 0 0.125 0.4375 0.71875 0.46875 0.03125 0 0.03125
0.397590361445783 9.09638554216867 0.831325301204819 0.27710843373494 0.469879518072289 1.32530120481928 1.07228915662651 0.337349397590361 0.144578313253012 0.120481927710843 0.674698795180723 0.481927710843373 0.506024096385542 0.108433734939759 0.0120481927710843 0.036144578313253
0 0.584269662921348 20.4494382022472 0.797752808988764 0.325842696629214 0.50561797752809 1.23595505617978 0.831460674157303 0.449438202247191 0.325842696629214 0.146067415730337 0.168539325842697 0.449438202247191 0.0449438202247191 0.0674157303370786 0.0561797752808989
0.037037037037037 0.0123456790123457 0.419753086419753 6.61728395061728 2.67901234567901 2.5679012345679 3.19753086419753 2.69135802469136 2.97530864197531 1.61728395061728 1.41975308641975 0.345679012345679 0.135802469135802 0.160493827160494 0.234567901234568 0.407407407407407
0.0757575757575758 0.181818181818182 0.121212121212121 1.01515151515152 2.51515151515152 2.12121212121212 2.1969696969697 1.62121212121212 2.03030303030303 1.48484848484848 1.33333333333333 1.13636363636364 0.666666666666667 0.439393939393939 0.151515151515152 0.409090909090909
0.116279069767442 0.732558139534884 0.22093023255814 1.38372093023256 2.7093023255814 4.1046511627907 4.2093023255814 2.77906976744186 3.5 2.22093023255814 1.84883720930233 1.08139534883721 0.534883720930233 0.174418604651163 0.116279069767442 0.197674418604651
0.0597014925373134 0.26865671641791 0.552238805970149 0.567164179104478 1.59701492537313 2.67164179104478 3.41791044776119 2.37313432835821 3.02985074626866 2 2.2089552238806 0.73134328358209 0.283582089552239 0.17910447761194 0.0746268656716418 0.0895522388059701
0 0.261538461538462 0.415384615384615 0.938461538461538 1.78461538461538 2.27692307692308 3.49230769230769 2.30769230769231 2.75384615384615 1.56923076923077 1.23076923076923 0.476923076923077 0.538461538461538 0.584615384615385 0.2 0.0923076923076923
0.0375 0.0625 0.4 1.4 1.725 2.2375 2.375 2.325 3.075 1.7875 1.1125 0.7625 0.4125 0.5375 0.5125 0.275
0.0240963855421687 0.108433734939759 0.204819277108434 0.795180722891566 1.74698795180723 1 2.27710843373494 2.03614457831325 2.31325301204819 1.90361445783133 1.60240963855422 2.43373493975904 1.48192771084337 1.08433734939759 0.698795180722892 1.25301204819277
0.0303030303030303 0.136363636363636 0.0151515151515152 0.515151515151515 0.909090909090909 1.65151515151515 1.6969696969697 0.909090909090909 1.62121212121212 1.3030303030303 1.74242424242424 0.909090909090909 0.378787878787879 0.984848484848485 0.151515151515152 0.787878787878788
0 0.0384615384615385 0.173076923076923 0.403846153846154 1.07692307692308 0.980769230769231 1.55769230769231 1.09615384615385 1.59615384615385 1.13461538461538 2 2.15384615384615 1.80769230769231 1 0.692307692307692 0.634615384615385
0 0.34 0.1 0.26 0.58 0.7 1.14 1.22 1.22 0.7 1.12 1.48 4.32 1.18 1.24 0.68
0.0666666666666667 0.133333333333333 0.3 0.1 0.466666666666667 0.166666666666667 0.666666666666667 0.666666666666667 0.733333333333333 1.26666666666667 0.733333333333333 1.36666666666667 1.06666666666667 1.5 1.86666666666667 0.633333333333333
0 0 0 0.611111111111111 0 0.111111111111111 0 0.388888888888889 0.555555555555556 0.777777777777778 0.388888888888889 0.944444444444444 0.333333333333333 0.5 1.83333333333333 0.277777777777778
0 0 0.111111111111111 0.222222222222222 0.166666666666667 0.277777777777778 0.166666666666667 0.166666666666667 0.222222222222222 1.16666666666667 1.5 1.16666666666667 0.944444444444444 0.555555555555556 2.33333333333333 2.27777777777778
