1.25 0.78125 0.125 0 0.65625 0.9375 0.8125 0.09375 0.03125 0.25 0.28125 0.8125 0.71875 0.21875 0 0.09375
0.179245283018868 14.0754716981132 0.339622641509434 0.141509433962264 0.30188679245283 0.924528301886792 1.30188679245283 0.320754716981132 0.264150943396226 0.132075471698113 0.283018867924528 0.462264150943396 0.481132075471698 0.0943396226415094 0.0566037735849057 0.0377358490566038
0 0.0303030303030303 20.8939393939394 1.1969696969697 0.348484848484849 0.53030303030303 1.33333333333333 1.3030303030303 0.560606060606061 0.439393939393939 0.242424242424242 0.151515151515152 0.303030303030303 0.151515151515152 0.121212121212121 0.0303030303030303
0.0864197530864197 0.0123456790123457 1.37037037037037 6.61728395061728 1.8641975308642 2.76543209876543 3.20987654320988 2.80246913580247 3.22222222222222 1.79012345679012 1.27160493827161 0.555555555555556 0.160493827160494 0.185185185185185 0.185185185185185 0.419753086419753
0.0303030303030303 0.227272727272727 0.0757575757575758 1.28787878787879 2.81818181818182 2.36363636363636 3.57575757575758 2.04545454545455 2.48484848484848 2.03030303030303 1.78787878787879 0.5 0.46969696969697 0.303030303030303 0.0303030303030303 0.242424242424242
0.162790697674419 0.697674418604651 0.232558139534884 1.84883720930233 2.96511627906977 4.62790697674419 4.98837209302326 3.24418604651163 3.51162790697674 2.38372093023256 1.7906976744186 1.11627906976744 0.63953488372093 0.209302325581395 0.13953488372093 0.22093023255814
0.0447761194029851 0.343283582089552 0.298507462686567 1.29850746268657 1.64179104477612 3.1044776119403 3.64179104477612 2.53731343283582 2.80597014925373 1.70149253731343 1.6865671641791 0.686567164179104 0.388059701492537 0.26865671641791 0.0895522388059701 0.104477611940299
0 0.230769230769231 0.384615384615385 0.969230769230769 1.15384615384615 2.03076923076923 2.76923076923077 2.23076923076923 3.03076923076923 1 0.738461538461539 0.369230769230769 0.384615384615385 0.323076923076923 0.0923076923076923 0.123076923076923
0.0125 0.15 0.3 1.275 1.55 2.2375 2.3375 2.425 2.3 1.675 1.1375 0.65 0.3125 0.5 0.725 0.325
0.0120481927710843 0.289156626506024 0.397590361445783 1.31325301204819 1.78313253012048 1.72289156626506 2.75903614457831 2.44578313253012 2.60240963855422 2.03614457831325 1.34939759036145 1.24096385542169 0.506024096385542 0.481927710843373 0.397590361445783 0.566265060240964
0.0606060606060606 0.0454545454545455 0.0151515151515152 0.363636363636364 0.818181818181818 1.24242424242424 1.75757575757576 1 1.46969696969697 1.48484848484848 2.65151515151515 1.01515151515152 0.621212121212121 1.16666666666667 0.454545454545455 0.318181818181818
0.0192307692307692 0.134615384615385 0.0769230769230769 0.307692307692308 0.961538461538462 1.15384615384615 1.32692307692308 1.05769230769231 1.15384615384615 1.07692307692308 1.46153846153846 1.46153846153846 1 0.288461538461538 0.134615384615385 0.423076923076923
0.02 0.2 0.08 0.04 0.18 0.34 0.44 0.48 0.44 0.24 1.32 1.24 4.06 0.82 0.82 0.46
0 0.266666666666667 0.166666666666667 0.0333333333333333 0.166666666666667 0.133333333333333 0.233333333333333 0.7 0.466666666666667 0.766666666666667 0.766666666666667 1.03333333333333 2.13333333333333 1.03333333333333 1.4 0.166666666666667
0 0.0555555555555556 0.0555555555555556 0.222222222222222 0.333333333333333 0.0555555555555556 0.166666666666667 0.444444444444444 0.444444444444444 0.555555555555556 0.666666666666667 1.05555555555556 1 0.722222222222222 0.888888888888889 1.16666666666667
0 0 0.111111111111111 0 0.111111111111111 0.333333333333333 0.444444444444444 0 0.444444444444444 0.388888888888889 1.16666666666667 2.22222222222222 1.83333333333333 1.16666666666667 3.27777777777778 1.44444444444444
