0.71875 0.375 0.0625 0.03125 0.84375 0.90625 0.65625 0.125 0.03125 0.21875 0.5 0.6875 0.5 0.09375 0 0.15625
0.228915662650602 9.90361445783133 1.18072289156627 0.325301204819277 0.650602409638554 1.19277108433735 1.14457831325301 0.409638554216867 0.192771084337349 0.144578313253012 0.469879518072289 0.626506024096386 0.506024096385542 0.168674698795181 0 0.036144578313253
0 1.01123595505618 20.0561797752809 1.0561797752809 0.831460674157303 0.97752808988764 1.52808988764045 1.26966292134831 0.898876404494382 0.393258426966292 0.359550561797753 0.168539325842697 0.370786516853933 0.0449438202247191 0.235955056179775 0.0224719101123595
0.0740740740740741 0.0617283950617284 0.876543209876543 3.5679012345679 1.59259259259259 1.53086419753086 2.59259259259259 1.74074074074074 2.23456790123457 1.37037037037037 0.864197530864197 0.395061728395062 0.271604938271605 0.160493827160494 0.148148148148148 0.234567901234568
0.0606060606060606 0.151515151515152 0.166666666666667 1 2.66666666666667 2.5 3.78787878787879 2.04545454545455 2.62121212121212 1.93939393939394 1.95454545454545 0.712121212121212 0.484848484848485 0.196969696969697 0.121212121212121 0.303030303030303
0.209302325581395 0.755813953488372 0.465116279069767 1.97674418604651 3.26744186046512 4.84883720930233 5.23255813953488 3.32558139534884 4.11627906976744 2.23255813953488 2.36046511627907 1.27906976744186 0.755813953488372 0.348837209302326 0.186046511627907 0.325581395348837
0.0895522388059701 0.26865671641791 0.552238805970149 0.955223880597015 1.6865671641791 2.98507462686567 3.38805970149254 2.05970149253731 3.47761194029851 1.77611940298507 2.04477611940298 0.761194029850746 0.238805970149254 0.194029850746269 0.104477611940299 0.0895522388059701
0 0.107692307692308 0.507692307692308 1.23076923076923 1.44615384615385 2.35384615384615 3.44615384615385 2.6 3.10769230769231 1.29230769230769 0.830769230769231 0.446153846153846 0.538461538461538 0.553846153846154 0.307692307692308 0.138461538461538
0.0125 0.175 0.425 1.35 1.6375 2.1125 2.3375 2.6375 2.65 2.25 1.0625 0.6125 0.3875 0.3875 0.3375 0.1875
0.0120481927710843 0.120481927710843 0.44578313253012 1.1566265060241 1.65060240963855 1.53012048192771 2.83132530120482 2.44578313253012 2.60240963855422 1.98795180722892 1.09638554216867 1.43373493975904 0.819277108433735 0.734939759036145 0.626506024096386 0.614457831325301
0.0303030303030303 0.166666666666667 0.0454545454545455 0.636363636363636 0.96969696969697 1.24242424242424 1.86363636363636 0.96969696969697 1.37878787878788 1.56060606060606 1.6969696969697 0.696969696969697 0.636363636363636 2.10606060606061 0.318181818181818 0.378787878787879
0.0384615384615385 0.115384615384615 0.0576923076923077 0.480769230769231 1.30769230769231 1.80769230769231 1.44230769230769 1.19230769230769 1.05769230769231 1.73076923076923 1.28846153846154 1.67307692307692 1 0.519230769230769 0.192307692307692 0.288461538461538
0.02 0.2 0.08 0.46 0.64 1.06 1.24 1.98 1.08 1.04 1.4 1.56 3.16 1.32 0.8 0.9
0 0.0666666666666667 0.1 0.166666666666667 0.166666666666667 0.266666666666667 0.366666666666667 0.633333333333333 1 0.333333333333333 0.4 1.43333333333333 1.63333333333333 0.966666666666667 1.23333333333333 0.333333333333333
0 0 0.166666666666667 0.111111111111111 0 0 0 0.777777777777778 0.5 0.222222222222222 1.72222222222222 2.88888888888889 0.722222222222222 1.27777777777778 1.44444444444444 1.83333333333333
0 0 0.0555555555555556 0.111111111111111 0.111111111111111 0.222222222222222 0.111111111111111 0.0555555555555556 0.222222222222222 0.388888888888889 0.611111111111111 0.5 0.722222222222222 0.222222222222222 2.55555555555556 1.22222222222222
