0 0.03125 0.09375 0.03125 2.125 0.875 1.21875 0.0625 0 0 0.84375 0.5625 0.53125 0.125 0 0.03125
0.339622641509434 11.6037735849057 0.386792452830189 0.30188679245283 0.537735849056604 1.04716981132075 1.18867924528302 0.386792452830189 0.188679245283019 0.0943396226415094 0.39622641509434 0.566037735849057 0.584905660377358 0.179245283018868 0.0377358490566038 0.0188679245283019
0 1.92424242424242 21.6060606060606 1.24242424242424 0.606060606060606 0.787878787878788 1.51515151515152 1.25757575757576 0.696969696969697 0.515151515151515 0.303030303030303 0.0606060606060606 0.409090909090909 0.0606060606060606 0.166666666666667 0.106060606060606
0.0493827160493827 0 0.148148148148148 3.88888888888889 2.46913580246914 2.1358024691358 2.95061728395062 2.25925925925926 2.82716049382716 1.53086419753086 1.28395061728395 1.01234567901235 0.37037037037037 0.345679012345679 0.308641975308642 0.469135802469136
0.0303030303030303 0.212121212121212 0.181818181818182 1.71212121212121 3.12121212121212 3.04545454545455 3.83333333333333 2.53030303030303 2.89393939393939 2.40909090909091 2.01515151515152 0.560606060606061 0.378787878787879 0.196969696969697 0.0606060606060606 0.242424242424242
0.104651162790698 0.697674418604651 0.348837209302326 1.96511627906977 2.97674418604651 4.93023255813953 5.17441860465116 3.3953488372093 4.03488372093023 2.62790697674419 2.23255813953488 1.12790697674419 0.686046511627907 0.453488372093023 0.197674418604651 0.348837209302326
0.0597014925373134 0.492537313432836 0.447761194029851 0.656716417910448 1.58208955223881 2.2089552238806 3.13432835820896 2.02985074626866 2.49253731343284 1.16417910447761 1.47761194029851 0.671641791044776 0.492537313432836 0.134328358208955 0.0895522388059701 0.0597014925373134
0 0.292307692307692 0.184615384615385 0.707692307692308 0.784615384615385 1.13846153846154 2.16923076923077 1.73846153846154 1.67692307692308 0.676923076923077 0.584615384615385 0.384615384615385 0.369230769230769 0.184615384615385 0.107692307692308 0.0307692307692308
0.0125 0.1375 0.425 1.3 1.875 2.525 2.7625 2.7875 2.9125 1.7375 1.1125 0.5875 0.4375 0.3125 0.4375 0.15
0.0120481927710843 0.240963855421687 0.216867469879518 1 1.67469879518072 1.32530120481928 2.21686746987952 2.18072289156627 1.86746987951807 2.08433734939759 1.50602409638554 1.79518072289157 1.02409638554217 0.674698795180723 0.590361445783133 1.30120481927711
0.0303030303030303 0.212121212121212 0 0.515151515151515 1.46969696969697 1.77272727272727 1.78787878787879 1.53030303030303 1.95454545454545 1.25757575757576 2.53030303030303 0.924242424242424 0.287878787878788 1.48484848484848 0.484848484848485 0.590909090909091
0 0.0384615384615385 0.153846153846154 0.403846153846154 0.961538461538462 1.19230769230769 1.46153846153846 1.38461538461538 1.21153846153846 1.42307692307692 1.55769230769231 1.71153846153846 1.63461538461538 0.461538461538462 0.288461538461538 0.307692307692308
0.04 0.12 0.1 0.06 0.48 0.46 0.58 0.46 0.48 0.42 0.98 1.22 3.4 0.92 0.42 0.44
0 0.433333333333333 0.0666666666666667 0.1 0.166666666666667 0.0333333333333333 0.533333333333333 0.566666666666667 0.933333333333333 0.5 0.4 1.96666666666667 2.13333333333333 2.46666666666667 1.2 0.7
0 0 0 0.166666666666667 0 0 0 0.111111111111111 0.333333333333333 0.166666666666667 0.555555555555556 2.22222222222222 1.27777777777778 1.38888888888889 4.16666666666667 0.833333333333333
0 0 0.0555555555555556 0.666666666666667 0.277777777777778 0.166666666666667 0 0.333333333333333 0.333333333333333 1.61111111111111 0.833333333333333 0.833333333333333 0.277777777777778 0.166666666666667 2.94444444444444 1.72222222222222
