0.59375 0.40625 0 0 0.71875 0.78125 0.96875 0.03125 0 0.1875 0.1875 0.71875 0.8125 0.03125 0 0.09375
0.150943396226415 13.688679245283 0.443396226415094 0.10377358490566 0.292452830188679 0.849056603773585 1.19811320754717 0.39622641509434 0.141509433962264 0.141509433962264 0.235849056603774 0.566037735849057 0.462264150943396 0.160377358490566 0.0377358490566038 0.0188679245283019
0 1.84848484848485 16.530303030303 1.27272727272727 0.636363636363636 0.378787878787879 1.46969696969697 1.13636363636364 0.787878787878788 0.5 0.242424242424242 0.0606060606060606 0.303030303030303 0.0757575757575758 0.227272727272727 0.0454545454545455
0.0617283950617284 0.0123456790123457 0.530864197530864 5.4320987654321 2.25925925925926 2.88888888888889 3.75308641975309 2.97530864197531 3.14814814814815 1.85185185185185 1.48148148148148 0.395061728395062 0.148148148148148 0.160493827160494 0.209876543209877 0.259259259259259
0.0303030303030303 0.181818181818182 0.0757575757575758 1.27272727272727 1.96969696969697 1.87878787878788 2.59090909090909 1.59090909090909 1.92424242424242 1.27272727272727 1.45454545454545 0.954545454545455 0.515151515151515 0.303030303030303 0.0757575757575758 0.242424242424242
0.151162790697674 0.732558139534884 0.13953488372093 1.62790697674419 2.61627906976744 3.75581395348837 4.09302325581395 2.59302325581395 2.56976744186047 1.74418604651163 1.58139534883721 1.26744186046512 0.802325581395349 0.232558139534884 0.255813953488372 0.325581395348837
0.0895522388059701 0.253731343283582 0.388059701492537 0.746268656716418 1.83582089552239 2.43283582089552 3.58208955223881 2.04477611940298 2.56716417910448 1.73134328358209 1.83582089552239 0.641791044776119 0.238805970149254 0.253731343283582 0.0298507462686567 0.0895522388059701
0 0.292307692307692 0.369230769230769 0.923076923076923 1.47692307692308 2.15384615384615 2.72307692307692 2.12307692307692 2.81538461538462 1.13846153846154 0.769230769230769 0.215384615384615 0.446153846153846 0.307692307692308 0.107692307692308 0
0.0375 0.2125 0.3875 2.2375 2.8 3.9375 3.8125 3.5125 3.1125 2.5625 1.7875 0.5125 0.675 0.3625 0.375 0.1375
0.0481927710843374 0.216867469879518 0.204819277108434 1.21686746987952 1.79518072289157 1.50602409638554 2.49397590361446 2.49397590361446 3.32530120481928 1.86746987951807 1.44578313253012 1.28915662650602 0.662650602409639 0.626506024096386 0.626506024096386 0.469879518072289
0.0151515151515152 0.212121212121212 0.0151515151515152 0.409090909090909 1.24242424242424 1.3030303030303 2 1.21212121212121 1.42424242424242 1.43939393939394 2.51515151515152 0.863636363636364 0.515151515151515 0.606060606060606 0.287878787878788 0.424242424242424
0 0.211538461538462 0.134615384615385 0.25 0.538461538461538 0.961538461538462 1.17307692307692 0.576923076923077 0.961538461538462 0.903846153846154 2.32692307692308 1.80769230769231 1.63461538461538 0.807692307692308 0.365384615384615 0.403846153846154
0.04 0.12 0.06 0.28 0.48 0.58 0.76 1.16 0.68 0.5 0.94 1.36 3.3 0.66 0.54 0.64
0 0.133333333333333 0.1 0.2 0.2 0.166666666666667 0.433333333333333 0.466666666666667 0.866666666666667 0.233333333333333 0.3 1.4 1.6 1.93333333333333 1.23333333333333 0.366666666666667
0 0 0.0555555555555556 0.0555555555555556 0 0 0.0555555555555556 0.111111111111111 0.444444444444444 0.277777777777778 0.166666666666667 0.5 0.944444444444444 1 2.61111111111111 0.722222222222222
0 0 0.0555555555555556 0.111111111111111 0.333333333333333 0.222222222222222 0.111111111111111 0.222222222222222 0.111111111111111 0.722222222222222 1.05555555555556 1.22222222222222 1.27777777777778 1.16666666666667 2.5 2.83333333333333
