0.65625 0.40625 0.03125 0 0.875 0.9375 0.5625 0 0 0.28125 0.28125 0.59375 0.4375 0.09375 0 0
0.235849056603774 11.8301886792453 0.19811320754717 0.113207547169811 0.330188679245283 0.915094339622642 1.00943396226415 0.19811320754717 0.235849056603774 0.150943396226415 0.443396226415094 0.377358490566038 0.490566037735849 0.0660377358490566 0.0188679245283019 0.0283018867924528
0 0.196969696969697 18.9090909090909 1.62121212121212 0.621212121212121 0.924242424242424 1.62121212121212 1.57575757575758 0.787878787878788 0.545454545454545 0.363636363636364 0.0454545454545455 0.606060606060606 0.0757575757575758 0.136363636363636 0.0909090909090909
0.0493827160493827 0 0.617283950617284 3.04938271604938 2.01234567901235 1.85185185185185 2.96296296296296 2.46913580246914 2.77777777777778 1.46913580246914 1.19753086419753 0.555555555555556 0.259259259259259 0.246913580246914 0.160493827160494 0.283950617283951
0.0303030303030303 0.257575757575758 0.136363636363636 1.51515151515152 2.63636363636364 2.63636363636364 3.65151515151515 2.28787878787879 2.48484848484848 1.98484848484848 1.89393939393939 0.454545454545455 0.454545454545455 0.136363636363636 0.0303030303030303 0.242424242424242
0.104651162790698 0.709302325581395 0.162790697674419 1.47674418604651 2.09302325581395 3.84883720930233 4.48837209302326 2.86046511627907 3.12790697674419 1.91860465116279 2.04651162790698 1.17441860465116 0.558139534883721 0.325581395348837 0.151162790697674 0.337209302325581
0.149253731343284 0.313432835820896 0.208955223880597 0.82089552238806 1.82089552238806 2.38805970149254 3.04477611940298 2.7910447761194 2.29850746268657 1.47761194029851 1.35820895522388 0.73134328358209 0.253731343283582 0.134328358208955 0.0597014925373134 0.0597014925373134
0 0.353846153846154 0.430769230769231 0.969230769230769 1.55384615384615 2.6 3.53846153846154 1.87692307692308 2.76923076923077 1.41538461538462 1 0.276923076923077 0.784615384615385 0.553846153846154 0.276923076923077 0.107692307692308
0 0.1125 0.4 1.675 2.3125 3.35 3.175 3.55 3.4375 1.9875 1.575 0.5875 0.5125 0.25 0.45 0.15
0.0120481927710843 0.144578313253012 0.27710843373494 1.08433734939759 1.55421686746988 1.43373493975904 2.8433734939759 1.71084337349398 2.28915662650602 1.93975903614458 1.32530120481928 1.53012048192771 0.879518072289157 0.578313253012048 0.493975903614458 0.903614457831325
0.0454545454545455 0.0909090909090909 0 0.545454545454545 0.954545454545455 1.5 1.93939393939394 1.37878787878788 1.92424242424242 1.54545454545455 2.04545454545455 1.01515151515152 0.287878787878788 1.71212121212121 0.424242424242424 0.803030303030303
0.0192307692307692 0.134615384615385 0.25 0.0769230769230769 0.346153846153846 0.5 1.11538461538462 0.846153846153846 0.403846153846154 0.692307692307692 1.28846153846154 1.90384615384615 1.63461538461538 0.442307692307692 0.192307692307692 0.346153846153846
0.02 0.24 0.08 0.08 0.44 0.32 0.72 0.68 0.88 0.6 1.1 1.06 3.86 0.64 0.68 0.58
0 0.3 0 0.2 0.3 0.466666666666667 0.766666666666667 1.06666666666667 1.23333333333333 1.63333333333333 1.3 2.3 2.4 2 1.76666666666667 0.633333333333333
0 0.0555555555555556 0.0555555555555556 0.0555555555555556 0.111111111111111 0 0.166666666666667 0.444444444444444 0.555555555555556 0.333333333333333 0.444444444444444 1.05555555555556 1.44444444444444 1.16666666666667 1.11111111111111 0.222222222222222
0 0 0.0555555555555556 0.166666666666667 0.222222222222222 0.166666666666667 0.166666666666667 0.111111111111111 0.333333333333333 0.611111111111111 0.833333333333333 0.722222222222222 0.777777777777778 0.444444444444444 1.66666666666667 1.66666666666667
