1.25 0.84375 0.0625 0.03125 0.5625 1.09375 0.9375 0.09375 0.0625 0.1875 0.46875 0.96875 0.84375 0.15625 0 0.21875
0.072289156626506 10.7349397590361 1.65060240963855 0.216867469879518 0.421686746987952 1.1566265060241 1.13253012048193 0.349397590361446 0.120481927710843 0.204819277108434 0.325301204819277 0.457831325301205 0.409638554216867 0.168674698795181 0 0.0602409638554217
0 1.51685393258427 24.9662921348315 1.47191011235955 0.449438202247191 0.662921348314607 1.53932584269663 0.932584269662921 0.550561797752809 0.224719101123595 0.269662921348315 0.101123595505618 0.348314606741573 0.112359550561798 0.168539325842697 0.0898876404494382
0.0246913580246914 0.0123456790123457 0.901234567901234 4.08641975308642 2.30864197530864 1.96296296296296 3.01234567901235 2.5679012345679 2.77777777777778 1.49382716049383 1.22222222222222 0.358024691358025 0.185185185185185 0.0987654320987654 0.0987654320987654 0.246913580246914
0.0606060606060606 0.106060606060606 0.181818181818182 1.27272727272727 2.75757575757576 2.07575757575758 3 1.37878787878788 2.43939393939394 1.75757575757576 1.78787878787879 1.3030303030303 0.681818181818182 0.409090909090909 0.166666666666667 0.378787878787879
0.151162790697674 0.802325581395349 0.337209302325581 1.83720930232558 2.72093023255814 4.96511627906977 4.75581395348837 3.2906976744186 4.02325581395349 2.02325581395349 2.16279069767442 1.41860465116279 0.895348837209302 0.36046511627907 0.290697674418605 0.395348837209302
0.0597014925373134 0.313432835820895 0.432835820895522 1.13432835820895 1.58208955223881 2.29850746268657 3.29850746268657 2.16417910447761 2.47761194029851 1.22388059701493 1.13432835820895 0.865671641791045 0.507462686567164 0.253731343283582 0.0447761194029851 0.0895522388059701
0 0.107692307692308 0.569230769230769 1.26153846153846 1.64615384615385 2.24615384615385 3.93846153846154 2.90769230769231 2.61538461538461 1.44615384615385 1 0.338461538461538 1.10769230769231 0.615384615384615 0.276923076923077 0.230769230769231
0.025 0.0125 0.3625 1.85 1.95 2.8 3.1375 3.3875 3.1375 2.0375 1.3 0.925 0.625 0.5875 0.75 0.425
0 0.0963855421686747 0.168674698795181 1.21686746987952 1.72289156626506 1.30120481927711 2.72289156626506 2.10843373493976 2.49397590361446 2.18072289156626 1.90361445783132 0.795180722891566 0.44578313253012 0.228915662650602 0.397590361445783 0.373493975903614
0.0303030303030303 0.0606060606060606 0.0757575757575757 0.424242424242424 0.893939393939394 1.15151515151515 1.56060606060606 0.893939393939394 1.53030303030303 1.10606060606061 2.12121212121212 1.15151515151515 0.318181818181818 1.71212121212121 0.439393939393939 1.3030303030303
0.0192307692307692 0.0192307692307692 0.192307692307692 0.192307692307692 0.442307692307692 0.75 1.09615384615385 1.03846153846154 0.788461538461538 0.884615384615384 1.28846153846154 2.13461538461538 1.59615384615385 0.807692307692308 0.403846153846154 0.576923076923077
0.02 0.24 0.06 0.14 0.2 0.32 1.06 0.74 0.52 0.44 1.24 1.36 2.52 1.18 0.68 0.54
0 0.5 0.166666666666667 0.1 0.1 0.133333333333333 0.7 0.766666666666666 1.13333333333333 0.966666666666667 0.8 1.66666666666667 2 1.9 1.26666666666667 0.533333333333333
0 0 0 0.333333333333333 0.333333333333333 0.111111111111111 0.333333333333333 0.444444444444444 0.5 0.611111111111111 0.444444444444444 0.888888888888889 0.555555555555555 1.38888888888889 0.5 0.166666666666667
0 0 0.0555555555555556 0.111111111111111 0.333333333333333 0.166666666666667 0.333333333333333 0.166666666666667 0.388888888888889 0.666666666666667 1.27777777777778 1.27777777777778 1.27777777777778 1 2.44444444444444 3.33333333333333
