0 0.03125 0 0.0625 1.25 0.78125 1.03125 0 0 0.15625 0.53125 0.34375 0.78125 0 0 0.0625
0.235849056603774 13.0754716981132 0.405660377358491 0.160377358490566 0.509433962264151 0.971698113207547 1.31132075471698 0.320754716981132 0.122641509433962 0.113207547169811 0.358490566037736 0.528301886792453 0.405660377358491 0.160377358490566 0.0377358490566038 0.0377358490566038
0 1.8030303030303 19.8030303030303 1.34848484848485 0.560606060606061 0.833333333333333 1.5 1.03030303030303 0.696969696969697 0.378787878787879 0.257575757575758 0.0151515151515152 0.378787878787879 0.0606060606060606 0.0606060606060606 0.0757575757575758
0.0617283950617284 0.0246913580246914 0.580246913580247 2.93827160493827 2.5679012345679 2.97530864197531 3.30864197530864 3.25925925925926 3.18518518518519 2.04938271604938 1.25925925925926 0.395061728395062 0.111111111111111 0.160493827160494 0.160493827160494 0.197530864197531
0.0606060606060606 0.151515151515152 0.151515151515152 1.78787878787879 3.06060606060606 2.8030303030303 3.43939393939394 1.95454545454545 2.59090909090909 1.98484848484848 1.95454545454545 0.651515151515151 0.363636363636364 0.121212121212121 0.0454545454545455 0.0909090909090909
0.127906976744186 0.720930232558139 0.267441860465116 1.88372093023256 3.08139534883721 4.3953488372093 5.16279069767442 2.98837209302326 3.7093023255814 2.02325581395349 1.87209302325581 0.895348837209302 0.197674418604651 0.244186046511628 0.116279069767442 0.197674418604651
0.119402985074627 0.462686567164179 0.373134328358209 0.91044776119403 1.64179104477612 2.25373134328358 3.3134328358209 2.01492537313433 2.53731343283582 1.14925373134328 0.925373134328358 0.671641791044776 0.373134328358209 0.194029850746269 0.0746268656716418 0.104477611940299
0 0.2 0.430769230769231 1.46153846153846 1.75384615384615 2.86153846153846 3.56923076923077 2.55384615384615 2.70769230769231 1.90769230769231 1.16923076923077 0.446153846153846 1.15384615384615 0.784615384615385 0.323076923076923 0.292307692307692
0.0125 0.1125 0.2875 2.0125 2.05 3.125 3.0625 3.3375 3.025 2.1125 1.4375 0.5 0.5875 0.3625 0.4 0.15
0.0240963855421687 0.0843373493975904 0.204819277108434 1.12048192771084 1.89156626506024 1.68674698795181 3.04819277108434 2.07228915662651 2.75903614457831 2.53012048192771 2.14457831325301 1.69879518072289 1.04819277108434 0.795180722891566 0.469879518072289 0.879518072289157
0.0151515151515152 0.181818181818182 0.0303030303030303 0.590909090909091 0.924242424242424 1.42424242424242 1.59090909090909 0.96969696969697 1.66666666666667 1.24242424242424 2.18181818181818 1.31818181818182 0.439393939393939 3.01515151515152 0.378787878787879 0.833333333333333
0.0384615384615385 0.0576923076923077 0.0769230769230769 0.326923076923077 0.692307692307692 1.01923076923077 0.980769230769231 0.75 1.03846153846154 0.923076923076923 2.30769230769231 1.59615384615385 0.903846153846154 0.423076923076923 0.192307692307692 0.211538461538462
0 0.52 0.08 0.28 0.54 0.64 1.4 1.24 0.86 0.68 1.34 1.6 4.64 1 0.88 0.78
0 0.1 0.0333333333333333 0.0333333333333333 0.233333333333333 0.1 0.433333333333333 0.233333333333333 0.4 0.4 0.2 0.966666666666667 1.96666666666667 1.7 0.833333333333333 0.1
0 0 0 0 0.166666666666667 0 0.222222222222222 0.166666666666667 0.5 0.444444444444444 0.833333333333333 1.55555555555556 1.11111111111111 0.666666666666667 2.38888888888889 0.722222222222222
0 0 0 0 0.333333333333333 0 0.0555555555555556 0.0555555555555556 0.0555555555555556 0.166666666666667 0.555555555555556 0.722222222222222 0.666666666666667 0.555555555555556 4.22222222222222 1.88888888888889
