0 0.0625 0.0625 0.0625 1.09375 0.875 0.78125 0.09375 0.03125 0.28125 0.6875 0.78125 0.53125 0.15625 0 0.125
0.325301204819277 11.1807228915663 1.67469879518072 0.27710843373494 0.578313253012048 1.07228915662651 1.14457831325301 0.337349397590361 0.204819277108434 0.168674698795181 0.301204819277108 0.301204819277108 0.44578313253012 0.168674698795181 0.0120481927710843 0.072289156626506
0 1.42696629213483 20.876404494382 0.808988764044944 0.359550561797753 0.539325842696629 1.33707865168539 0.898876404494382 0.651685393258427 0.202247191011236 0.191011235955056 0.157303370786517 0.382022471910112 0.0561797752808989 0.179775280898876 0.0112359550561798
0.037037037037037 0.0246913580246914 0.864197530864197 4.50617283950617 2.02469135802469 2.81481481481481 3.66666666666667 2.92592592592593 3.23456790123457 1.88888888888889 1.35802469135802 0.54320987654321 0.259259259259259 0.185185185185185 0.148148148148148 0.320987654320988
0.0151515151515152 0.242424242424242 0.151515151515152 1.5 3.01515151515152 2.75757575757576 3.34848484848485 2.24242424242424 2.93939393939394 1.96969696969697 1.98484848484848 0.575757575757576 0.545454545454545 0.212121212121212 0.0606060606060606 0.242424242424242
0.162790697674419 0.674418604651163 0.162790697674419 1.55813953488372 2.54651162790698 4.05813953488372 4.03488372093023 2.6046511627907 3.2906976744186 1.95348837209302 1.62790697674419 0.953488372093023 0.523255813953488 0.127906976744186 0.104651162790698 0.13953488372093
0.0746268656716418 0.253731343283582 0.597014925373134 1.02985074626866 1.80597014925373 2.61194029850746 3.55223880597015 2.46268656716418 2.7910447761194 1.64179104477612 1.97014925373134 0.597014925373134 0.223880597014925 0.208955223880597 0.0447761194029851 0.0447761194029851
0 0.184615384615385 0.507692307692308 0.846153846153846 1.24615384615385 2.18461538461538 2.49230769230769 2.03076923076923 3.16923076923077 1.41538461538462 0.861538461538462 0.353846153846154 0.769230769230769 0.476923076923077 0.2 0.153846153846154
0.0375 0.1125 0.425 1.85 2.3375 2.9625 3.3 2.7375 3.0625 2.35 1.5625 0.5375 0.5 0.575 0.425 0.15
0.0481927710843374 0.144578313253012 0.240963855421687 0.831325301204819 1.4578313253012 1.44578313253012 1.95180722891566 1.95180722891566 2.26506024096386 1.79518072289157 1.33734939759036 1.71084337349398 0.795180722891566 0.710843373493976 0.506024096385542 0.72289156626506
0 0.121212121212121 0.0606060606060606 0.757575757575758 1.16666666666667 1.90909090909091 1.90909090909091 1.43939393939394 2 1.36363636363636 2.65151515151515 1 0.651515151515151 2.45454545454545 0.393939393939394 1.3030303030303
0 0.0961538461538462 0.115384615384615 0.519230769230769 1.28846153846154 1.44230769230769 1.78846153846154 1.21153846153846 1.59615384615385 1.53846153846154 2.92307692307692 1.63461538461538 1.15384615384615 0.384615384615385 0.230769230769231 0.25
0 0.14 0.06 0.08 0.42 0.38 0.54 0.62 0.86 0.6 1.32 1.82 4.98 0.92 0.92 0.86
0.0333333333333333 0.0666666666666667 0.366666666666667 0.0333333333333333 0.0666666666666667 0.166666666666667 0.366666666666667 0.633333333333333 0.7 0.4 0.633333333333333 1.46666666666667 3.26666666666667 1.23333333333333 0.766666666666667 0.6
0 0 0 0.277777777777778 0.111111111111111 0.0555555555555556 0.166666666666667 0.5 0.555555555555556 0.611111111111111 0.5 1.5 1.22222222222222 1.22222222222222 2.44444444444444 1.05555555555556
0 0 0.0555555555555556 0 0.555555555555556 0.222222222222222 0.222222222222222 0.111111111111111 0.222222222222222 0.444444444444444 1.33333333333333 1.27777777777778 1.11111111111111 1.11111111111111 2.5 3.38888888888889
