0.59375 0.40625 0.15625 0.03125 0.9375 1.0625 0.78125 0.125 0.03125 0.15625 0.5625 1.09375 0.65625 0.1875 0 0.1875
0.226415094339623 13.7924528301887 0.179245283018868 0.141509433962264 0.415094339622641 0.962264150943396 0.952830188679245 0.377358490566038 0.169811320754717 0.169811320754717 0.339622641509434 0.330188679245283 0.367924528301887 0.0943396226415094 0.0377358490566038 0.0283018867924528
0 1.37878787878788 22.0909090909091 1.43939393939394 0.212121212121212 0.348484848484848 1.09090909090909 0.954545454545454 0.46969696969697 0.196969696969697 0.166666666666667 0.0909090909090909 0.439393939393939 0.0454545454545454 0.121212121212121 0.121212121212121
0.0246913580246914 0.037037037037037 0.555555555555555 4.61728395061728 2.60493827160494 2.53086419753086 3.12345679012346 2.58024691358025 3.02469135802469 1.69135802469136 1.35802469135802 0.617283950617284 0.185185185185185 0.197530864197531 0.246913580246914 0.333333333333333
0.0606060606060606 0.196969696969697 0.166666666666667 1.78787878787879 3.31818181818182 3.03030303030303 4.18181818181818 2.48484848484848 2.74242424242424 2.31818181818182 1.89393939393939 0.5 0.363636363636364 0.151515151515151 0.0757575757575757 0.257575757575758
0.220930232558139 0.686046511627907 0.209302325581395 1.46511627906977 2.73255813953488 4.18604651162791 4.34883720930233 2.68604651162791 3.40697674418605 2.03488372093023 1.87209302325581 1.13953488372093 0.662790697674419 0.313953488372093 0.209302325581395 0.244186046511628
0.0895522388059701 0.417910447761194 0.238805970149254 1 1.92537313432836 2.70149253731343 3.56716417910448 2.55223880597015 2.94029850746269 2.25373134328358 1.85074626865672 0.746268656716418 0.388059701492537 0.223880597014925 0.0149253731343284 0.0746268656716418
0 0.276923076923077 0.430769230769231 0.923076923076923 1.46153846153846 2.24615384615385 2.75384615384615 1.81538461538462 2.87692307692308 1.12307692307692 0.676923076923077 0.384615384615385 0.8 0.4 0.307692307692308 0.184615384615385
0.0125 0.1375 0.2625 1.3125 1.5875 2.35 2.4125 2.4 3.25 1.3875 1.15 0.3375 0.3125 0.3125 0.55 0.1375
0 0.192771084337349 0.421686746987952 1.46987951807229 1.95180722891566 1.91566265060241 3.39759036144578 2.48192771084337 3.03614457831325 2.32530120481928 1.86746987951807 1 0.542168674698795 0.590361445783132 0.313253012048193 0.289156626506024
0.0303030303030303 0.227272727272727 0.0151515151515152 0.560606060606061 1.1969696969697 1.21212121212121 1.81818181818182 0.924242424242424 1.65151515151515 1.40909090909091 2.57575757575758 1.07575757575758 0.636363636363636 3.22727272727273 0.484848484848485 0.575757575757576
0 0.0192307692307692 0.153846153846154 0.153846153846154 0.25 0.576923076923077 0.442307692307692 0.519230769230769 0.75 0.884615384615384 1.48076923076923 1.71153846153846 1.40384615384615 0.576923076923077 0.442307692307692 0.923076923076923
0.04 0.26 0.08 0.22 0.34 0.34 0.98 1 0.98 0.64 1.46 1.96 3.92 1.32 0.94 0.78
0 0.233333333333333 0.0333333333333333 0.133333333333333 0.666666666666667 0 0.566666666666667 0.433333333333333 0.7 0.466666666666667 0.3 1.1 1.5 1.4 1.06666666666667 0.433333333333333
0 0 0.222222222222222 0.388888888888889 0.111111111111111 0.111111111111111 0.0555555555555556 0.777777777777778 0.444444444444444 0.444444444444444 0.277777777777778 1.38888888888889 1.16666666666667 0.833333333333333 2.72222222222222 0.555555555555555
0 0 0 0.111111111111111 0.222222222222222 0 0.444444444444444 0.166666666666667 0.444444444444444 0.444444444444444 0.722222222222222 0.611111111111111 0.833333333333333 0.555555555555555 2.88888888888889 2.55555555555556
