0.65625 0.40625 0 0 2 1.0625 0.78125 0.09375 0.03125 0.125 0.78125 0.40625 0.71875 0.0625 0 0.0625
0.150943396226415 13.0943396226415 0.273584905660377 0.169811320754717 0.235849056603774 0.839622641509434 0.943396226415094 0.320754716981132 0.245283018867925 0.150943396226415 0.273584905660377 0.528301886792453 0.367924528301887 0.169811320754717 0.0377358490566038 0.0471698113207547
0 0.151515151515152 21.9090909090909 0.742424242424242 0.196969696969697 0.287878787878788 0.939393939393939 0.893939393939394 0.515151515151515 0.287878787878788 0.166666666666667 0.106060606060606 0.409090909090909 0.136363636363636 0.196969696969697 0.0757575757575758
0.0493827160493827 0.0123456790123457 0.382716049382716 5.33333333333333 1.85185185185185 2.14814814814815 2.58024691358025 2.20987654320988 2.58024691358025 1.95061728395062 1.1358024691358 0.296296296296296 0.0493827160493827 0.135802469135802 0.209876543209877 0.320987654320988
0.0303030303030303 0.0757575757575758 0.181818181818182 1.28787878787879 3.09090909090909 2.46969696969697 3.03030303030303 1.81818181818182 2.8030303030303 1.86363636363636 1.71212121212121 0.696969696969697 0.439393939393939 0.242424242424242 0.121212121212121 0.348484848484849
0.174418604651163 0.627906976744186 0.104651162790698 1.06976744186047 2.32558139534884 3.48837209302326 3.54651162790698 2.13953488372093 2.68604651162791 1.46511627906977 1.61627906976744 1.12790697674419 0.523255813953488 0.22093023255814 0.104651162790698 0.27906976744186
0.0149253731343284 0.597014925373134 0.373134328358209 1.07462686567164 1.94029850746269 2.65671641791045 3.38805970149254 2.26865671641791 2.7910447761194 1.6865671641791 1.82089552238806 0.761194029850746 0.388059701492537 0.194029850746269 0.104477611940299 0.104477611940299
0 0.4 0.292307692307692 1.26153846153846 1.81538461538462 2.41538461538462 3.8 2 3.41538461538462 1.36923076923077 1.10769230769231 0.169230769230769 0.292307692307692 0.184615384615385 0.107692307692308 0.0153846153846154
0.0125 0.1875 0.2375 1.2375 1.275 1.65 2.1375 2.25 2.1125 1.325 0.8375 0.4125 0.2875 0.4 0.45 0.1875
0.0120481927710843 0.216867469879518 0.253012048192771 1.6144578313253 2.21686746987952 1.73493975903614 3.10843373493976 2.5421686746988 3.21686746987952 2.30120481927711 1.96385542168675 1.26506024096386 0.807228915662651 0.566265060240964 0.506024096385542 0.746987951807229
0.0606060606060606 0.121212121212121 0.0303030303030303 0.863636363636364 1.48484848484848 1.81818181818182 2.1969696969697 1.74242424242424 2.31818181818182 1.81818181818182 2.39393939393939 1.01515151515152 0.515151515151515 0.984848484848485 0.409090909090909 0.363636363636364
0.0192307692307692 0.0576923076923077 0.134615384615385 0.25 0.653846153846154 0.730769230769231 0.942307692307692 0.826923076923077 0.865384615384615 0.75 1.71153846153846 1.55769230769231 1.05769230769231 0.519230769230769 0.346153846153846 0.230769230769231
0 0.16 0 0.1 0.26 0.54 1.06 0.66 0.9 0.74 1.2 1.7 4.14 0.98 0.56 0.68
0 0.4 0.0333333333333333 0.0333333333333333 0.133333333333333 0.266666666666667 0.6 0.833333333333333 0.933333333333333 0.866666666666667 0.566666666666667 2.23333333333333 2.4 2.03333333333333 1.4 0.7
0 0 0.0555555555555556 0.222222222222222 0 0 0.166666666666667 0.0555555555555556 0.611111111111111 0.111111111111111 0.388888888888889 1.55555555555556 0.388888888888889 1 2.33333333333333 1.33333333333333
0 0 0.111111111111111 0.111111111111111 0.277777777777778 0.277777777777778 0.111111111111111 0.0555555555555556 0.222222222222222 0.555555555555556 1.22222222222222 1.27777777777778 1.16666666666667 0.666666666666667 3.83333333333333 2.11111111111111
