0.65625 0.4375 0.125 0 1.0625 1 0.90625 0.0625 0 0.0625 0.375 0.875 0.4375 0.21875 0 0
0.216981132075472 10.7547169811321 0.367924528301887 0.207547169811321 0.349056603773585 0.943396226415094 0.962264150943396 0.377358490566038 0.226415094339623 0.0849056603773585 0.367924528301887 0.433962264150943 0.358490566037736 0.150943396226415 0.0754716981132075 0.0283018867924528
0 0.121212121212121 24.1363636363636 0.848484848484849 0.303030303030303 0.348484848484849 0.96969696969697 1.15151515151515 0.5 0.212121212121212 0.151515151515152 0.0303030303030303 0.242424242424242 0.0909090909090909 0.212121212121212 0.0151515151515152
0.0246913580246914 0.0123456790123457 1.14814814814815 5.55555555555556 2.25925925925926 2.88888888888889 3.25925925925926 2.5679012345679 3.02469135802469 1.76543209876543 1.20987654320988 0.962962962962963 0.382716049382716 0.308641975308642 0.382716049382716 0.617283950617284
0.0909090909090909 0.136363636363636 0.136363636363636 1.33333333333333 2.28787878787879 2.36363636363636 3.21212121212121 1.8030303030303 2.40909090909091 1.57575757575758 1.95454545454545 1.18181818181818 0.590909090909091 0.409090909090909 0.181818181818182 0.393939393939394
0.116279069767442 0.697674418604651 0.174418604651163 1.45348837209302 2.6046511627907 3.98837209302326 5.40697674418605 3.08139534883721 3.73255813953488 1.88372093023256 2.22093023255814 0.779069767441861 0.441860465116279 0.186046511627907 0.104651162790698 0.232558139534884
0.104477611940299 0.537313432835821 0.26865671641791 0.626865671641791 1.43283582089552 2.13432835820896 3.14925373134328 2.17910447761194 2.49253731343284 1.35820895522388 1.6865671641791 0.686567164179104 0.298507462686567 0.194029850746269 0.0597014925373134 0.0447761194029851
0 0.230769230769231 0.630769230769231 1.61538461538462 2.09230769230769 3.13846153846154 4.86153846153846 3.32307692307692 3.76923076923077 2.01538461538462 1.41538461538462 0.261538461538462 0.615384615384615 0.384615384615385 0.169230769230769 0.0923076923076923
0.0125 0.15 0.4625 1.9875 2.4375 2.95 3.35 3.1 3.2125 2.2 1.45 0.6875 0.5875 0.3875 0.35 0.125
0 0.168674698795181 0.156626506024096 0.746987951807229 1.56626506024096 0.975903614457831 2.26506024096386 1.95180722891566 2.16867469879518 1.40963855421687 1.4578313253012 1.4578313253012 0.795180722891566 0.542168674698795 0.566265060240964 0.819277108433735
0.0303030303030303 0.166666666666667 0.0454545454545455 0.621212121212121 1.07575757575758 1.60606060606061 1.74242424242424 1.33333333333333 1.71212121212121 1.48484848484848 2.60606060606061 1.59090909090909 0.303030303030303 1.1969696969697 0.454545454545455 1.8030303030303
0.0192307692307692 0.0384615384615385 0.115384615384615 0.192307692307692 0.25 0.423076923076923 0.826923076923077 0.326923076923077 0.576923076923077 0.788461538461538 2.26923076923077 1.59615384615385 1.5 0.384615384615385 0.538461538461538 0.326923076923077
0 0.24 0 0.06 0.42 0.28 0.9 0.66 1.88 0.98 1.22 1.9 3.66 1.6 2.12 0.86
0.0666666666666667 0.266666666666667 0.166666666666667 0.3 0.333333333333333 0.6 1.06666666666667 1.2 1.16666666666667 1.56666666666667 1.06666666666667 1.4 1.56666666666667 2 1.23333333333333 0.7
0 0 0.111111111111111 0.166666666666667 0 0.0555555555555556 0.0555555555555556 0.388888888888889 0.222222222222222 0.444444444444444 0.166666666666667 0.333333333333333 0.277777777777778 0.388888888888889 0.833333333333333 0.666666666666667
0 0 0 0 0.166666666666667 0.222222222222222 0 0 0.0555555555555556 0 0.222222222222222 0.111111111111111 0.388888888888889 0.166666666666667 1.66666666666667 0.666666666666667
