0.65625 0.40625 0.0625 0 1.90625 0.84375 1 0.0625 0.03125 0.0625 0.96875 0.78125 0.5 0.21875 0 0.125
0.36144578313253 11.3493975903614 1 0.180722891566265 0.481927710843373 1.2289156626506 0.975903614457831 0.373493975903614 0.180722891566265 0.156626506024096 0.385542168674699 0.481927710843373 0.542168674698795 0.144578313253012 0.0120481927710843 0.0240963855421687
0 0.292134831460674 21.0561797752809 0.820224719101124 0.224719101123595 0.449438202247191 1.25842696629213 0.898876404494382 0.539325842696629 0.303370786516854 0.157303370786517 0.123595505617978 0.404494382022472 0.101123595505618 0.202247191011236 0.0224719101123595
0.0740740740740741 0.0246913580246914 1.19753086419753 4.61728395061728 2.16049382716049 2.58024691358025 3.19753086419753 2.39506172839506 3.03703703703704 1.72839506172839 1.12345679012346 0.864197530864197 0.308641975308642 0.37037037037037 0.345679012345679 0.432098765432099
0.0606060606060606 0.121212121212121 0.0757575757575758 1.3030303030303 2.71212121212121 2.83333333333333 3.62121212121212 2.53030303030303 2.84848484848485 2.56060606060606 1.83333333333333 0.484848484848485 0.348484848484849 0.196969696969697 0.0454545454545455 0.287878787878788
0.162790697674419 0.569767441860465 0.313953488372093 1.54651162790698 2.86046511627907 4.41860465116279 4.11627906976744 2.94186046511628 3.44186046511628 2.17441860465116 2.32558139534884 0.953488372093023 0.558139534883721 0.244186046511628 0.127906976744186 0.186046511627907
0.0746268656716418 0.313432835820896 0.522388059701492 1 1.40298507462687 1.92537313432836 2.73134328358209 1.8955223880597 2.28358208955224 0.835820895522388 0.880597014925373 0.82089552238806 0.313432835820896 0.26865671641791 0.0447761194029851 0.0746268656716418
0 0.0769230769230769 0.415384615384615 0.815384615384615 1.36923076923077 1.61538461538462 2.76923076923077 1.87692307692308 1.93846153846154 1.23076923076923 0.815384615384615 0.584615384615385 0.953846153846154 0.707692307692308 0.338461538461538 0.292307692307692
0 0.2 0.3375 1.4125 1.5375 2.3625 2.2375 2.5375 2.8375 1.425 1.025 0.3125 0.3625 0.2625 0.325 0.15
0.0240963855421687 0.0843373493975904 0.289156626506024 0.795180722891566 1.72289156626506 1.21686746987952 2.03614457831325 2.20481927710843 2.20481927710843 2.02409638554217 1.3855421686747 1.30120481927711 0.506024096385542 0.44578313253012 0.542168674698795 0.518072289156627
0.0151515151515152 0.136363636363636 0.0303030303030303 0.878787878787879 1.40909090909091 2.15151515151515 2.56060606060606 1.60606060606061 2.07575757575758 1.39393939393939 2.25757575757576 1.36363636363636 0.454545454545455 0.348484848484849 0.287878787878788 1.21212121212121
0 0.0961538461538462 0.173076923076923 0.192307692307692 0.384615384615385 0.923076923076923 1.30769230769231 0.788461538461538 0.596153846153846 1 1.69230769230769 2.32692307692308 2.51923076923077 0.634615384615385 0.403846153846154 1.07692307692308
0 0.22 0.14 0.06 0.18 0.38 0.82 0.92 0.54 0.84 0.96 1.6 3.42 1.5 0.7 0.74
0.0333333333333333 0.1 0.2 0.2 0.166666666666667 0.233333333333333 0.766666666666667 1 1.06666666666667 0.4 0.4 1.16666666666667 2.33333333333333 2.6 1.3 0.466666666666667
0 0.0555555555555556 0 0.0555555555555556 0.277777777777778 0 0.166666666666667 0.555555555555556 0.555555555555556 0.333333333333333 1 1.11111111111111 1.22222222222222 1.22222222222222 0.888888888888889 0.555555555555556
0 0 0 0.111111111111111 0.277777777777778 0 0.333333333333333 0.277777777777778 0.166666666666667 0.666666666666667 1 2.38888888888889 2.38888888888889 2.22222222222222 3.16666666666667 3.83333333333333
