0.59375 0.46875 0.0625 0.03125 1.125 0.9375 1.03125 0.0625 0.03125 0.1875 0.59375 0.9375 0.59375 0.25 0 0.15625
0.240963855421687 9.33734939759036 1 0.144578313253012 0.421686746987952 1.13253012048193 1.02409638554217 0.301204819277108 0.168674698795181 0.204819277108434 0.518072289156627 0.349397590361446 0.518072289156627 0.168674698795181 0.0120481927710843 0.036144578313253
0 1.14606741573034 19.9213483146067 1.21348314606742 0.797752808988764 0.651685393258427 1.44943820224719 1.03370786516854 0.898876404494382 0.49438202247191 0.269662921348315 0.0561797752808989 0.359550561797753 0.0337078651685393 0.168539325842697 0.0449438202247191
0.0493827160493827 0.0123456790123457 1.44444444444444 4.01234567901235 2.16049382716049 2.75308641975309 3.12345679012346 2.4320987654321 2.7037037037037 1.60493827160494 1.1358024691358 0.592592592592593 0.185185185185185 0.234567901234568 0.271604938271605 0.419753086419753
0.0151515151515152 0.0606060606060606 0.166666666666667 1.77272727272727 3.53030303030303 2.87878787878788 3.5 2.31818181818182 2.5 1.96969696969697 1.77272727272727 0.666666666666667 0.439393939393939 0.257575757575758 0.106060606060606 0.196969696969697
0.151162790697674 0.744186046511628 0.22093023255814 1.46511627906977 2.7906976744186 4.32558139534884 4.47674418604651 2.72093023255814 3.52325581395349 2.26744186046512 2.08139534883721 1.30232558139535 0.686046511627907 0.174418604651163 0.22093023255814 0.302325581395349
0.0895522388059701 0.298507462686567 0.432835820895522 0.835820895522388 1.47761194029851 2.52238805970149 2.80597014925373 2.25373134328358 2.23880597014925 1.32835820895522 1.22388059701493 0.746268656716418 0.238805970149254 0.17910447761194 0.0895522388059701 0.0895522388059701
0 0.230769230769231 0.676923076923077 1.09230769230769 1.35384615384615 2.90769230769231 3.23076923076923 2.4 2.96923076923077 1.63076923076923 1.29230769230769 0.369230769230769 0.692307692307692 0.276923076923077 0.0923076923076923 0.0461538461538462
0.0125 0.1875 0.4875 1.675 2.1625 2.6625 2.8875 2.475 3.3 2.25 1.0875 0.75 0.6625 0.4875 0.375 0.1875
0.0240963855421687 0.132530120481928 0.409638554216867 1.24096385542169 1.74698795180723 1.68674698795181 2.97590361445783 2.12048192771084 2.91566265060241 2 1.62650602409639 1.34939759036145 0.63855421686747 0.55421686746988 0.204819277108434 0.590361445783133
0.0454545454545455 0.212121212121212 0.0454545454545455 0.575757575757576 1 1.42424242424242 1.63636363636364 1.22727272727273 1.54545454545455 1.53030303030303 2.34848484848485 1.1969696969697 0.393939393939394 0.696969696969697 0.378787878787879 1.31818181818182
0.0769230769230769 0.0961538461538462 0.173076923076923 0.288461538461538 0.615384615384615 1.13461538461538 1.01923076923077 0.615384615384615 0.846153846153846 1.09615384615385 1.86538461538462 1.84615384615385 1.05769230769231 0.634615384615385 0.346153846153846 0.5
0.02 0.26 0.06 0.12 0.3 0.18 0.84 0.76 1.38 0.94 1.64 1.9 3.1 1.08 1.54 0.84
0 0.0666666666666667 0.133333333333333 0.233333333333333 0.733333333333333 0.266666666666667 0.433333333333333 0.8 0.9 0.466666666666667 0.466666666666667 0.333333333333333 1.2 0.733333333333333 1 0.1
0 0.0555555555555556 0 0.444444444444444 0.111111111111111 0.166666666666667 0.111111111111111 0.777777777777778 0.5 0.833333333333333 0.833333333333333 2.44444444444444 1.33333333333333 1.61111111111111 2.44444444444444 0.944444444444444
0 0 0.0555555555555556 0 0.166666666666667 0.111111111111111 0.277777777777778 0.0555555555555556 0.277777777777778 0.444444444444444 0.833333333333333 0.722222222222222 0.888888888888889 0.388888888888889 1.94444444444444 1.61111111111111
