0.125 0.0625 0.28125 0 1.09375 1 1.0625 0.125 0 0 0.5 0.9375 0.5625 0.25 0 0
0.0471698113207547 10.5660377358491 0.169811320754717 0 0.216981132075472 1 0.877358490566038 0.207547169811321 0.169811320754717 0.150943396226415 0.320754716981132 0.518867924528302 0.575471698113208 0.0754716981132075 0.0943396226415094 0.0283018867924528
0 0.696969696969697 20.9242424242424 1.28787878787879 0.46969696969697 0.651515151515151 1.59090909090909 0.939393939393939 0.727272727272727 0.378787878787879 0.227272727272727 0.106060606060606 0.393939393939394 0.121212121212121 0.136363636363636 0.0303030303030303
0.0740740740740741 0.0123456790123457 1.16049382716049 3.71604938271605 1.90123456790123 2.07407407407407 2.33333333333333 1.95061728395062 2.61728395061728 1.2962962962963 0.925925925925926 0.851851851851852 0.395061728395062 0.246913580246914 0.209876543209877 0.308641975308642
0.0606060606060606 0.121212121212121 0.106060606060606 0.924242424242424 2.24242424242424 1.83333333333333 2.48484848484848 1.33333333333333 1.83333333333333 1.13636363636364 1.45454545454545 0.984848484848485 0.545454545454545 0.363636363636364 0.166666666666667 0.363636363636364
0.151162790697674 0.651162790697674 0.244186046511628 1.77906976744186 2.76744186046512 4.13953488372093 4.44186046511628 2.81395348837209 3.26744186046512 1.88372093023256 1.95348837209302 1.16279069767442 0.627906976744186 0.186046511627907 0.174418604651163 0.244186046511628
0.104477611940299 0.447761194029851 0.26865671641791 0.656716417910448 1.46268656716418 2.01492537313433 3.1044776119403 2.38805970149254 2.08955223880597 1.04477611940298 1.38805970149254 0.791044776119403 0.358208955223881 0.208955223880597 0.0597014925373134 0.0895522388059701
0 0.246153846153846 0.553846153846154 1.01538461538462 1.56923076923077 2.53846153846154 3.18461538461538 2.61538461538462 3.30769230769231 1.4 0.784615384615385 0.153846153846154 0.369230769230769 0.276923076923077 0.276923076923077 0.0615384615384615
0.0125 0.1375 0.225 1.4125 1.9 2.95 2.7625 2.6125 2.7 1.7375 1.2 0.3375 0.425 0.35 0.4375 0.1125
0 0.253012048192771 0.397590361445783 1.4578313253012 2.13253012048193 1.81927710843373 3.3855421686747 2.21686746987952 2.86746987951807 2.12048192771084 1.8433734939759 1.09638554216867 0.759036144578313 0.590361445783133 0.349397590361446 0.566265060240964
0.0454545454545455 0.121212121212121 0 0.409090909090909 1.28787878787879 1.45454545454545 2.27272727272727 1.57575757575758 2.01515151515152 1.65151515151515 2.57575757575758 1.15151515151515 0.545454545454545 1.1969696969697 0.454545454545455 0.924242424242424
0.0192307692307692 0.0192307692307692 0.211538461538462 0.288461538461538 0.826923076923077 1.09615384615385 1.73076923076923 1.11538461538462 1.34615384615385 1.09615384615385 1.53846153846154 2.15384615384615 1.86538461538462 0.653846153846154 0.288461538461538 0.576923076923077
0 0.2 0.14 0.06 0.12 0.34 0.86 0.42 0.7 0.32 1.18 1.32 4.36 1.1 0.76 0.8
0.0333333333333333 0.4 0.133333333333333 0.266666666666667 0.333333333333333 0.4 0.833333333333333 1.46666666666667 1.33333333333333 1.33333333333333 0.966666666666667 2.8 2.43333333333333 2.53333333333333 2.03333333333333 1
0 0 0 0.333333333333333 0.111111111111111 0.111111111111111 0.388888888888889 0.333333333333333 0.666666666666667 0.333333333333333 0.555555555555556 1.66666666666667 1.38888888888889 1.66666666666667 2.61111111111111 0.333333333333333
0 0 0.0555555555555556 0 0.333333333333333 0.166666666666667 0 0 0.166666666666667 0.166666666666667 0.777777777777778 1 0.833333333333333 0.388888888888889 1.94444444444444 1.16666666666667
