0.71875 0.4375 0.15625 0.03125 0.625 1.28125 1.125 0 0 0.0625 0.53125 1.5 0.4375 0.375 0 0.03125
0.367924528301887 12.5566037735849 0.39622641509434 0.245283018867925 0.490566037735849 1.00943396226415 1.10377358490566 0.490566037735849 0.169811320754717 0.19811320754717 0.311320754716981 0.5 0.518867924528302 0.160377358490566 0.0660377358490566 0.0471698113207547
0 0.242424242424242 20.3030303030303 1.13636363636364 0.53030303030303 0.712121212121212 1.24242424242424 1 0.803030303030303 0.242424242424242 0.287878787878788 0.181818181818182 0.363636363636364 0.0151515151515152 0.0757575757575758 0.0606060606060606
0.0246913580246914 0 0.259259259259259 5.41975308641975 1.98765432098765 2.87654320987654 3.1358024691358 2.90123456790123 3.17283950617284 1.97530864197531 1.14814814814815 0.506172839506173 0.172839506172839 0.172839506172839 0.271604938271605 0.296296296296296
0 0.196969696969697 0.166666666666667 1.39393939393939 2.90909090909091 2.48484848484848 4.03030303030303 2.22727272727273 3.03030303030303 1.90909090909091 1.84848484848485 1.8030303030303 1.1969696969697 0.787878787878788 0.363636363636364 0.818181818181818
0.0697674418604651 0.686046511627907 0.197674418604651 2.16279069767442 3.27906976744186 4.7906976744186 5.04651162790698 3.16279069767442 4.32558139534884 2.61627906976744 1.91860465116279 0.930232558139535 0.441860465116279 0.151162790697674 0.13953488372093 0.197674418604651
0.0298507462686567 0.388059701492537 0.447761194029851 1.14925373134328 1.76119402985075 2.82089552238806 3.52238805970149 2.34328358208955 2.77611940298507 1.61194029850746 1.77611940298507 0.761194029850746 0.134328358208955 0.223880597014925 0.0895522388059701 0.104477611940299
0 0.230769230769231 0.476923076923077 1.10769230769231 1.47692307692308 2.23076923076923 3.43076923076923 2.09230769230769 2.98461538461538 1.72307692307692 1.26153846153846 0.584615384615385 0.846153846153846 0.753846153846154 0.261538461538462 0.184615384615385
0.025 0.175 0.3625 1.75 1.75 2.425 2.9625 2.825 2.9875 1.95 1.025 0.5625 0.4125 0.5 0.4875 0.1875
0.036144578313253 0.156626506024096 0.168674698795181 0.939759036144578 1.63855421686747 1.50602409638554 2.16867469879518 1.98795180722892 2.34939759036145 2.28915662650602 1.75903614457831 1.86746987951807 1.25301204819277 0.879518072289157 0.72289156626506 1.19277108433735
0.0454545454545455 0.196969696969697 0 0.454545454545455 0.924242424242424 1.48484848484848 1.98484848484848 1 1.48484848484848 1.63636363636364 1.93939393939394 0.954545454545455 0.393939393939394 1.62121212121212 0.272727272727273 0.681818181818182
0.0384615384615385 0.0192307692307692 0.0961538461538462 0.288461538461538 0.846153846153846 0.961538461538462 0.884615384615385 1.03846153846154 1.15384615384615 1.19230769230769 2.21153846153846 1.78846153846154 1.25 0.538461538461538 0.288461538461538 0.596153846153846
0.04 0.14 0.08 0.14 0.34 0.4 0.74 0.74 0.48 0.16 0.84 1.32 2.7 0.7 0.48 0.46
0.0333333333333333 0.2 0 0.166666666666667 0.333333333333333 0.566666666666667 0.933333333333333 1.1 1.2 1.9 1.56666666666667 1.26666666666667 2.16666666666667 1.46666666666667 1 0.533333333333333
0 0 0.166666666666667 0.388888888888889 0 0 0 0.222222222222222 0.944444444444444 0.722222222222222 0.222222222222222 0.5 0.944444444444444 1.05555555555556 1.38888888888889 0.444444444444444
0 0 0.166666666666667 0.166666666666667 0.222222222222222 0.222222222222222 0.0555555555555556 0.111111111111111 0.222222222222222 0.777777777777778 1.22222222222222 1.38888888888889 1.27777777777778 0.833333333333333 2.22222222222222 1.61111111111111
