1.25 0.78125 0.1875 0.03125 0.8125 1.40625 0.9375 0.125 0.03125 0.21875 0.65625 1.59375 0.6875 0.4375 0 0.09375
0.132075471698113 15.1509433962264 0.150943396226415 0.141509433962264 0.30188679245283 1.00943396226415 1.08490566037736 0.330188679245283 0.150943396226415 0.150943396226415 0.311320754716981 0.386792452830189 0.377358490566038 0.141509433962264 0.0283018867924528 0
0 0.803030303030303 17.7272727272727 0.909090909090909 0.5 0.560606060606061 1.31818181818182 1.36363636363636 0.621212121212121 0.348484848484849 0.363636363636364 0.136363636363636 0.333333333333333 0.0757575757575758 0.348484848484849 0.0454545454545455
0.0123456790123457 0.037037037037037 0.679012345679012 5.44444444444444 2.20987654320988 2.54320987654321 3.37037037037037 2.51851851851852 3.01234567901235 1.67901234567901 1.50617283950617 0.592592592592593 0.246913580246914 0.197530864197531 0.209876543209877 0.419753086419753
0.0303030303030303 0.196969696969697 0.166666666666667 1.27272727272727 2.66666666666667 2.84848484848485 3.34848484848485 2.1969696969697 2.46969696969697 1.86363636363636 1.72727272727273 0.757575757575758 0.515151515151515 0.333333333333333 0.0909090909090909 0.287878787878788
0.151162790697674 0.662790697674419 0.383720930232558 1.77906976744186 2.8953488372093 4.59302325581395 4.74418604651163 3.18604651162791 3.83720930232558 2.02325581395349 2.05813953488372 1 0.476744186046512 0.348837209302326 0.127906976744186 0.27906976744186
0.119402985074627 0.313432835820896 0.388059701492537 0.925373134328358 1.77611940298507 1.95522388059702 2.85074626865672 2.29850746268657 2.34328358208955 1.25373134328358 1.43283582089552 0.746268656716418 0.373134328358209 0.208955223880597 0.0746268656716418 0.149253731343284
0 0.2 0.369230769230769 0.846153846153846 1.4 2.41538461538462 2.98461538461538 2.07692307692308 2.41538461538462 0.892307692307692 0.876923076923077 0.615384615384615 0.769230769230769 0.876923076923077 0.415384615384615 0.184615384615385
0.0125 0.1 0.3625 1.9375 2.5875 3.1875 3.45 3.6875 3.2375 2.275 1.575 0.75 0.6375 0.425 0.4375 0.225
0.0602409638554217 0.0963855421686747 0.325301204819277 1.26506024096386 1.72289156626506 1.60240963855422 2.34939759036145 2.83132530120482 3.12048192771084 2.16867469879518 1.73493975903614 2.06024096385542 1.28915662650602 1.02409638554217 1.04819277108434 0.951807228915663
0.0303030303030303 0.196969696969697 0.0303030303030303 0.590909090909091 1.28787878787879 1.53030303030303 1.60606060606061 1.57575757575758 1.60606060606061 2.09090909090909 2.83333333333333 1.03030303030303 0.424242424242424 1.33333333333333 0.257575757575758 0.378787878787879
0.0192307692307692 0.0961538461538462 0.0961538461538462 0.211538461538462 0.769230769230769 0.865384615384615 1.13461538461538 0.826923076923077 1.01923076923077 0.865384615384615 2 1.53846153846154 1.34615384615385 0.5 0.153846153846154 0.423076923076923
0.02 0.22 0.08 0.1 0.46 0.3 0.6 0.58 1.04 0.48 1.44 1.44 3.12 0.94 0.96 0.6
0 0.3 0.1 0.0666666666666667 0.333333333333333 0.1 0.433333333333333 0.6 0.566666666666667 0.6 0.3 1.33333333333333 1.56666666666667 1.46666666666667 1.4 0.2
0 0.0555555555555556 0.0555555555555556 0.0555555555555556 0.111111111111111 0 0.222222222222222 0.277777777777778 0.444444444444444 0.444444444444444 0.611111111111111 1.55555555555556 1.27777777777778 0.611111111111111 2.55555555555556 0.611111111111111
0 0 0 0.277777777777778 0.111111111111111 0.111111111111111 0 0.111111111111111 0.222222222222222 0.444444444444444 0.0555555555555556 0.111111111111111 0.222222222222222 0.166666666666667 2.55555555555556 0.5
