0.90625 0.46875 0.09375 0.03125 1 1.03125 0.65625 0.09375 0 0.0625 0.90625 0.96875 0.375 0.09375 0 0.09375
0.113207547169811 11.8679245283019 0.39622641509434 0.169811320754717 0.509433962264151 0.981132075471698 1.08490566037736 0.311320754716981 0.207547169811321 0.160377358490566 0.339622641509434 0.349056603773585 0.424528301886792 0.0754716981132075 0.0377358490566038 0.0188679245283019
0 0.181818181818182 20.1212121212121 1.57575757575758 0.303030303030303 0.348484848484849 1.12121212121212 1.15151515151515 0.621212121212121 0.348484848484849 0.242424242424242 0.0303030303030303 0.5 0.106060606060606 0.181818181818182 0.136363636363636
0.0493827160493827 0.0246913580246914 0.950617283950617 4.37037037037037 2.28395061728395 2.32098765432099 3.30864197530864 2.77777777777778 2.93827160493827 1.64197530864198 1.07407407407407 0.246913580246914 0.246913580246914 0.135802469135802 0.123456790123457 0.246913580246914
0.0303030303030303 0.0757575757575758 0.151515151515152 1.15151515151515 2.40909090909091 2.40909090909091 3.63636363636364 1.59090909090909 2.28787878787879 1.57575757575758 1.62121212121212 1 0.636363636363636 0.393939393939394 0.166666666666667 0.363636363636364
0.127906976744186 0.720930232558139 0.209302325581395 1.56976744186047 2.68604651162791 4.02325581395349 4.53488372093023 2.7906976744186 3.2093023255814 2.08139534883721 2.06976744186047 0.790697674418605 0.22093023255814 0.13953488372093 0.0348837209302326 0.116279069767442
0.0895522388059701 0.462686567164179 0.492537313432836 1.19402985074627 2.13432835820896 2.37313432835821 3.71641791044776 2.47761194029851 3.13432835820896 1.22388059701493 1.22388059701493 0.82089552238806 0.388059701492537 0.164179104477612 0.104477611940299 0.0895522388059701
0 0.230769230769231 0.476923076923077 1.01538461538462 1.63076923076923 2.03076923076923 4.01538461538462 2.27692307692308 2.78461538461538 1.49230769230769 0.876923076923077 0.215384615384615 0.461538461538462 0.276923076923077 0.276923076923077 0.0769230769230769
0 0.3 0.2125 1.4 1.65 2.275 2.55 2.0875 2.6 1.575 0.9875 0.35 0.3625 0.2875 0.225 0.175
0.0602409638554217 0.180722891566265 0.253012048192771 1.20481927710843 1.96385542168675 1.42168674698795 2.81927710843373 2.30120481927711 3 1.8433734939759 1.59036144578313 1.90361445783133 0.867469879518072 0.771084337349398 0.542168674698795 0.55421686746988
0.0757575757575758 0.121212121212121 0.0151515151515152 0.681818181818182 1.09090909090909 1.54545454545455 1.92424242424242 1.1969696969697 1.71212121212121 1.21212121212121 2.21212121212121 0.848484848484849 0.227272727272727 0.924242424242424 0.257575757575758 0.303030303030303
0 0.0961538461538462 0.0961538461538462 0.269230769230769 0.692307692307692 0.961538461538462 1.03846153846154 1 1.23076923076923 1.05769230769231 1.55769230769231 1.75 1.40384615384615 0.403846153846154 0.288461538461538 0.711538461538462
0.02 0.22 0.16 0.12 0.16 0.46 1.02 0.88 1.02 0.8 1.34 2 4 1.3 0.86 0.76
0.0333333333333333 0.3 0.133333333333333 0.0666666666666667 0.433333333333333 0.133333333333333 0.7 0.433333333333333 0.666666666666667 0.833333333333333 0.666666666666667 1.03333333333333 1.36666666666667 1.06666666666667 0.933333333333333 0.333333333333333
0 0 0 0.166666666666667 0.111111111111111 0.0555555555555556 0.111111111111111 0.277777777777778 0.555555555555556 0.277777777777778 0.666666666666667 2.38888888888889 1.38888888888889 1.27777777777778 1.33333333333333 0.666666666666667
0 0 0 0.333333333333333 0.222222222222222 0.0555555555555556 0.277777777777778 0.222222222222222 0.444444444444444 0.944444444444444 0.5 0.555555555555556 0.388888888888889 0.333333333333333 1.16666666666667 1.38888888888889
