0.125 0 0.0625 0 1.40625 1 1.28125 0.03125 0 0.09375 0.75 0.78125 0.71875 0.1875 0 0
0.36144578313253 10.0963855421687 1.07228915662651 0.216867469879518 0.590361445783133 1.08433734939759 1.21686746987952 0.421686746987952 0.156626506024096 0.072289156626506 0.397590361445783 0.530120481927711 0.566265060240964 0.216867469879518 0.0120481927710843 0.108433734939759
0 1.33707865168539 20.6292134831461 1.12359550561798 0.449438202247191 0.573033707865168 1.1685393258427 1.0561797752809 0.674157303370786 0.292134831460674 0.191011235955056 0.157303370786517 0.449438202247191 0.0449438202247191 0.258426966292135 0.0561797752808989
0.0617283950617284 0.0123456790123457 0.876543209876543 4.51851851851852 2.03703703703704 2.2716049382716 2.60493827160494 2.45679012345679 2.76543209876543 1.27160493827161 1.01234567901235 0.506172839506173 0.222222222222222 0.222222222222222 0.234567901234568 0.259259259259259
0.0151515151515152 0.151515151515152 0.212121212121212 1.46969696969697 2.98484848484848 2.90909090909091 3.75757575757576 2.54545454545455 3 1.96969696969697 2.18181818181818 1.13636363636364 0.757575757575758 0.348484848484849 0.212121212121212 0.454545454545455
0.116279069767442 0.744186046511628 0.22093023255814 1.67441860465116 2.16279069767442 3.8953488372093 4 2.65116279069767 3.05813953488372 1.97674418604651 2.13953488372093 1.31395348837209 0.476744186046512 0.244186046511628 0.13953488372093 0.325581395348837
0.134328358208955 0.26865671641791 0.343283582089552 1.13432835820896 2.35820895522388 2.22388059701493 3.34328358208955 2.82089552238806 2.62686567164179 1.58208955223881 1.59701492537313 0.656716417910448 0.313432835820896 0.104477611940299 0.0746268656716418 0.104477611940299
0 0.107692307692308 0.646153846153846 0.784615384615385 1.36923076923077 1.95384615384615 3.21538461538462 1.75384615384615 3.09230769230769 1.15384615384615 0.753846153846154 0.292307692307692 0.4 0.246153846153846 0.2 0.0461538461538462
0 0.075 0.35 1.4375 1.8125 2.725 2.625 3.1375 2.975 2.0125 1.3125 0.625 0.425 0.4875 0.475 0.225
0.0120481927710843 0.0963855421686747 0.265060240963855 1.21686746987952 1.72289156626506 1.51807228915663 2.89156626506024 2.42168674698795 2.51807228915663 2.04819277108434 1.65060240963855 1.02409638554217 0.674698795180723 0.493975903614458 0.493975903614458 0.674698795180723
0.0606060606060606 0.181818181818182 0.106060606060606 0.606060606060606 0.712121212121212 1.48484848484848 1.31818181818182 0.818181818181818 1.25757575757576 1.10606060606061 2.25757575757576 1.34848484848485 0.287878787878788 0.515151515151515 0.378787878787879 1.75757575757576
0.0192307692307692 0.0961538461538462 0.365384615384615 0.153846153846154 0.5 0.826923076923077 1 0.692307692307692 0.576923076923077 0.903846153846154 1.19230769230769 1.76923076923077 1.19230769230769 0.384615384615385 0.153846153846154 0.288461538461538
0.04 0.14 0.08 0.06 0.38 0.28 0.74 0.74 1.32 0.96 1.76 2.02 4.28 1.6 1.46 1.16
0.0333333333333333 0 0.0666666666666667 0 0.4 0.0666666666666667 0.6 0.533333333333333 0.5 0.433333333333333 0.333333333333333 0.933333333333333 1.5 0.9 0.9 0.4
0 0 0 0.333333333333333 0 0.0555555555555556 0 0.444444444444444 0.611111111111111 0.5 0.833333333333333 1.22222222222222 0.944444444444444 1.05555555555556 0.777777777777778 1
0 0 0 0.222222222222222 0.277777777777778 0 0.111111111111111 0.222222222222222 0.166666666666667 0.777777777777778 0.555555555555556 1.27777777777778 1.33333333333333 1.11111111111111 1.55555555555556 2.22222222222222
