1.25 0.90625 0.09375 0.03125 1.6875 1.0625 0.875 0.09375 0 0.125 0.71875 0.5625 0.65625 0.09375 0 0
0.207547169811321 15.1509433962264 0.405660377358491 0.207547169811321 0.283018867924528 1.0188679245283 1.19811320754717 0.39622641509434 0.132075471698113 0.169811320754717 0.254716981132075 0.433962264150943 0.471698113207547 0.160377358490566 0.0566037735849057 0.0471698113207547
0 0.212121212121212 16.5757575757576 1.16666666666667 0.651515151515151 0.757575757575758 1.43939393939394 1.07575757575758 0.848484848484849 0.363636363636364 0.318181818181818 0.0909090909090909 0.272727272727273 0.0151515151515152 0.136363636363636 0.0909090909090909
0.0123456790123457 0.0123456790123457 0.740740740740741 2.41975308641975 2.7037037037037 2.77777777777778 4.01234567901235 3.46913580246914 3.53086419753086 1.96296296296296 1.37037037037037 0.530864197530864 0.160493827160494 0.259259259259259 0.308641975308642 0.407407407407407
0.0606060606060606 0.0454545454545455 0.166666666666667 1.21212121212121 2.90909090909091 1.92424242424242 2.84848484848485 1.59090909090909 2.22727272727273 1.45454545454545 1.87878787878788 0.257575757575758 0.272727272727273 0.0757575757575758 0.0151515151515152 0.0909090909090909
0.151162790697674 0.593023255813954 0.255813953488372 1.72093023255814 2.68604651162791 4.3953488372093 4.67441860465116 2.98837209302326 3.41860465116279 2.31395348837209 1.72093023255814 0.662790697674419 0.267441860465116 0.186046511627907 0.0697674418604651 0.127906976744186
0.0746268656716418 0.328358208955224 0.388059701492537 1.07462686567164 1.88059701492537 2.22388059701493 2.82089552238806 2.76119402985075 2.64179104477612 1.19402985074627 1.32835820895522 0.716417910447761 0.358208955223881 0.313432835820896 0.104477611940299 0.119402985074627
0 0.169230769230769 0.415384615384615 1.09230769230769 1.61538461538462 2.06153846153846 2.90769230769231 2.30769230769231 2.36923076923077 1.36923076923077 0.707692307692308 0.476923076923077 1.10769230769231 0.8 0.461538461538462 0.430769230769231
0.0125 0.2 0.35 1.65 2.2125 2.7875 2.8875 3.175 2.9125 1.9625 1.2 0.5125 0.4125 0.25 0.3125 0.075
0.0120481927710843 0.204819277108434 0.204819277108434 1.34939759036145 1.87951807228916 1.4578313253012 3.20481927710843 2.31325301204819 2.67469879518072 1.92771084337349 1.8433734939759 1.36144578313253 0.867469879518072 0.662650602409639 0.481927710843373 0.674698795180723
0.0606060606060606 0.242424242424242 0.0303030303030303 0.939393939393939 1.36363636363636 1.71212121212121 1.87878787878788 1.34848484848485 1.81818181818182 1.33333333333333 2.10606060606061 0.818181818181818 0.454545454545455 2.83333333333333 0.378787878787879 0.363636363636364
0.0384615384615385 0.0961538461538462 0.0384615384615385 0.288461538461538 0.826923076923077 1.07692307692308 1.42307692307692 0.923076923076923 0.692307692307692 0.980769230769231 1.48076923076923 1.73076923076923 1.30769230769231 0.634615384615385 0.423076923076923 0.480769230769231
0 0.34 0.14 0.2 0.4 0.56 0.84 0.82 0.78 0.62 1.36 1.66 3.86 1 0.76 0.84
0 0.1 0.1 0.3 0.333333333333333 0.4 0.5 1.03333333333333 1.46666666666667 0.633333333333333 0.733333333333333 2.06666666666667 2.76666666666667 1.6 1.43333333333333 0.633333333333333
0 0.0555555555555556 0 0.222222222222222 0.166666666666667 0 0.777777777777778 0.555555555555556 1 0.722222222222222 1.72222222222222 1.44444444444444 1.72222222222222 1.11111111111111 1.38888888888889 0.666666666666667
0 0 0.0555555555555556 0.111111111111111 0.333333333333333 0.166666666666667 0.111111111111111 0.166666666666667 0.166666666666667 0.722222222222222 1.05555555555556 1.61111111111111 1.55555555555556 1.27777777777778 2.38888888888889 2.66666666666667
