0.71875 0.4375 0.09375 0.03125 0.90625 0.875 0.6875 0.09375 0.0625 0.34375 0.71875 1.1875 0.59375 0.21875 0 0.15625
0.27710843373494 11.5903614457831 1.07228915662651 0.144578313253012 0.36144578313253 1.01204819277108 1.2289156626506 0.204819277108434 0.216867469879518 0.120481927710843 0.457831325301205 0.542168674698795 0.481927710843373 0.168674698795181 0 0.072289156626506
0 0.764044943820225 21.4943820224719 1.14606741573034 0.48314606741573 0.561797752808989 1.06741573033708 1.1123595505618 0.730337078651685 0.370786516853933 0.235955056179775 0.123595505617978 0.426966292134831 0.0898876404494382 0.134831460674157 0.0337078651685393
0.037037037037037 0 0.592592592592593 4.30864197530864 2.38271604938272 3.28395061728395 3.50617283950617 3.2962962962963 3.50617283950617 1.97530864197531 1.81481481481481 0.716049382716049 0.160493827160494 0.197530864197531 0.271604938271605 0.419753086419753
0.0454545454545455 0.121212121212121 0.136363636363636 0.878787878787879 2.74242424242424 2.56060606060606 2.87878787878788 1.66666666666667 2.22727272727273 1.75757575757576 1.71212121212121 0.803030303030303 0.409090909090909 0.272727272727273 0.106060606060606 0.227272727272727
0.127906976744186 0.686046511627907 0.418604651162791 1.56976744186047 2.5 4.1046511627907 4.46511627906977 2.31395348837209 3.34883720930233 1.45348837209302 2.04651162790698 1.15116279069767 0.744186046511628 0.383720930232558 0.232558139534884 0.290697674418605
0.26865671641791 0.283582089552239 0.313432835820896 0.611940298507463 1.59701492537313 2.07462686567164 2.74626865671642 2.70149253731343 2.14925373134328 1.28358208955224 1.37313432835821 0.626865671641791 0.388059701492537 0.17910447761194 0.0298507462686567 0.0597014925373134
0 0.123076923076923 0.723076923076923 1.18461538461538 1.87692307692308 2.29230769230769 3.58461538461538 2.24615384615385 2.84615384615385 1.53846153846154 1.04615384615385 0.4 1.06153846153846 0.830769230769231 0.323076923076923 0.261538461538462
0 0.1125 0.3 1.8875 2.025 2.4 2.7625 2.6375 3.15 1.925 1.175 0.4625 0.475 0.2875 0.575 0.175
0.0240963855421687 0.156626506024096 0.204819277108434 1.02409638554217 1.68674698795181 1.51807228915663 2.59036144578313 2.02409638554217 2.46987951807229 2.01204819277108 1.55421686746988 1.49397590361446 0.867469879518072 0.542168674698795 0.433734939759036 0.879518072289157
0.0303030303030303 0.151515151515152 0.0303030303030303 0.681818181818182 1.42424242424242 1.53030303030303 2.21212121212121 1.22727272727273 1.71212121212121 1.33333333333333 2.09090909090909 0.606060606060606 0.424242424242424 2.34848484848485 0.348484848484849 0.439393939393939
0 0.0576923076923077 0.115384615384615 0.423076923076923 1.01923076923077 1.13461538461538 1.51923076923077 1.07692307692308 1.01923076923077 1.57692307692308 1.94230769230769 1.98076923076923 1.48076923076923 0.423076923076923 0.25 0.365384615384615
0 0.12 0.06 0.38 0.48 0.8 1.24 1.84 1.16 0.8 1.08 1.58 3.6 0.92 0.72 0.42
0.0666666666666667 0.2 0.2 0.1 0.4 0.3 0.566666666666667 1 0.766666666666667 1.1 0.866666666666667 2.06666666666667 2.03333333333333 1.7 1.7 0.733333333333333
0 0.111111111111111 0.0555555555555556 0.0555555555555556 0.388888888888889 0 0.222222222222222 0.833333333333333 0.833333333333333 0.333333333333333 1 1.27777777777778 2.16666666666667 1.16666666666667 1.5 0.666666666666667
0 0 0 0.111111111111111 0.333333333333333 0.0555555555555556 0.277777777777778 0.222222222222222 0.333333333333333 0.666666666666667 0.888888888888889 0.666666666666667 0.777777777777778 0.888888888888889 1.72222222222222 3.27777777777778
