0.1875 0.03125 0.0625 0.03125 0.6875 1.125 0.6875 0.09375 0 0.09375 0.40625 0.34375 0.625 0.03125 0 0
0.0963855421686747 12.2409638554217 0.951807228915663 0.036144578313253 0.590361445783133 1.07228915662651 1.14457831325301 0.168674698795181 0.253012048192771 0.168674698795181 0.433734939759036 0.385542168674699 0.228915662650602 0.168674698795181 0.0120481927710843 0.0240963855421687
0 1.19101123595506 20.6179775280899 1.2247191011236 0.764044943820225 0.898876404494382 1.75280898876405 1.10112359550562 0.932584269662921 0.325842696629214 0.303370786516854 0.280898876404494 0.382022471910112 0.0112359550561798 0.146067415730337 0.0224719101123595
0.0493827160493827 0.0123456790123457 0.604938271604938 4.7037037037037 1.76543209876543 2.12345679012346 3.06172839506173 2.24691358024691 2.53086419753086 1.74074074074074 1.12345679012346 0.506172839506173 0.111111111111111 0.135802469135802 0.197530864197531 0.358024691358025
0.0454545454545455 0.196969696969697 0.136363636363636 1.27272727272727 2.71212121212121 2.39393939393939 3.39393939393939 2 2.01515151515152 1.6969696969697 1.48484848484848 0.848484848484849 0.545454545454545 0.272727272727273 0.106060606060606 0.348484848484849
0.104651162790698 0.674418604651163 0.395348837209302 1.58139534883721 2.98837209302326 4.30232558139535 4.59302325581395 3.18604651162791 3.24418604651163 1.8953488372093 1.87209302325581 1.16279069767442 0.534883720930233 0.127906976744186 0.116279069767442 0.244186046511628
0 0.328358208955224 0.402985074626866 1.04477611940298 1.73134328358209 2.56716417910448 3.1044776119403 2.01492537313433 2.35820895522388 1.71641791044776 1.52238805970149 0.701492537313433 0.417910447761194 0.104477611940299 0.0597014925373134 0.0597014925373134
0 0.107692307692308 0.553846153846154 0.953846153846154 1.63076923076923 1.61538461538462 3.43076923076923 2.09230769230769 2.24615384615385 1 0.707692307692308 0.123076923076923 0.369230769230769 0.276923076923077 0.107692307692308 0.0153846153846154
0.025 0.1125 0.4375 1.6625 2.3625 2.75 3.3875 3.1 3.1125 1.7875 1.2875 1.2125 0.65 0.6 0.7375 0.3875
0 0.120481927710843 0.216867469879518 1.13253012048193 2.02409638554217 1.5421686746988 2.72289156626506 2.63855421686747 2.3855421686747 2.03614457831325 1.65060240963855 1.66265060240964 0.987951807228916 0.614457831325301 0.650602409638554 0.746987951807229
0.0303030303030303 0.151515151515152 0.0606060606060606 0.727272727272727 1.40909090909091 1.65151515151515 1.92424242424242 1.18181818181818 1.65151515151515 1.22727272727273 2.15151515151515 1.24242424242424 0.590909090909091 1.06060606060606 0.545454545454545 1.42424242424242
0 0.0384615384615385 0.153846153846154 0.403846153846154 0.980769230769231 1.05769230769231 1.32692307692308 0.923076923076923 1.34615384615385 1.23076923076923 1.40384615384615 1.76923076923077 0.961538461538462 0.480769230769231 0.5 0.519230769230769
0 0.2 0.14 0.08 0.48 0.42 0.62 0.94 0.66 0.48 1.28 1.16 2.86 0.86 0.54 0.34
0 0.0333333333333333 0.133333333333333 0.0666666666666667 0.133333333333333 0.233333333333333 0.366666666666667 0.5 0.433333333333333 0.8 0.766666666666667 1.03333333333333 1.2 1 1.1 0.0666666666666667
0 0 0 0.333333333333333 0 0.111111111111111 0.0555555555555556 0.333333333333333 0.111111111111111 0.833333333333333 0.166666666666667 1.33333333333333 1.05555555555556 0.722222222222222 3.61111111111111 0.222222222222222
0 0 0.0555555555555556 0 0.166666666666667 0.222222222222222 0.166666666666667 0.0555555555555556 0.166666666666667 0.388888888888889 0.777777777777778 1.61111111111111 1.33333333333333 1.05555555555556 2.11111111111111 1.5
