1.1875 0.84375 0.0625 0.0625 0.6875 0.84375 0.5625 0.0625 0.03125 0.1875 0.3125 0.625 0.78125 0.125 0 0.125
0.144578313253012 10.0722891566265 0.927710843373494 0.108433734939759 0.289156626506024 1.16867469879518 0.891566265060241 0.168674698795181 0.313253012048193 0.144578313253012 0.421686746987952 0.506024096385542 0.578313253012048 0.0963855421686747 0.0120481927710843 0.0963855421686747
0 0.876404494382023 22.1910112359551 1.1123595505618 0.179775280898876 0.224719101123595 0.966292134831461 1.21348314606742 0.460674157303371 0.393258426966292 0.112359550561798 0.179775280898876 0.49438202247191 0.0898876404494382 0.112359550561798 0.0786516853932584
0.0864197530864197 0.0123456790123457 0.827160493827161 5.30864197530864 1.92592592592593 1.97530864197531 2.58024691358025 2.2962962962963 2.55555555555556 1.33333333333333 1 0.444444444444444 0.160493827160494 0.123456790123457 0.0987654320987654 0.172839506172839
0.0303030303030303 0.212121212121212 0.121212121212121 1.09090909090909 2.13636363636364 2.18181818181818 3.10606060606061 1.86363636363636 2.98484848484848 1.71212121212121 1.74242424242424 1.45454545454545 0.96969696969697 0.560606060606061 0.287878787878788 0.651515151515151
0.151162790697674 0.744186046511628 0.430232558139535 1.74418604651163 2.93023255813953 4.55813953488372 4.52325581395349 3.2093023255814 3.95348837209302 2.26744186046512 2.36046511627907 0.895348837209302 0.651162790697674 0.302325581395349 0.116279069767442 0.27906976744186
0.0149253731343284 0.298507462686567 0.477611940298507 0.597014925373134 0.880597014925373 1.71641791044776 2.56716417910448 1.17910447761194 1.80597014925373 1 0.91044776119403 0.611940298507463 0.388059701492537 0.238805970149254 0 0.0597014925373134
0 0.0923076923076923 0.446153846153846 1.12307692307692 1.83076923076923 2.04615384615385 3.44615384615385 2 2.70769230769231 1.70769230769231 1.10769230769231 0.292307692307692 0.784615384615385 0.307692307692308 0.123076923076923 0.246153846153846
0.0375 0.0875 0.3 1.8 2.1 3.075 2.85 2.6375 2.6125 2.175 1.3875 0.4 0.5375 0.4125 0.4125 0.1125
0.0240963855421687 0.180722891566265 0.253012048192771 0.91566265060241 1.78313253012048 1.55421686746988 2.48192771084337 1.98795180722892 2.46987951807229 2 1.46987951807229 1.92771084337349 1.02409638554217 0.819277108433735 0.349397590361446 0.975903614457831
0.0606060606060606 0.166666666666667 0.0303030303030303 0.666666666666667 1.03030303030303 1.53030303030303 1.89393939393939 1.13636363636364 1.22727272727273 1.57575757575758 1.93939393939394 0.863636363636364 0.424242424242424 0.242424242424242 0.196969696969697 0.681818181818182
0.0192307692307692 0.0192307692307692 0.134615384615385 0.134615384615385 0.288461538461538 0.653846153846154 0.711538461538462 0.403846153846154 0.461538461538462 0.673076923076923 1.75 1.5 1.11538461538462 0.211538461538462 0.0961538461538462 0.307692307692308
0 0.16 0.1 0.22 0.56 0.56 0.88 1.3 0.94 0.84 1.6 1.82 4.14 0.98 0.7 0.62
0 0.2 0.133333333333333 0.0666666666666667 0.133333333333333 0.133333333333333 0.433333333333333 0.766666666666667 0.8 0.6 0.666666666666667 1.13333333333333 2.5 1.16666666666667 1.3 0.533333333333333
0 0 0 0.333333333333333 0 0.0555555555555556 0.0555555555555556 0.333333333333333 0.444444444444444 0.333333333333333 0.277777777777778 1.77777777777778 1.33333333333333 1.05555555555556 3.94444444444444 1.11111111111111
0 0 0 0.111111111111111 0.222222222222222 0 0.222222222222222 0.111111111111111 0.277777777777778 0.333333333333333 0.5 0.277777777777778 0.222222222222222 0 4.11111111111111 1.83333333333333
