0.125 0.0625 0.09375 0.03125 0.71875 1.09375 0.8125 0 0 0.125 0.53125 1.09375 0.5 0.1875 0 0.09375
0.301204819277108 11.3253012048193 1.10843373493976 0.349397590361446 0.650602409638554 1.01204819277108 1.09638554216867 0.421686746987952 0.228915662650602 0.108433734939759 0.397590361445783 0.481927710843373 0.409638554216867 0.253012048192771 0 0.0602409638554217
0 0.932584269662921 21.7640449438202 0.831460674157303 0.460674157303371 0.629213483146067 1.51685393258427 0.98876404494382 0.471910112359551 0.269662921348315 0.146067415730337 0.123595505617978 0.438202247191011 0.0674157303370786 0.191011235955056 0
0.0864197530864197 0 0.975308641975309 3.35802469135802 2.03703703703704 2.77777777777778 3.39506172839506 2.91358024691358 3.2716049382716 1.96296296296296 1.44444444444444 0.962962962962963 0.296296296296296 0.296296296296296 0.308641975308642 0.469135802469136
0.0606060606060606 0.196969696969697 0.196969696969697 1.10606060606061 2.10606060606061 2.56060606060606 3.31818181818182 1.77272727272727 2.48484848484848 1.98484848484848 1.72727272727273 0.287878787878788 0.257575757575758 0.0454545454545455 0.0454545454545455 0.242424242424242
0.104651162790698 0.709302325581395 0.232558139534884 2.05813953488372 2.98837209302326 4.7093023255814 5.52325581395349 3.08139534883721 4.16279069767442 2.25581395348837 2.36046511627907 1.06976744186047 0.511627906976744 0.267441860465116 0.116279069767442 0.290697674418605
0.119402985074627 0.238805970149254 0.402985074626866 0.776119402985075 1.62686567164179 1.98507462686567 3.35820895522388 2.56716417910448 1.95522388059702 1.23880597014925 0.970149253731343 0.432835820895522 0.313432835820896 0.194029850746269 0.0895522388059701 0.134328358208955
0 0.169230769230769 0.553846153846154 0.907692307692308 1.16923076923077 1.95384615384615 3.10769230769231 1.93846153846154 2.87692307692308 1.44615384615385 1.04615384615385 0.138461538461538 0.415384615384615 0.307692307692308 0.246153846153846 0.0769230769230769
0.025 0.1125 0.3 1.675 1.975 2.7625 3.225 2.625 2.6375 1.9875 1.4 0.5625 0.525 0.375 0.5125 0.15
0 0.120481927710843 0.192771084337349 0.975903614457831 1.48192771084337 1.18072289156627 2.27710843373494 1.95180722891566 2.06024096385542 1.93975903614458 1.59036144578313 1.16867469879518 0.698795180722892 0.469879518072289 0.373493975903614 0.72289156626506
0 0.121212121212121 0.106060606060606 0.5 1.31818181818182 1.31818181818182 1.34848484848485 1.18181818181818 1.34848484848485 0.909090909090909 2.22727272727273 1.3030303030303 0.181818181818182 0.318181818181818 0.151515151515152 0.878787878787879
0.0192307692307692 0 0.173076923076923 0.269230769230769 0.711538461538462 0.807692307692308 1.32692307692308 0.865384615384615 0.769230769230769 0.942307692307692 1.63461538461538 1.65384615384615 1.13461538461538 0.519230769230769 0.384615384615385 0.384615384615385
0 0.34 0.06 0.3 0.32 0.62 0.9 1.3 0.72 0.76 1.14 1.38 3.64 0.98 0.78 0.54
0 0.233333333333333 0.133333333333333 0.0333333333333333 0.3 0.166666666666667 0.533333333333333 0.366666666666667 0.6 0.766666666666667 0.533333333333333 0.8 1.96666666666667 0.866666666666667 0.866666666666667 0.366666666666667
0 0 0.111111111111111 0.0555555555555556 0 0 0.0555555555555556 0.222222222222222 0.388888888888889 0.444444444444444 0.444444444444444 2 1.72222222222222 1.5 2.61111111111111 1.77777777777778
0 0 0 0.111111111111111 0.277777777777778 0.0555555555555556 0.277777777777778 0.111111111111111 0.277777777777778 0.333333333333333 0.611111111111111 0.944444444444444 0.777777777777778 0.611111111111111 2.16666666666667 1.5
