1.78125 1.25 0.1875 0.03125 0.59375 1 0.71875 0.09375 0 0.15625 0.15625 0.21875 0.8125 0.15625 0 0
0.313253012048193 9.69879518072289 1.03614457831325 0.253012048192771 0.469879518072289 1.02409638554217 1.16867469879518 0.373493975903614 0.156626506024096 0.168674698795181 0.349397590361446 0.518072289156627 0.518072289156627 0.180722891566265 0.0120481927710843 0.0120481927710843
0 1.07865168539326 17.8314606741573 0.865168539325843 0.528089887640449 0.584269662921348 1.29213483146067 1.19101123595506 0.876404494382023 0.438202247191011 0.202247191011236 0.168539325842697 0.359550561797753 0.0449438202247191 0.325842696629214 0.0112359550561798
0.0864197530864197 0.0123456790123457 0.271604938271605 4.65432098765432 2.58024691358025 2.95061728395062 3.61728395061728 2.69135802469136 3.35802469135802 1.80246913580247 1.40740740740741 0.320987654320988 0.160493827160494 0.135802469135802 0.148148148148148 0.246913580246914
0.0151515151515152 0.166666666666667 0.212121212121212 0.893939393939394 2 2 2.78787878787879 1.62121212121212 2.28787878787879 1.36363636363636 1.59090909090909 1.40909090909091 0.939393939393939 0.484848484848485 0.257575757575758 0.53030303030303
0.104651162790698 0.534883720930233 0.27906976744186 1.3953488372093 2.53488372093023 3.97674418604651 4.3953488372093 2.95348837209302 3.17441860465116 1.80232558139535 1.66279069767442 0.744186046511628 0.5 0.267441860465116 0.0930232558139535 0.162790697674419
0.149253731343284 0.283582089552239 0.432835820895522 1.11940298507463 2.13432835820896 2.95522388059702 3.43283582089552 2.74626865671642 2.56716417910448 1.76119402985075 1.6865671641791 0.761194029850746 0.388059701492537 0.119402985074627 0.0298507462686567 0.0746268656716418
0 0.138461538461538 0.538461538461538 1 1.47692307692308 2.04615384615385 2.72307692307692 2.15384615384615 2.75384615384615 1.13846153846154 0.815384615384615 0.492307692307692 0.6 0.476923076923077 0.215384615384615 0.138461538461538
0 0.1 0.4625 1.425 1.7875 2.725 2.65 3.3125 2.9125 1.85 1.0875 0.4625 0.4375 0.35 0.2375 0.075
0.0120481927710843 0.192771084337349 0.168674698795181 0.891566265060241 1.56626506024096 1.09638554216867 2.13253012048193 1.7710843373494 1.89156626506024 2 1.13253012048193 1.21686746987952 0.542168674698795 0.409638554216867 0.433734939759036 0.72289156626506
0.0151515151515152 0.196969696969697 0.0303030303030303 0.545454545454545 1.16666666666667 1.28787878787879 1.53030303030303 1.28787878787879 1.59090909090909 1.59090909090909 2.8030303030303 0.893939393939394 0.651515151515151 1.27272727272727 0.575757575757576 0.893939393939394
0.0192307692307692 0.0192307692307692 0.134615384615385 0.269230769230769 0.615384615384615 1 1.11538461538462 0.653846153846154 0.807692307692308 0.961538461538462 2.32692307692308 1.42307692307692 1.15384615384615 0.365384615384615 0.307692307692308 0.384615384615385
0 0.06 0.14 0.02 0.12 0.28 0.68 0.42 0.5 0.48 0.64 1.76 4.46 0.86 0.46 0.6
0.0333333333333333 0.0666666666666667 0.0666666666666667 0.0666666666666667 0.3 0.266666666666667 0.5 0.433333333333333 0.866666666666667 1.16666666666667 0.8 1.26666666666667 2.1 1.53333333333333 1.3 0.466666666666667
0 0 0.166666666666667 0.0555555555555556 0 0 0.277777777777778 0.555555555555556 0.277777777777778 0.555555555555556 0.944444444444444 0.111111111111111 0.666666666666667 0.611111111111111 3.66666666666667 0.944444444444444
0 0 0.0555555555555556 0.111111111111111 0 0.166666666666667 0.111111111111111 0.0555555555555556 0.166666666666667 0.5 0.444444444444444 1.66666666666667 1.5 1 3 0.5
