0.0625 0.0625 0.09375 0 1.03125 1.03125 0.59375 0.0625 0 0.21875 0.3125 0.8125 0.4375 0.125 0 0
0.349397590361446 7.73493975903614 0.891566265060241 0.216867469879518 0.686746987951807 1.02409638554217 0.951807228915663 0.301204819277108 0.253012048192771 0.144578313253012 0.337349397590361 0.469879518072289 0.662650602409639 0.180722891566265 0.0120481927710843 0.120481927710843
0 0.49438202247191 21.2696629213483 1.47191011235955 0.460674157303371 0.730337078651685 1.40449438202247 1.08988764044944 0.584269662921348 0.213483146067416 0.258426966292135 0.0898876404494382 0.370786516853933 0.112359550561798 0.0898876404494382 0.0898876404494382
0.0493827160493827 0 0.666666666666667 4.71604938271605 2.2716049382716 3.2962962962963 4.12345679012346 3.33333333333333 3.7283950617284 2.2716049382716 1.71604938271605 1.03703703703704 0.358024691358025 0.407407407407407 0.382716049382716 0.592592592592593
0.0606060606060606 0.121212121212121 0.287878787878788 1.42424242424242 3.31818181818182 2.93939393939394 3.5 2 2.68181818181818 1.6969696969697 2.09090909090909 0.742424242424242 0.484848484848485 0.318181818181818 0.121212121212121 0.318181818181818
0.104651162790698 0.790697674418605 0.406976744186047 1.47674418604651 2.56976744186047 4.23255813953488 4.95348837209302 2.74418604651163 3.69767441860465 2.05813953488372 1.81395348837209 1.03488372093023 0.546511627906977 0.395348837209302 0.174418604651163 0.290697674418605
0.194029850746269 0.373134328358209 0.388059701492537 0.865671641791045 1.95522388059702 2.2089552238806 3.40298507462687 2.88059701492537 2.11940298507463 1.29850746268657 0.985074626865672 0.656716417910448 0.298507462686567 0.149253731343284 0.0746268656716418 0.104477611940299
0 0.123076923076923 0.584615384615385 0.861538461538462 1.33846153846154 2.36923076923077 2.81538461538462 1.83076923076923 2.61538461538462 1.32307692307692 0.861538461538462 0.430769230769231 0.907692307692308 0.569230769230769 0.292307692307692 0.169230769230769
0.0125 0.075 0.4125 1.55 2.0125 2.8 2.8875 3.45 3.25 2.1875 1.175 0.6625 0.4625 0.475 0.475 0.2375
0.0120481927710843 0.156626506024096 0.216867469879518 0.939759036144578 1.63855421686747 1.2289156626506 2.36144578313253 1.74698795180723 1.80722891566265 2.08433734939759 1.95180722891566 0.939759036144578 0.493975903614458 0.385542168674699 0.240963855421687 0.674698795180723
0 0.136363636363636 0.0909090909090909 0.863636363636364 1.22727272727273 2.10606060606061 1.77272727272727 1.1969696969697 1.66666666666667 1.22727272727273 2.95454545454545 1.15151515151515 0.393939393939394 1.09090909090909 0.515151515151515 1.46969696969697
0.0384615384615385 0.0961538461538462 0.173076923076923 0.307692307692308 0.923076923076923 1.26923076923077 1.23076923076923 1.01923076923077 1.28846153846154 0.980769230769231 1.44230769230769 1.61538461538462 0.980769230769231 0.384615384615385 0.25 0.461538461538462
0.02 0.18 0.1 0.22 0.44 0.5 1.06 1.04 1 0.72 1.38 1.5 2.3 1.14 0.9 0.9
0 0.266666666666667 0.166666666666667 0.0333333333333333 0.1 0 0.4 0.5 0.766666666666667 0.5 0.3 1.03333333333333 1.76666666666667 1.26666666666667 0.9 0.266666666666667
0 0 0.0555555555555556 0.0555555555555556 0.222222222222222 0 0.277777777777778 0.166666666666667 0.5 0.0555555555555556 0.222222222222222 2.44444444444444 1.55555555555556 1.94444444444444 3.22222222222222 0.944444444444444
0 0 0.0555555555555556 0 0.277777777777778 0.277777777777778 0.166666666666667 0.0555555555555556 0.166666666666667 0.388888888888889 0.888888888888889 1.44444444444444 1.27777777777778 1.11111111111111 2.72222222222222 2.11111111111111
