0.65625 0.46875 0.1875 0 1.21875 0.9375 0.6875 0.15625 0.03125 0.1875 0.5625 0.4375 0.625 0.15625 0 0.0625
0.421686746987952 9.7710843373494 1.14457831325301 0.204819277108434 0.566265060240964 1.31325301204819 1 0.253012048192771 0.180722891566265 0.180722891566265 0.349397590361446 0.421686746987952 0.253012048192771 0.0481927710843374 0.0120481927710843 0.036144578313253
0 0.382022471910112 16.752808988764 1.10112359550562 0.617977528089888 0.741573033707865 1.39325842696629 1.06741573033708 0.651685393258427 0.49438202247191 0.224719101123595 0.157303370786517 0.314606741573034 0.0786516853932584 0.123595505617978 0.101123595505618
0.037037037037037 0.0123456790123457 1.24691358024691 3.91358024691358 2.16049382716049 2.85185185185185 3.23456790123457 2.8641975308642 3.03703703703704 1.65432098765432 1.14814814814815 1.02469135802469 0.407407407407407 0.382716049382716 0.407407407407407 0.567901234567901
0.0909090909090909 0.166666666666667 0.0757575757575758 1.46969696969697 2.71212121212121 2.33333333333333 3.27272727272727 2.03030303030303 2.31818181818182 2.07575757575758 1.57575757575758 0.484848484848485 0.257575757575758 0.0757575757575758 0.0606060606060606 0.257575757575758
0.127906976744186 0.767441860465116 0.232558139534884 1.24418604651163 2.3953488372093 3.31395348837209 3.6046511627907 2.08139534883721 2.7093023255814 1.52325581395349 1.75581395348837 1.03488372093023 0.372093023255814 0.232558139534884 0.13953488372093 0.197674418604651
0.104477611940299 0.26865671641791 0.716417910447761 0.761194029850746 1.61194029850746 2.25373134328358 3 2.6865671641791 3.46268656716418 1.37313432835821 1.8955223880597 0.611940298507463 0.358208955223881 0.208955223880597 0.164179104477612 0.0895522388059701
0 0.123076923076923 0.523076923076923 1.27692307692308 1.73846153846154 2.21538461538462 3.23076923076923 2.26153846153846 2.47692307692308 1.44615384615385 1.12307692307692 0.292307692307692 0.507692307692308 0.430769230769231 0.2 0.169230769230769
0.0125 0.175 0.275 1.4625 1.9375 2.725 2.9625 2.6875 3.525 2.325 1.125 0.425 0.45 0.2875 0.2625 0.075
0.0120481927710843 0.120481927710843 0.168674698795181 1.10843373493976 1.87951807228916 1.67469879518072 2.91566265060241 2.30120481927711 2.65060240963855 2.31325301204819 1.43373493975904 1.02409638554217 0.506024096385542 0.385542168674699 0.385542168674699 0.506024096385542
0.0303030303030303 0.0909090909090909 0.0303030303030303 0.545454545454545 1.24242424242424 1.45454545454545 2 1.34848484848485 1.78787878787879 1.42424242424242 2.95454545454545 0.833333333333333 0.560606060606061 1.15151515151515 0.318181818181818 0.924242424242424
0 0.0384615384615385 0.0576923076923077 0.269230769230769 0.596153846153846 0.826923076923077 1.05769230769231 0.730769230769231 0.846153846153846 1.13461538461538 1.88461538461538 1.80769230769231 1.03846153846154 0.423076923076923 0.230769230769231 0.692307692307692
0.02 0.18 0.06 0.04 0.38 0.44 0.66 0.6 0.64 0.78 1.5 1.52 3.48 1.34 0.78 0.82
0.0333333333333333 0.466666666666667 0.133333333333333 0.133333333333333 0.1 0.2 0.866666666666667 1.1 1.16666666666667 1.06666666666667 0.566666666666667 2.63333333333333 3 2.8 1.36666666666667 1
0 0.0555555555555556 0.0555555555555556 0.222222222222222 0 0 0.0555555555555556 0.444444444444444 0.722222222222222 0.277777777777778 0.388888888888889 1.72222222222222 1.83333333333333 1.05555555555556 1.33333333333333 0.555555555555556
0 0 0.0555555555555556 0.111111111111111 0.333333333333333 0.166666666666667 0.222222222222222 0.0555555555555556 0.388888888888889 0.555555555555556 1 1.05555555555556 0.833333333333333 0.444444444444444 2.22222222222222 1.72222222222222
