0 0.0625 0 0 1.21875 1.125 0.96875 0.09375 0 0.15625 0.6875 0.28125 0.65625 0.03125 0 0.09375
0.156626506024096 10.8433734939759 1.27710843373494 0.132530120481928 0.36144578313253 1.09638554216867 1.36144578313253 0.301204819277108 0.072289156626506 0.0843373493975904 0.385542168674699 0.506024096385542 0.530120481927711 0.132530120481928 0 0.0481927710843374
0 0.97752808988764 21.5730337078652 1.41573033707865 0.426966292134831 0.764044943820225 1.46067415730337 0.853932584269663 0.561797752808989 0.213483146067416 0.191011235955056 0.179775280898876 0.471910112359551 0.123595505617978 0.0898876404494382 0.101123595505618
0.0246913580246914 0.0123456790123457 1.11111111111111 4.91358024691358 2.38271604938272 2.41975308641975 3.79012345679012 2.92592592592593 3.51851851851852 1.76543209876543 1.33333333333333 0.407407407407407 0.160493827160494 0.160493827160494 0.222222222222222 0.395061728395062
0.0606060606060606 0.151515151515152 0.136363636363636 1 2.39393939393939 2.15151515151515 3.03030303030303 1.90909090909091 2.60606060606061 1.63636363636364 1.45454545454545 1.86363636363636 0.924242424242424 0.757575757575758 0.348484848484849 0.787878787878788
0.174418604651163 0.813953488372093 0.302325581395349 1.80232558139535 2.7906976744186 4.41860465116279 4.2093023255814 3.16279069767442 3.30232558139535 2.27906976744186 2.16279069767442 1.30232558139535 0.686046511627907 0.27906976744186 0.186046511627907 0.325581395348837
0.0746268656716418 0.283582089552239 0.447761194029851 0.865671641791045 1.28358208955224 2.19402985074627 2.86567164179104 2.29850746268657 2.08955223880597 1.02985074626866 1.08955223880597 0.865671641791045 0.26865671641791 0.283582089552239 0.0597014925373134 0.0895522388059701
0 0.153846153846154 0.507692307692308 1.09230769230769 1.43076923076923 1.73846153846154 3.2 1.84615384615385 3.53846153846154 1.18461538461538 0.969230769230769 0.276923076923077 0.338461538461538 0.461538461538462 0.184615384615385 0.107692307692308
0 0.1 0.4375 1.6875 2.5 3.225 3.0875 3.55 2.775 1.9 1.35 0.6 0.4125 0.325 0.7 0.275
0.0240963855421687 0.120481927710843 0.204819277108434 0.867469879518072 1.51807228915663 1.44578313253012 2.4578313253012 2.06024096385542 2.43373493975904 2.02409638554217 1.1566265060241 1.20481927710843 0.602409638554217 0.590361445783133 0.481927710843373 0.650602409638554
0.0151515151515152 0.181818181818182 0.0151515151515152 0.560606060606061 1.1969696969697 1.42424242424242 1.87878787878788 1.21212121212121 1.6969696969697 1.37878787878788 2.48484848484848 0.863636363636364 0.484848484848485 1.18181818181818 0.348484848484849 0.454545454545455
0 0.0384615384615385 0.269230769230769 0.346153846153846 0.865384615384615 1.15384615384615 1.5 0.961538461538462 1.23076923076923 1.19230769230769 2.15384615384615 1.73076923076923 1.61538461538462 0.557692307692308 0.326923076923077 0.384615384615385
0 0.18 0.12 0.36 0.46 0.94 1.16 1.5 0.86 0.62 0.62 0.86 4.1 0.64 0.7 0.58
0.0333333333333333 0.2 0.333333333333333 0.0666666666666667 0.166666666666667 0.1 0.566666666666667 0.5 0.633333333333333 0.9 0.833333333333333 1.36666666666667 1.9 1.6 1.86666666666667 0.6
0 0 0 0 0 0 0.111111111111111 0.333333333333333 0.222222222222222 0.166666666666667 0.388888888888889 1.11111111111111 1.5 0.944444444444444 0.888888888888889 0.166666666666667
0 0 0.222222222222222 0.222222222222222 0.166666666666667 0.444444444444444 0.111111111111111 0.111111111111111 0.333333333333333 1.16666666666667 1.77777777777778 2.55555555555556 1.88888888888889 1 1.72222222222222 1.05555555555556
