0.59375 0.5 0.125 0.03125 0.96875 0.96875 0.625 0.125 0.03125 0.15625 0.5 0.65625 0.46875 0.125 0 0.0625
0.0843373493975904 10.5421686746988 1.46987951807229 0.0963855421686747 0.337349397590361 0.963855421686747 1.06024096385542 0.180722891566265 0.120481927710843 0.132530120481928 0.36144578313253 0.55421686746988 0.481927710843373 0.168674698795181 0 0.0240963855421687
0 0.674157303370786 20.8539325842697 0.606741573033708 0.370786516853933 0.617977528089888 1.46067415730337 0.98876404494382 0.438202247191011 0.247191011235955 0.202247191011236 0.0786516853932584 0.337078651685393 0.0449438202247191 0.224719101123595 0
0.0864197530864197 0.037037037037037 0.641975308641975 4.16049382716049 2.04938271604938 2.7037037037037 3.20987654320988 2.7037037037037 3.01234567901235 1.74074074074074 1.44444444444444 0.493827160493827 0.234567901234568 0.111111111111111 0.123456790123457 0.234567901234568
0.0606060606060606 0.151515151515152 0.106060606060606 1.40909090909091 2.68181818181818 2.42424242424242 2.93939393939394 2.31818181818182 2.10606060606061 1.86363636363636 1.78787878787879 0.545454545454545 0.378787878787879 0.121212121212121 0.0303030303030303 0.121212121212121
0.151162790697674 0.744186046511628 0.127906976744186 1.34883720930233 2.26744186046512 3.52325581395349 3.5 2.26744186046512 2.86046511627907 1.82558139534884 1.82558139534884 1.58139534883721 1.05813953488372 0.255813953488372 0.22093023255814 0.36046511627907
0.134328358208955 0.402985074626866 0.656716417910448 0.880597014925373 2.02985074626866 2.41791044776119 3.38805970149254 2.88059701492537 2.64179104477612 1.11940298507463 1.19402985074627 0.641791044776119 0.26865671641791 0.119402985074627 0.164179104477612 0.119402985074627
0 0.107692307692308 0.738461538461539 1.09230769230769 2.36923076923077 2.84615384615385 4.50769230769231 2.70769230769231 3.35384615384615 1.75384615384615 1.01538461538462 0.307692307692308 0.6 0.384615384615385 0.246153846153846 0.169230769230769
0.0125 0.1 0.375 1.45 1.8875 2.7375 2.6375 3 2.8 1.9 1.2625 0.675 0.4625 0.4125 0.5875 0.2375
0.0240963855421687 0.072289156626506 0.421686746987952 1.43373493975904 1.86746987951807 1.43373493975904 3.24096385542169 2.42168674698795 2.93975903614458 2.2289156626506 1.93975903614458 0.831325301204819 0.518072289156627 0.518072289156627 0.337349397590361 0.301204819277108
0 0.272727272727273 0.0303030303030303 0.787878787878788 1.28787878787879 1.95454545454545 2.07575757575758 1.09090909090909 1.37878787878788 1.43939393939394 2.27272727272727 1.06060606060606 0.666666666666667 1.31818181818182 0.333333333333333 1.86363636363636
0.0192307692307692 0.0384615384615385 0.0769230769230769 0.307692307692308 0.5 0.75 0.75 0.807692307692308 1.07692307692308 1.28846153846154 1.67307692307692 1.73076923076923 1.69230769230769 0.769230769230769 0.615384615384615 0.826923076923077
0 0.36 0.16 0.12 0.32 0.3 0.88 0.56 0.8 0.58 1.2 1.38 4 0.78 0.74 0.9
0.0333333333333333 0.0666666666666667 0.233333333333333 0.3 0.233333333333333 0.2 0.4 0.833333333333333 1.36666666666667 0.566666666666667 0.466666666666667 1.13333333333333 2.1 1.83333333333333 0.533333333333333 0.433333333333333
0 0 0.0555555555555556 0.111111111111111 0.111111111111111 0 0.111111111111111 0.111111111111111 0.666666666666667 0.555555555555556 0.222222222222222 1.11111111111111 0.611111111111111 1.33333333333333 0.666666666666667 0.222222222222222
0 0 0 0.111111111111111 0.388888888888889 0.0555555555555556 0.333333333333333 0.277777777777778 0.222222222222222 0.666666666666667 1.16666666666667 0.833333333333333 1.11111111111111 1.16666666666667 2.77777777777778 4.5
