0.59375 0.375 0.09375 0 0.75 0.96875 0.84375 0.03125 0 0.0625 0.21875 0.78125 0.6875 0.15625 0 0.03125
0.156626506024096 9.7710843373494 0.951807228915663 0.0240963855421687 0.216867469879518 1.26506024096386 0.927710843373494 0.228915662650602 0.228915662650602 0.0602409638554217 0.457831325301205 0.626506024096386 0.349397590361446 0.168674698795181 0.0240963855421687 0.0602409638554217
0 1.28089887640449 19.9775280898876 1 0.337078651685393 0.393258426966292 1.24719101123595 0.853932584269663 0.449438202247191 0.179775280898876 0.112359550561798 0.146067415730337 0.359550561797753 0.0112359550561798 0.168539325842697 0.0786516853932584
0.0246913580246914 0.037037037037037 1.07407407407407 5.4320987654321 2.03703703703704 2.08641975308642 2.69135802469136 2.18518518518519 2.64197530864198 1.51851851851852 0.987654320987654 0.925925925925926 0.320987654320988 0.333333333333333 0.333333333333333 0.62962962962963
0.106060606060606 0.166666666666667 0.151515151515152 1.13636363636364 2.48484848484848 1.77272727272727 2.40909090909091 1.54545454545455 1.39393939393939 1.21212121212121 1.53030303030303 0.439393939393939 0.272727272727273 0.121212121212121 0 0.0606060606060606
0.116279069767442 0.837209302325581 0.337209302325581 1.75581395348837 2.65116279069767 4.53488372093023 4.96511627906977 3.06976744186047 3.5 2.04651162790698 2.08139534883721 1.24418604651163 0.709302325581395 0.337209302325581 0.244186046511628 0.383720930232558
0.0895522388059701 0.194029850746269 0.432835820895522 0.985074626865672 1.7910447761194 2.05970149253731 3.17910447761194 1.97014925373134 2.53731343283582 1.22388059701493 1.29850746268657 0.776119402985075 0.26865671641791 0.149253731343284 0.0895522388059701 0.104477611940299
0 0.123076923076923 0.415384615384615 1.61538461538462 1.95384615384615 3.24615384615385 4.06153846153846 3.26153846153846 3.75384615384615 1.96923076923077 1.13846153846154 0.369230769230769 0.6 0.430769230769231 0.184615384615385 0.138461538461538
0.0125 0.1125 0.45 1.8375 2.2 3.275 3.3 3.275 3 2.1625 1.35 0.725 0.625 0.4625 0.5125 0.1875
0.036144578313253 0.144578313253012 0.204819277108434 1.07228915662651 2 1.46987951807229 2.57831325301205 2.59036144578313 2.48192771084337 2.18072289156627 1.65060240963855 1.63855421686747 0.795180722891566 0.506024096385542 0.710843373493976 0.939759036144578
0 0.106060606060606 0.0454545454545455 0.46969696969697 0.96969696969697 1.27272727272727 1.66666666666667 1.09090909090909 1.36363636363636 1.37878787878788 2.04545454545455 1.10606060606061 0.757575757575758 0.484848484848485 0.5 0.787878787878788
0.0576923076923077 0.153846153846154 0.173076923076923 0.5 1.34615384615385 1.5 2.05769230769231 1.01923076923077 1.32692307692308 1.59615384615385 1.30769230769231 2.07692307692308 1.21153846153846 0.769230769230769 0.403846153846154 0.384615384615385
0 0.28 0.18 0.12 0.34 0.38 0.62 0.82 0.74 0.66 1.3 1.9 4.1 1.4 0.9 0.82
0.0333333333333333 0.166666666666667 0.2 0.133333333333333 0.2 0.166666666666667 0.333333333333333 0.533333333333333 0.8 0.666666666666667 0.633333333333333 1.73333333333333 2.06666666666667 2.4 1.16666666666667 0.766666666666667
0 0 0.111111111111111 0.388888888888889 0.166666666666667 0 0.277777777777778 0.166666666666667 0.722222222222222 0.722222222222222 0.666666666666667 0.555555555555556 0.444444444444444 1.33333333333333 1.05555555555556 0.222222222222222
0 0 0.111111111111111 0 0.222222222222222 0.277777777777778 0.277777777777778 0.0555555555555556 0.222222222222222 0.5 1.44444444444444 1.5 1.38888888888889 0.833333333333333 4.11111111111111 3
