0.25 0.0625 0.03125 0.09375 0.9375 0.96875 0.9375 0.0625 0.0625 0.21875 0.90625 1.125 0.71875 0.21875 0 0.15625
0.204819277108434 10.7349397590361 0.963855421686747 0.228915662650602 0.337349397590361 1.13253012048193 0.734939759036145 0.397590361445783 0.373493975903614 0.144578313253012 0.337349397590361 0.457831325301205 0.409638554216867 0.337349397590361 0 0.036144578313253
0 0.50561797752809 19.752808988764 1.23595505617978 0.359550561797753 0.460674157303371 1.38202247191011 0.808988764044944 0.629213483146067 0.325842696629214 0.168539325842697 0.168539325842697 0.235955056179775 0.0449438202247191 0.134831460674157 0.101123595505618
0.0617283950617284 0 0.283950617283951 4.22222222222222 2.07407407407407 2.40740740740741 2.87654320987654 2.40740740740741 2.59259259259259 1.44444444444444 0.864197530864197 0.802469135802469 0.358024691358025 0.259259259259259 0.222222222222222 0.419753086419753
0.0606060606060606 0.106060606060606 0.136363636363636 1.45454545454545 3 3.03030303030303 3.95454545454545 2.54545454545455 3.16666666666667 2.12121212121212 2.28787878787879 0.96969696969697 0.575757575757576 0.303030303030303 0.121212121212121 0.257575757575758
0.127906976744186 0.813953488372093 0.104651162790698 1.72093023255814 2.91860465116279 4.27906976744186 4.95348837209302 2.81395348837209 3.32558139534884 2.31395348837209 1.69767441860465 1.30232558139535 0.790697674418605 0.255813953488372 0.209302325581395 0.290697674418605
0.0298507462686567 0.223880597014925 0.582089552238806 1.04477611940298 1.38805970149254 2.70149253731343 3.05970149253731 2.17910447761194 2.70149253731343 1.53731343283582 1.49253731343284 0.925373134328358 0.447761194029851 0.238805970149254 0.0298507462686567 0.0895522388059701
0 0.153846153846154 0.523076923076923 0.815384615384615 1.50769230769231 1.93846153846154 3.15384615384615 1.81538461538462 2.69230769230769 1.24615384615385 0.830769230769231 0.569230769230769 1.04615384615385 0.661538461538462 0.384615384615385 0.292307692307692
0.0125 0.075 0.3625 1.325 1.6 2.0625 2.4125 2.2125 2.75 1.6375 0.9125 0.5375 0.325 0.4125 0.3875 0.225
0.0120481927710843 0.120481927710843 0.301204819277108 0.867469879518072 1.36144578313253 1.27710843373494 2.06024096385542 1.90361445783133 2.2289156626506 2.18072289156627 1.4578313253012 1.78313253012048 0.855421686746988 0.481927710843373 0.72289156626506 1.13253012048193
0.0454545454545455 0.242424242424242 0.0151515151515152 0.681818181818182 1.43939393939394 1.66666666666667 1.87878787878788 1.31818181818182 1.56060606060606 1.8030303030303 2.57575757575758 1 0.621212121212121 1.72727272727273 0.5 0.803030303030303
0 0.0192307692307692 0.0961538461538462 0.192307692307692 0.557692307692308 0.846153846153846 1.03846153846154 0.884615384615385 0.788461538461538 0.923076923076923 2.19230769230769 2.01923076923077 1.80769230769231 0.519230769230769 0.442307692307692 0.5
0 0.24 0.08 0.3 0.34 0.54 1.06 1.18 1.1 0.84 1.3 1.64 3.54 1.18 0.92 0.92
0.0333333333333333 0.266666666666667 0.233333333333333 0.166666666666667 0.233333333333333 0.133333333333333 0.533333333333333 0.5 0.766666666666667 1.16666666666667 0.6 1.93333333333333 1.56666666666667 1.86666666666667 1.53333333333333 0.566666666666667
0 0 0 0 0.111111111111111 0 0.222222222222222 0 0.722222222222222 0.5 0.833333333333333 1.44444444444444 1.55555555555556 2.22222222222222 2.38888888888889 0.333333333333333
0 0 0.0555555555555556 0.166666666666667 0.277777777777778 0.222222222222222 0.111111111111111 0.0555555555555556 0.222222222222222 0.611111111111111 0.722222222222222 1.38888888888889 1 0.833333333333333 1.72222222222222 1
