1.3125 0.875 0.15625 0.03125 1.0625 0.75 0.71875 0.09375 0.03125 0.1875 0.53125 0.65625 0.5 0.21875 0 0.0625
0.228915662650602 10.3734939759036 1.56626506024096 0.132530120481928 0.481927710843373 0.951807228915663 1.14457831325301 0.180722891566265 0.204819277108434 0.0963855421686747 0.337349397590361 0.433734939759036 0.409638554216867 0.120481927710843 0 0.0481927710843374
0 0.820224719101124 19.3483146067416 1.21348314606742 0.348314606741573 0.48314606741573 1.19101123595506 1.12359550561798 0.584269662921348 0.438202247191011 0.179775280898876 0.0898876404494382 0.460674157303371 0.101123595505618 0.202247191011236 0.0674157303370786
0.0246913580246914 0.0246913580246914 0.135802469135802 3.75308641975309 1.97530864197531 2.50617283950617 3.69135802469136 3.09876543209877 3.14814814814815 1.96296296296296 1.22222222222222 1.1358024691358 0.407407407407407 0.345679012345679 0.358024691358025 0.54320987654321
0.0757575757575758 0.196969696969697 0.0909090909090909 1.31818181818182 2.60606060606061 1.92424242424242 2.37878787878788 1.33333333333333 1.90909090909091 1.21212121212121 1.39393939393939 0.893939393939394 0.621212121212121 0.303030303030303 0.0757575757575758 0.181818181818182
0.127906976744186 0.895348837209302 0.348837209302326 1.66279069767442 2.86046511627907 4.18604651162791 4.52325581395349 2.90697674418605 3.75581395348837 1.77906976744186 2.09302325581395 1.46511627906977 0.930232558139535 0.372093023255814 0.209302325581395 0.348837209302326
0.0447761194029851 0.194029850746269 0.582089552238806 1.05970149253731 1.59701492537313 2.41791044776119 3.37313432835821 1.73134328358209 2.47761194029851 1.52238805970149 1.82089552238806 0.641791044776119 0.298507462686567 0.17910447761194 0.0298507462686567 0.0597014925373134
0 0.153846153846154 0.538461538461538 1.30769230769231 2 2.47692307692308 3.69230769230769 2.73846153846154 3.33846153846154 1.56923076923077 1.07692307692308 0.384615384615385 0.769230769230769 0.507692307692308 0.307692307692308 0.138461538461538
0 0.075 0.425 1.425 1.8 2.35 2.6 2.4875 2.7 1.65 1.2 0.5 0.45 0.375 0.35 0.15
0.0240963855421687 0.120481927710843 0.253012048192771 1.07228915662651 1.90361445783133 1.89156626506024 2.81927710843373 2.36144578313253 2.68674698795181 2.73493975903614 2.25301204819277 1.33734939759036 0.542168674698795 0.44578313253012 0.313253012048193 0.614457831325301
0.0303030303030303 0.0757575757575758 0.106060606060606 1.04545454545455 1.15151515151515 2.28787878787879 1.75757575757576 1.37878787878788 2 1.57575757575758 2.45454545454545 1.28787878787879 0.5 0.696969696969697 0.5 1.06060606060606
0 0.0192307692307692 0.173076923076923 0.326923076923077 0.865384615384615 1.15384615384615 1.5 1.11538461538462 1.11538461538462 1.26923076923077 2.05769230769231 1.69230769230769 1.51923076923077 0.461538461538462 0.288461538461538 0.519230769230769
0.02 0.02 0.08 0.1 0.28 0.28 0.68 0.74 1.18 0.58 0.86 1.78 3.62 1.04 1.06 0.62
0 0.166666666666667 0.166666666666667 0.0333333333333333 0.0666666666666667 0.2 0.633333333333333 0.766666666666667 0.4 0.933333333333333 0.6 1.26666666666667 1.9 0.766666666666667 0.8 0.2
0 0.0555555555555556 0.166666666666667 0.0555555555555556 0.111111111111111 0 0.111111111111111 0.611111111111111 0.777777777777778 0.333333333333333 0.611111111111111 0.888888888888889 1.05555555555556 0.944444444444444 2.44444444444444 0.277777777777778
0 0 0 0 0.111111111111111 0.166666666666667 0.111111111111111 0.0555555555555556 0 0.277777777777778 0.333333333333333 1.44444444444444 1.33333333333333 1.38888888888889 1.94444444444444 1.55555555555556
