2.375 1.53125 0.03125 0.03125 1.46875 0.78125 0.5 0.09375 0.09375 0.40625 0.65625 1.0625 0.75 0.28125 0 0.21875
0.108433734939759 10.5542168674699 1.39759036144578 0.168674698795181 0.409638554216867 1.03614457831325 1.2289156626506 0.265060240963855 0.27710843373494 0.156626506024096 0.385542168674699 0.602409638554217 0.421686746987952 0.192771084337349 0 0.036144578313253
0 0.752808988764045 23.0449438202247 1.17977528089888 0.224719101123595 0.404494382022472 1.32584269662921 0.898876404494382 0.51685393258427 0.224719101123595 0.146067415730337 0.146067415730337 0.48314606741573 0.0786516853932584 0.224719101123595 0.0561797752808989
0.037037037037037 0 1.16049382716049 5.34567901234568 2.20987654320988 2.92592592592593 3.81481481481481 3.03703703703704 3.5679012345679 1.87654320987654 1.5679012345679 0.395061728395062 0.148148148148148 0.160493827160494 0.222222222222222 0.395061728395062
0.0454545454545455 0.151515151515152 0.212121212121212 1.24242424242424 2.71212121212121 2.77272727272727 3.68181818181818 2.18181818181818 3.04545454545455 2.3030303030303 2 0.787878787878788 0.53030303030303 0.272727272727273 0.106060606060606 0.378787878787879
0.174418604651163 0.697674418604651 0.197674418604651 1.58139534883721 2.81395348837209 4.30232558139535 4.32558139534884 2.81395348837209 3.68604651162791 2.2093023255814 2.01162790697674 0.953488372093023 0.197674418604651 0.151162790697674 0.0581395348837209 0.151162790697674
0.0746268656716418 0.238805970149254 0.537313432835821 1.28358208955224 1.74626865671642 2.8955223880597 3.38805970149254 2.34328358208955 3.23880597014925 2.29850746268657 1.85074626865672 0.850746268656716 0.343283582089552 0.223880597014925 0.0447761194029851 0.104477611940299
0 0.0615384615384615 0.584615384615385 1.47692307692308 1.95384615384615 2.72307692307692 4.06153846153846 2.64615384615385 2.61538461538462 1.93846153846154 1.16923076923077 0.353846153846154 0.507692307692308 0.492307692307692 0.323076923076923 0.123076923076923
0.0375 0.1625 0.375 1.4125 1.8875 2.475 2.5875 2.6125 2.675 1.8 1.05 0.3125 0.275 0.35 0.4875 0.1125
0.0120481927710843 0.072289156626506 0.265060240963855 1.10843373493976 1.42168674698795 1.20481927710843 2.34939759036145 1.74698795180723 2.36144578313253 1.97590361445783 1.42168674698795 1.69879518072289 1.10843373493976 0.72289156626506 0.542168674698795 0.891566265060241
0.0151515151515152 0.121212121212121 0.0303030303030303 0.712121212121212 1.27272727272727 1.59090909090909 2.34848484848485 1.36363636363636 1.81818181818182 1.33333333333333 3.34848484848485 0.939393939393939 0.424242424242424 1.6969696969697 0.560606060606061 0.818181818181818
0 0.0576923076923077 0.134615384615385 0.0769230769230769 0.288461538461538 0.423076923076923 0.884615384615385 0.365384615384615 0.442307692307692 0.730769230769231 2.21153846153846 1.53846153846154 1.23076923076923 0.403846153846154 0.519230769230769 0.346153846153846
0.04 0.06 0.12 0.32 0.7 0.74 1.28 1.52 1.1 0.88 1.98 1.48 3.38 1.12 0.38 0.52
0 0.0666666666666667 0.2 0.0333333333333333 0.0666666666666667 0.2 0.333333333333333 0.733333333333333 1.03333333333333 0.766666666666667 0.8 1.6 1.8 1.5 0.966666666666667 0.233333333333333
0 0 0 0.111111111111111 0 0 0 0.111111111111111 0.222222222222222 0.222222222222222 0 1 0.722222222222222 1 0.888888888888889 1.38888888888889
0 0 0 0 0.444444444444444 0.0555555555555556 0.444444444444444 0.222222222222222 0.222222222222222 0.5 1.22222222222222 1.27777777777778 1.44444444444444 1.44444444444444 3.05555555555556 4.5
