0.65625 0.375 0.125 0.03125 1.125 0.8125 0.8125 0.125 0.0625 0.15625 0.75 1.03125 0.65625 0.21875 0 0.1875
0.180722891566265 11.710843373494 0.939759036144578 0.156626506024096 0.469879518072289 1.09638554216867 1.2289156626506 0.301204819277108 0.144578313253012 0.180722891566265 0.469879518072289 0.44578313253012 0.493975903614458 0.108433734939759 0 0.0240963855421687
0 1.23595505617978 18.247191011236 0.741573033707865 0.550561797752809 0.640449438202247 1.23595505617978 1.17977528089888 0.674157303370786 0.573033707865168 0.280898876404494 0.191011235955056 0.404494382022472 0.134831460674157 0.157303370786517 0.0112359550561798
0.037037037037037 0.0123456790123457 0.185185185185185 6.14814814814815 2.2962962962963 3 3.32098765432099 2.54320987654321 3.1358024691358 1.96296296296296 1.28395061728395 0.45679012345679 0.160493827160494 0.185185185185185 0.185185185185185 0.222222222222222
0.0757575757575758 0.151515151515152 0.136363636363636 0.893939393939394 2.12121212121212 2 2.45454545454545 1.57575757575758 2.09090909090909 1.46969696969697 1.62121212121212 0.848484848484849 0.5 0.257575757575758 0.106060606060606 0.303030303030303
0.0581395348837209 0.662790697674419 0.267441860465116 1.12790697674419 2.16279069767442 3.51162790697674 4.38372093023256 2.26744186046512 2.87209302325581 1.25581395348837 1.48837209302326 0.790697674418605 0.372093023255814 0.186046511627907 0.0813953488372093 0.151162790697674
0.119402985074627 0.388059701492537 0.432835820895522 0.611940298507463 1.53731343283582 2.26865671641791 2.82089552238806 2.17910447761194 2.43283582089552 1.32835820895522 1.44776119402985 0.701492537313433 0.402985074626866 0.194029850746269 0.0746268656716418 0.0746268656716418
0 0.184615384615385 0.584615384615385 1.01538461538462 1.73846153846154 2.07692307692308 2.96923076923077 2.2 2.69230769230769 1.24615384615385 0.969230769230769 0.2 0.707692307692308 0.323076923076923 0.123076923076923 0.138461538461538
0.0125 0.075 0.2625 1.525 1.7625 2.5375 2.5125 2.3125 2.5 1.6875 1.025 0.5125 0.55 0.35 0.6375 0.2375
0.0602409638554217 0.072289156626506 0.265060240963855 1.30120481927711 2.09638554216867 1.85542168674699 3.40963855421687 2.30120481927711 2.74698795180723 2.28915662650602 1.73493975903614 1.40963855421687 0.759036144578313 0.686746987951807 0.493975903614458 0.518072289156627
0.0909090909090909 0.0909090909090909 0.0757575757575758 0.666666666666667 1.28787878787879 1.75757575757576 2.04545454545455 1.71212121212121 2.18181818181818 1.21212121212121 2.33333333333333 1.21212121212121 0.348484848484849 1.15151515151515 0.257575757575758 0.484848484848485
0.0192307692307692 0.0192307692307692 0.192307692307692 0.326923076923077 0.923076923076923 1.03846153846154 1.90384615384615 0.923076923076923 1.59615384615385 1 2.23076923076923 1.78846153846154 1.53846153846154 0.653846153846154 0.307692307692308 0.480769230769231
0.04 0.16 0.1 0.22 0.26 0.48 0.9 0.8 1.06 0.54 1.28 1.66 3.26 1.12 0.78 0.74
0.0333333333333333 0.133333333333333 0.266666666666667 0.133333333333333 0.266666666666667 0.0666666666666667 0.566666666666667 0.3 0.833333333333333 0.433333333333333 0.3 1.03333333333333 1.8 1.36666666666667 0.833333333333333 0.333333333333333
0 0.0555555555555556 0.222222222222222 0.0555555555555556 0.166666666666667 0 0.166666666666667 0.611111111111111 0.5 0.277777777777778 0.722222222222222 1.05555555555556 1.27777777777778 0.388888888888889 2.88888888888889 0.722222222222222
0 0 0 0 0.333333333333333 0.0555555555555556 0.222222222222222 0.111111111111111 0.222222222222222 0.277777777777778 0.833333333333333 1.55555555555556 1.5 1.44444444444444 4.11111111111111 3.22222222222222
