0.71875 0.40625 0 0 1.21875 0.9375 0.625 0.09375 0.0625 0.375 0.8125 0.75 0.6875 0.125 0 0.21875
0.108433734939759 9.6144578313253 0.927710843373494 0.0481927710843374 0.373493975903614 1.01204819277108 1.03614457831325 0.168674698795181 0.168674698795181 0.156626506024096 0.325301204819277 0.385542168674699 0.373493975903614 0.0963855421686747 0.0240963855421687 0.0481927710843374
0 0.719101123595506 17.5056179775281 1.0561797752809 0.561797752808989 0.595505617977528 1.39325842696629 1.37078651685393 0.561797752808989 0.438202247191011 0.280898876404494 0.123595505617978 0.561797752808989 0.101123595505618 0.280898876404494 0.0449438202247191
0 0.0123456790123457 1.49382716049383 5.02469135802469 2.23456790123457 2.48148148148148 3.4320987654321 2.83950617283951 3.2962962962963 1.67901234567901 1.35802469135802 0.320987654320988 0.160493827160494 0.0740740740740741 0.111111111111111 0.209876543209877
0.0909090909090909 0.151515151515152 0.106060606060606 1.09090909090909 2.21212121212121 2.10606060606061 2.92424242424242 1.77272727272727 2.53030303030303 1.77272727272727 1.77272727272727 0.803030303030303 0.606060606060606 0.303030303030303 0.106060606060606 0.303030303030303
0.151162790697674 0.755813953488372 0.162790697674419 1.40697674418605 2.51162790697674 3.81395348837209 4.67441860465116 2.58139534883721 3.2906976744186 1.69767441860465 1.6046511627907 1.58139534883721 1.17441860465116 0.337209302325581 0.313953488372093 0.406976744186047
0.0597014925373134 0.358208955223881 0.552238805970149 0.567164179104478 1.47761194029851 2.22388059701493 2.8955223880597 2.07462686567164 2.08955223880597 0.835820895522388 0.82089552238806 0.597014925373134 0.223880597014925 0.17910447761194 0.104477611940299 0.134328358208955
0 0.123076923076923 0.569230769230769 0.661538461538462 1.64615384615385 1.96923076923077 3.23076923076923 1.70769230769231 2.96923076923077 1.07692307692308 0.769230769230769 0.353846153846154 0.646153846153846 0.430769230769231 0.261538461538462 0.184615384615385
0.0125 0.1375 0.375 1.7 1.9125 3.0375 2.9 3.0375 3.025 2.45 1.35 0.475 0.4375 0.35 0.475 0.15
0.0120481927710843 0.228915662650602 0.240963855421687 1.2289156626506 1.81927710843373 1.6144578313253 2.79518072289157 1.97590361445783 2.34939759036145 1.83132530120482 1.95180722891566 1.20481927710843 0.807228915662651 0.674698795180723 0.421686746987952 0.686746987951807
0 0.212121212121212 0.0454545454545455 0.712121212121212 1.13636363636364 1.53030303030303 1.95454545454545 1.31818181818182 1.24242424242424 1.09090909090909 3.13636363636364 0.984848484848485 0.272727272727273 1.13636363636364 0.121212121212121 0.696969696969697
0.0192307692307692 0.0769230769230769 0.153846153846154 0.0769230769230769 0.423076923076923 0.5 0.807692307692308 0.788461538461538 0.461538461538462 0.634615384615385 1.30769230769231 2.46153846153846 1.86538461538462 0.923076923076923 0.557692307692308 0.538461538461538
0.04 0.34 0.04 0.06 0.26 0.46 0.56 0.5 1.38 0.44 1.32 2.3 4.6 1.48 1.82 0.96
0 0.0666666666666667 0.133333333333333 0.166666666666667 0.0666666666666667 0.2 0.466666666666667 0.366666666666667 0.733333333333333 0.7 0.433333333333333 1.46666666666667 1.63333333333333 1.46666666666667 1.6 0.366666666666667
0 0 0 0.277777777777778 0 0.0555555555555556 0.111111111111111 0.222222222222222 0.277777777777778 0.388888888888889 0.333333333333333 2.11111111111111 1.22222222222222 0.888888888888889 1.38888888888889 0.444444444444444
0 0 0 0 0.333333333333333 0.0555555555555556 0.111111111111111 0 0.277777777777778 0.0555555555555556 0.5 0.944444444444444 0.833333333333333 0.611111111111111 2.27777777777778 1.55555555555556
