0.59375 0.4375 0.09375 0.0625 1.15625 1.125 0.625 0.03125 0 0.09375 0.59375 0.90625 0.5 0.09375 0 0.03125
0.373493975903614 10.7469879518072 1.14457831325301 0.180722891566265 0.662650602409639 1.06024096385542 1.31325301204819 0.253012048192771 0.168674698795181 0.192771084337349 0.481927710843373 0.602409638554217 0.457831325301205 0.132530120481928 0 0.036144578313253
0 0.584269662921348 19.2359550561798 1.55056179775281 0.460674157303371 0.651685393258427 1.49438202247191 1.2247191011236 0.471910112359551 0.449438202247191 0.235955056179775 0.112359550561798 0.292134831460674 0.0337078651685393 0.101123595505618 0.123595505617978
0.0246913580246914 0.0123456790123457 0.530864197530864 5.17283950617284 1.74074074074074 2.20987654320988 2.30864197530864 1.96296296296296 2.4320987654321 1.09876543209877 0.938271604938272 0.666666666666667 0.308641975308642 0.259259259259259 0.283950617283951 0.37037037037037
0.0151515151515152 0.166666666666667 0.212121212121212 1.42424242424242 2.98484848484848 3 4.60606060606061 2.68181818181818 3.39393939393939 2.3030303030303 2.22727272727273 1.60606060606061 0.939393939393939 0.621212121212121 0.303030303030303 0.712121212121212
0.127906976744186 0.569767441860465 0.186046511627907 1.52325581395349 2.22093023255814 3.65116279069767 3.98837209302326 2.59302325581395 3.65116279069767 2.09302325581395 2 0.988372093023256 0.534883720930233 0.209302325581395 0.174418604651163 0.313953488372093
0.119402985074627 0.298507462686567 0.507462686567164 0.791044776119403 1.61194029850746 2.02985074626866 2.53731343283582 2.41791044776119 2.02985074626866 1.05970149253731 1.04477611940298 0.671641791044776 0.477611940298507 0.26865671641791 0.119402985074627 0.134328358208955
0 0.0923076923076923 0.569230769230769 0.953846153846154 1.63076923076923 1.90769230769231 3.75384615384615 2.10769230769231 2.83076923076923 0.923076923076923 0.846153846153846 0.415384615384615 0.584615384615385 0.584615384615385 0.353846153846154 0.123076923076923
0 0.1375 0.475 1.825 2 2.8625 2.925 2.6875 2.8125 2.2375 1.3625 0.525 0.5375 0.3 0.3125 0.0875
0.0240963855421687 0.0963855421686747 0.265060240963855 0.951807228915663 1.5421686746988 1.40963855421687 2.28915662650602 1.74698795180723 2.51807228915663 1.93975903614458 1.96385542168675 1.59036144578313 0.987951807228916 0.843373493975904 0.469879518072289 0.578313253012048
0.0303030303030303 0.121212121212121 0.0909090909090909 1 1.42424242424242 2.27272727272727 2.12121212121212 1.59090909090909 1.98484848484848 1.25757575757576 2.37878787878788 0.96969696969697 0.424242424242424 1.28787878787879 0.53030303030303 1.07575757575758
0.0384615384615385 0.0769230769230769 0.153846153846154 0.211538461538462 0.326923076923077 0.692307692307692 0.884615384615385 0.596153846153846 0.576923076923077 0.923076923076923 0.826923076923077 1.84615384615385 1.34615384615385 0.423076923076923 0.115384615384615 0.326923076923077
0 0.18 0.16 0.12 0.48 0.5 0.54 0.8 0.6 0.42 1 1.5 3.88 1.24 0.72 1.02
0 0.133333333333333 0.133333333333333 0.1 0.466666666666667 0.233333333333333 0.633333333333333 0.7 0.9 0.533333333333333 0.3 1 1.83333333333333 0.8 0.433333333333333 0.133333333333333
0 0 0.111111111111111 0.333333333333333 0.111111111111111 0.0555555555555556 0.111111111111111 0.388888888888889 0.5 1.11111111111111 1.05555555555556 0.666666666666667 0.611111111111111 1.11111111111111 0.722222222222222 0.0555555555555556
0 0 0.111111111111111 0.222222222222222 0.222222222222222 0.277777777777778 0.166666666666667 0.166666666666667 0.277777777777778 0.888888888888889 1.33333333333333 1.88888888888889 1.61111111111111 1.11111111111111 3.83333333333333 2.5
