1.78125 1.15625 0.0625 0 0.6875 0.90625 0.65625 0.0625 0 0.125 0.15625 0.375 0.8125 0.0625 0 0
0.409638554216867 12.0240963855422 1.72289156626506 0.204819277108434 0.337349397590361 1.07228915662651 1.2289156626506 0.313253012048193 0.27710843373494 0.156626506024096 0.409638554216867 0.530120481927711 0.44578313253012 0.108433734939759 0.0240963855421687 0.0120481927710843
0 0.415730337078652 18.4157303370787 0.550561797752809 0.269662921348315 0.48314606741573 1.34831460674157 0.797752808988764 0.606741573033708 0.179775280898876 0.146067415730337 0.202247191011236 0.404494382022472 0.0674157303370786 0.112359550561798 0.0674157303370786
0.0864197530864197 0.0246913580246914 0.197530864197531 3.96296296296296 2.03703703703704 1.59259259259259 2.48148148148148 1.95061728395062 2.37037037037037 1.2962962962963 0.950617283950617 0.617283950617284 0.234567901234568 0.197530864197531 0.197530864197531 0.333333333333333
0.0606060606060606 0.196969696969697 0.242424242424242 1.45454545454545 2.93939393939394 2.81818181818182 3.57575757575758 2.60606060606061 3.25757575757576 2.07575757575758 2.01515151515152 1.46969696969697 0.878787878787879 0.575757575757576 0.287878787878788 0.712121212121212
0.13953488372093 0.674418604651163 0.302325581395349 1.51162790697674 2.5 3.77906976744186 4.43023255813953 2.52325581395349 3.09302325581395 1.86046511627907 1.43023255813953 0.906976744186046 0.488372093023256 0.302325581395349 0.104651162790698 0.267441860465116
0.119402985074627 0.223880597014925 0.313432835820896 1.04477611940298 1.85074626865672 2.55223880597015 3.35820895522388 2.49253731343284 2.19402985074627 1.49253731343284 1.14925373134328 0.626865671641791 0.328358208955224 0.134328358208955 0.0746268656716418 0.134328358208955
0 0.0615384615384615 0.646153846153846 1.23076923076923 1.56923076923077 2.69230769230769 2.98461538461538 2.35384615384615 3.06153846153846 1.46153846153846 0.938461538461538 0.323076923076923 0.769230769230769 0.553846153846154 0.353846153846154 0.2
0.0125 0.125 0.3 1.775 2.1125 2.9625 3.0375 2.6375 3.325 1.8375 1.2625 0.4 0.5 0.275 0.375 0.1125
0 0.144578313253012 0.313253012048193 0.891566265060241 1.55421686746988 1.28915662650602 2.33734939759036 1.67469879518072 2.10843373493976 1.81927710843373 1.60240963855422 1.53012048192771 1.03614457831325 0.72289156626506 0.55421686746988 0.951807228915663
0.0151515151515152 0.0454545454545455 0.0606060606060606 0.515151515151515 1.21212121212121 1.46969696969697 2.13636363636364 1.16666666666667 1.39393939393939 0.984848484848485 2.40909090909091 0.757575757575758 0.46969696969697 0.348484848484849 0.166666666666667 0.303030303030303
0.0192307692307692 0.0961538461538462 0.0961538461538462 0.0769230769230769 0.307692307692308 0.576923076923077 0.692307692307692 0.423076923076923 0.211538461538462 0.75 1.42307692307692 1.65384615384615 1.42307692307692 0.634615384615385 0.230769230769231 0.538461538461538
0 0.14 0.1 0.16 0.36 0.52 0.96 0.9 0.88 0.48 1.1 1.58 3.06 1.26 0.78 0.54
0 0.166666666666667 0.166666666666667 0.2 0.0666666666666667 0.166666666666667 0.8 0.7 0.766666666666667 0.966666666666667 0.933333333333333 0.866666666666667 1.4 0.933333333333333 0.666666666666667 0.1
0 0.0555555555555556 0.0555555555555556 0.166666666666667 0 0.0555555555555556 0.0555555555555556 0.666666666666667 0.333333333333333 0.333333333333333 0.777777777777778 1.44444444444444 1.27777777777778 0.611111111111111 2.27777777777778 0.888888888888889
0 0 0.0555555555555556 0.111111111111111 0.222222222222222 0.166666666666667 0.222222222222222 0.0555555555555556 0.333333333333333 0.388888888888889 0.777777777777778 1.44444444444444 1.16666666666667 0.722222222222222 2.55555555555556 1.22222222222222
