0.59375 0.4375 0.09375 0.09375 1.5625 0.84375 0.90625 0.0625 0 0.28125 0.75 0.40625 0.53125 0.09375 0 0.0625
0.156626506024096 10.2409638554217 1.71084337349398 0.132530120481928 0.313253012048193 0.975903614457831 1.04819277108434 0.204819277108434 0.216867469879518 0.0963855421686747 0.301204819277108 0.44578313253012 0.373493975903614 0.180722891566265 0.0120481927710843 0.0843373493975904
0 0.528089887640449 21.4494382022472 0.831460674157303 0.865168539325843 0.853932584269663 1.31460674157303 1.1685393258427 0.955056179775281 0.370786516853933 0.303370786516854 0.213483146067416 0.258426966292135 0.0561797752808989 0.179775280898876 0.0112359550561798
0.0987654320987654 0.0246913580246914 0.172839506172839 3.49382716049383 2.14814814814815 2.24691358024691 3.1358024691358 2.30864197530864 3.02469135802469 1.50617283950617 1.2962962962963 0.54320987654321 0.197530864197531 0.148148148148148 0.135802469135802 0.259259259259259
0.0303030303030303 0.196969696969697 0.121212121212121 1.62121212121212 2.45454545454545 2.25757575757576 3.10606060606061 1.84848484848485 2.57575757575758 1.51515151515152 1.77272727272727 1.12121212121212 0.666666666666667 0.378787878787879 0.181818181818182 0.424242424242424
0.0930232558139535 0.755813953488372 0.162790697674419 1.3953488372093 2.34883720930233 4.16279069767442 4.83720930232558 2.81395348837209 3.17441860465116 1.87209302325581 1.46511627906977 0.965116279069767 0.453488372093023 0.186046511627907 0.0813953488372093 0.197674418604651
0.164179104477612 0.208955223880597 0.567164179104478 0.791044776119403 1.3134328358209 2.22388059701493 3.02985074626866 2.65671641791045 2.26865671641791 0.970149253731343 0.865671641791045 0.686567164179104 0.388059701492537 0.208955223880597 0.0298507462686567 0.0597014925373134
0 0.0923076923076923 0.569230769230769 0.892307692307692 1.32307692307692 2.32307692307692 3.06153846153846 2.44615384615385 2.98461538461538 1.18461538461538 0.738461538461539 0.338461538461538 0.707692307692308 0.353846153846154 0.2 0.184615384615385
0 0.15 0.325 1.1875 1.7125 2 2.3125 2.4375 2.475 2.1625 0.9625 0.45 0.3625 0.3 0.4875 0.2375
0.0481927710843374 0.108433734939759 0.325301204819277 1.25301204819277 2.07228915662651 1.55421686746988 2.95180722891566 2.69879518072289 3.02409638554217 2.21686746987952 1.92771084337349 1.6144578313253 0.734939759036145 0.72289156626506 0.433734939759036 0.397590361445783
0.0151515151515152 0.166666666666667 0 0.5 1.60606060606061 1.46969696969697 1.72727272727273 1.68181818181818 2.07575757575758 1.24242424242424 2.48484848484848 1.22727272727273 0.303030303030303 2.92424242424242 0.212121212121212 0.848484848484849
0 0.0192307692307692 0.115384615384615 0.365384615384615 0.846153846153846 1.07692307692308 1.55769230769231 0.826923076923077 1.15384615384615 1.09615384615385 2.63461538461538 1.94230769230769 1.03846153846154 0.480769230769231 0.115384615384615 0.307692307692308
0 0.18 0.06 0.2 0.34 0.5 1.16 0.92 0.9 0.84 1.68 1.48 4.22 1.18 0.62 0.54
0 0.0666666666666667 0.2 0.1 0.0666666666666667 0 0.333333333333333 0.633333333333333 0.5 0.166666666666667 0.366666666666667 0.633333333333333 1.36666666666667 0.866666666666667 1.36666666666667 0.2
0 0 0.0555555555555556 0.333333333333333 0.111111111111111 0.0555555555555556 0.111111111111111 0.222222222222222 0.444444444444444 0.666666666666667 0.444444444444444 2.16666666666667 0.888888888888889 0.944444444444444 2.55555555555556 0.833333333333333
0 0 0.0555555555555556 0.222222222222222 0.333333333333333 0.222222222222222 0.166666666666667 0.166666666666667 0.277777777777778 0.833333333333333 1.11111111111111 0.888888888888889 0.666666666666667 0.5 2.83333333333333 2.77777777777778
