0.59375 0.375 0.03125 0 1.59375 0.96875 0.6875 0.03125 0 0.1875 0.625 0.84375 0.34375 0.09375 0 0.0625
0.457831325301205 9.25301204819277 0.734939759036145 0.228915662650602 0.662650602409639 1.26506024096386 1.27710843373494 0.313253012048193 0.180722891566265 0.192771084337349 0.55421686746988 0.397590361445783 0.397590361445783 0.144578313253012 0.0240963855421687 0.108433734939759
0 1.80898876404494 18.1797752808989 0.898876404494382 0.146067415730337 0.415730337078652 1.10112359550562 1.08988764044944 0.449438202247191 0.292134831460674 0.258426966292135 0.269662921348315 0.325842696629214 0.0449438202247191 0.303370786516854 0.0224719101123595
0.037037037037037 0 0.493827160493827 4.09876543209877 2.40740740740741 2.58024691358025 2.97530864197531 2.65432098765432 3.17283950617284 1.41975308641975 1.14814814814815 0.876543209876543 0.333333333333333 0.246913580246914 0.271604938271605 0.358024691358025
0.0606060606060606 0.196969696969697 0.0606060606060606 0.848484848484849 2.87878787878788 1.71212121212121 2.43939393939394 1.45454545454545 2.43939393939394 1.27272727272727 1.45454545454545 0.575757575757576 0.484848484848485 0.227272727272727 0.0909090909090909 0.196969696969697
0.127906976744186 0.755813953488372 0.209302325581395 1.63953488372093 2.2906976744186 4.41860465116279 4.65116279069767 3.09302325581395 3.31395348837209 2.09302325581395 1.80232558139535 1.53488372093023 0.953488372093023 0.383720930232558 0.22093023255814 0.36046511627907
0.0597014925373134 0.313432835820896 0.477611940298507 0.656716417910448 1.35820895522388 1.74626865671642 3.07462686567164 1.83582089552239 1.76119402985075 0.985074626865672 1.02985074626866 0.656716417910448 0.507462686567164 0.164179104477612 0.0597014925373134 0.0895522388059701
0 0.138461538461538 0.569230769230769 0.938461538461538 1.41538461538462 1.8 3.35384615384615 2.01538461538462 2.90769230769231 0.923076923076923 0.8 0.415384615384615 0.553846153846154 0.430769230769231 0.4 0.138461538461538
0.0125 0.1125 0.45 1.7375 2.625 3.025 3.05 3.1625 3.375 2.3 1.45 0.575 0.475 0.4625 0.45 0.15
0.0120481927710843 0.132530120481928 0.216867469879518 1.31325301204819 2.07228915662651 1.59036144578313 3.39759036144578 2.57831325301205 3.13253012048193 2.63855421686747 2.1566265060241 1.08433734939759 0.72289156626506 0.55421686746988 0.421686746987952 0.566265060240964
0.0151515151515152 0.0454545454545455 0.0303030303030303 0.636363636363636 1.46969696969697 1.74242424242424 2.53030303030303 1.74242424242424 2.22727272727273 1.40909090909091 2.93939393939394 0.984848484848485 0.272727272727273 0.560606060606061 0.515151515151515 0.484848484848485
0.0192307692307692 0.0384615384615385 0.0961538461538462 0.346153846153846 0.846153846153846 1.05769230769231 1.21153846153846 1.13461538461538 1.28846153846154 1.01923076923077 1.5 1.73076923076923 1.09615384615385 0.634615384615385 0.461538461538462 0.538461538461538
0.02 0.2 0.06 0.04 0.34 0.26 0.7 0.58 0.62 1.04 1.62 1.54 3.74 1.54 0.58 0.42
0 0.0666666666666667 0.2 0.166666666666667 0.133333333333333 0.133333333333333 0.5 0.533333333333333 0.866666666666667 0.3 0.3 0.7 2 0.966666666666667 0.8 0.1
0 0 0 0.222222222222222 0.388888888888889 0 0.444444444444444 0.166666666666667 1.16666666666667 0.944444444444444 1.27777777777778 1.05555555555556 1.33333333333333 2.94444444444444 1.33333333333333 0.277777777777778
0 0 0 0.444444444444444 0.222222222222222 0 0.333333333333333 0.166666666666667 0.666666666666667 0.833333333333333 0.444444444444444 0.833333333333333 0.666666666666667 0.277777777777778 1.38888888888889 0.611111111111111
