0.59375 0.46875 0 0 0.875 1.15625 1 0.09375 0.0625 0.25 0.40625 0.78125 1.03125 0.125 0 0.1875
0.253012048192771 10.5301204819277 1.43373493975904 0.216867469879518 0.626506024096385 1.13253012048193 1.21686746987952 0.313253012048193 0.156626506024096 0.0843373493975904 0.313253012048193 0.44578313253012 0.566265060240964 0.132530120481928 0.0120481927710843 0.036144578313253
0 1.25842696629213 18.7977528089888 1.28089887640449 0.382022471910112 0.528089887640449 1.35955056179775 1.26966292134831 0.707865168539326 0.438202247191011 0.235955056179775 0.258426966292135 0.48314606741573 0.112359550561798 0.168539325842697 0.101123595505618
0.0617283950617284 0.037037037037037 1.49382716049383 3.2962962962963 2.33333333333333 2.39506172839506 3.23456790123457 2.76543209876543 2.97530864197531 1.79012345679012 1.28395061728395 0.802469135802469 0.271604938271605 0.283950617283951 0.308641975308642 0.530864197530864
0.106060606060606 0.0909090909090909 0.196969696969697 0.757575757575757 2.42424242424242 2.03030303030303 2.48484848484848 1.54545454545455 2.24242424242424 1.21212121212121 1.42424242424242 1.34848484848485 0.818181818181818 0.636363636363636 0.227272727272727 0.484848484848485
0.209302325581395 0.883720930232558 0.395348837209302 1.54651162790698 3.03488372093023 4.27906976744186 5.55813953488372 3.02325581395349 3.68604651162791 2.1046511627907 1.61627906976744 1.38372093023256 0.872093023255814 0.418604651162791 0.255813953488372 0.337209302325581
0.0746268656716418 0.432835820895522 0.477611940298507 0.82089552238806 1.22388059701493 2.70149253731343 3.19402985074627 2 2.80597014925373 1.64179104477612 1.76119402985075 1.08955223880597 0.328358208955224 0.208955223880597 0.0447761194029851 0.104477611940298
0 0.138461538461538 0.584615384615385 0.907692307692308 1.18461538461538 2.04615384615385 2.56923076923077 2.04615384615385 2.15384615384615 1.12307692307692 0.738461538461538 0.292307692307692 0.538461538461538 0.353846153846154 0.230769230769231 0.0153846153846154
0.025 0.1 0.4875 1.975 2.4 3.2 3.525 3.3125 3.4375 2.4125 1.4375 0.825 0.7375 0.4625 0.4625 0.25
0.036144578313253 0.120481927710843 0.301204819277108 0.963855421686747 1.62650602409639 1.03614457831325 2.42168674698795 1.92771084337349 2.06024096385542 1.69879518072289 2.04819277108434 1.4578313253012 0.879518072289156 0.771084337349398 0.421686746987952 0.626506024096385
0.0151515151515152 0.121212121212121 0.0454545454545454 0.696969696969697 1.13636363636364 1.89393939393939 1.81818181818182 1.22727272727273 1.37878787878788 1.15151515151515 2.59090909090909 1.5 0.378787878787879 0.515151515151515 0.666666666666667 1.21212121212121
0.0192307692307692 0.0961538461538461 0.115384615384615 0.153846153846154 0.384615384615385 0.653846153846154 0.903846153846154 0.538461538461538 0.615384615384615 0.634615384615384 1.30769230769231 1.84615384615385 1.03846153846154 0.519230769230769 0.365384615384615 0.673076923076923
0.02 0.24 0.12 0.06 0.4 0.16 0.46 0.48 1.06 0.32 1.7 1.72 4.14 1.22 1.42 0.84
0 0.1 0.133333333333333 0.1 0.233333333333333 0.533333333333333 0.7 1 0.966666666666667 2.13333333333333 1.93333333333333 1.4 2.26666666666667 1.2 0.466666666666667 0.133333333333333
0 0.0555555555555556 0.0555555555555556 0.222222222222222 0 0.0555555555555556 0.0555555555555556 0.722222222222222 0.555555555555555 0.555555555555555 1.05555555555556 1.38888888888889 0.611111111111111 0.722222222222222 2.27777777777778 1.55555555555556
0 0 0 0.166666666666667 0.277777777777778 0 0.277777777777778 0.0555555555555556 0.388888888888889 0.277777777777778 0.5 0.666666666666667 0.5 0.333333333333333 2.33333333333333 1
