0.125 0.03125 0.15625 0 1.03125 1.0625 0.90625 0.125 0.0625 0.21875 0.6875 1.34375 0.71875 0.375 0 0.15625
0.216867469879518 9.69879518072289 1.18072289156627 0.108433734939759 0.602409638554217 0.927710843373494 1.09638554216867 0.228915662650602 0.216867469879518 0.228915662650602 0.240963855421687 0.506024096385542 0.602409638554217 0.168674698795181 0.0240963855421687 0.0843373493975904
0 0.629213483146067 20.6179775280899 0.651685393258427 0.202247191011236 0.48314606741573 1.15730337078652 0.853932584269663 0.51685393258427 0.247191011235955 0.101123595505618 0.202247191011236 0.50561797752809 0.123595505617978 0.134831460674157 0.0449438202247191
0.0864197530864197 0.0493827160493827 0.296296296296296 4.34567901234568 2.23456790123457 1.92592592592593 2.61728395061728 1.85185185185185 2.49382716049383 1.32098765432099 1.06172839506173 0.54320987654321 0.197530864197531 0.246913580246914 0.222222222222222 0.419753086419753
0.0757575757575758 0.227272727272727 0.136363636363636 1.22727272727273 2.71212121212121 2.54545454545455 3.98484848484848 1.95454545454545 2.04545454545455 1.78787878787879 2.06060606060606 0.439393939393939 0.46969696969697 0.121212121212121 0.0454545454545455 0.257575757575758
0.174418604651163 0.616279069767442 0.22093023255814 1.31395348837209 2.38372093023256 3.7093023255814 3.74418604651163 2.56976744186047 3.15116279069767 1.77906976744186 1.80232558139535 1.01162790697674 0.523255813953488 0.22093023255814 0.174418604651163 0.244186046511628
0.0597014925373134 0.358208955223881 0.388059701492537 0.701492537313433 1.52238805970149 2.41791044776119 2.83582089552239 2.35820895522388 2.38805970149254 1.29850746268657 1.52238805970149 0.716417910447761 0.343283582089552 0.238805970149254 0.0447761194029851 0.0746268656716418
0 0.0923076923076923 0.553846153846154 0.984615384615385 1.92307692307692 2.29230769230769 3.53846153846154 2.30769230769231 3.69230769230769 1.67692307692308 1.15384615384615 0.323076923076923 0.415384615384615 0.353846153846154 0.261538461538462 0.123076923076923
0.025 0.1625 0.3625 1.1875 1.2625 1.825 2.175 2.3125 2.6 1.575 0.8625 0.325 0.2125 0.2875 0.2 0.1125
0.0120481927710843 0.156626506024096 0.313253012048193 1.07228915662651 1.91566265060241 1.92771084337349 2.87951807228916 2.30120481927711 2.43373493975904 2.30120481927711 1.6144578313253 1 0.301204819277108 0.421686746987952 0.301204819277108 0.36144578313253
0.0151515151515152 0.181818181818182 0.121212121212121 1.15151515151515 1.24242424242424 2.3030303030303 1.77272727272727 1.5 1.68181818181818 1.18181818181818 3.12121212121212 1.09090909090909 0.393939393939394 0.545454545454545 0.272727272727273 0.757575757575758
0.0192307692307692 0.0192307692307692 0.0769230769230769 0.25 0.557692307692308 0.903846153846154 0.846153846153846 0.865384615384615 0.961538461538462 0.961538461538462 2.57692307692308 1.86538461538462 1.25 0.557692307692308 0.365384615384615 0.192307692307692
0 0.1 0.06 0.2 0.38 0.38 0.74 0.88 0.88 0.64 1.1 1.08 4.54 0.88 1.16 0.94
0 0.366666666666667 0.133333333333333 0 0.1 0 0.866666666666667 0.833333333333333 0.366666666666667 0.533333333333333 0.133333333333333 1.53333333333333 2.26666666666667 1.2 0.733333333333333 0.1
0 0.0555555555555556 0.111111111111111 0 0.222222222222222 0 0.277777777777778 0.333333333333333 0.611111111111111 0.0555555555555556 0.5 1.05555555555556 0.888888888888889 1.22222222222222 0.888888888888889 1.61111111111111
0 0 0.166666666666667 0.111111111111111 0.222222222222222 0.388888888888889 0.277777777777778 0.222222222222222 0.166666666666667 1.16666666666667 2 2.16666666666667 2 1.5 2.5 3.77777777777778
