0.59375 0.4375 0.0625 0.03125 0.5625 0.9375 1.15625 0.03125 0 0.0625 0.21875 0.4375 0.75 0.09375 0 0.09375
0.204819277108434 10.1325301204819 1.33734939759036 0.144578313253012 0.349397590361446 1.03614457831325 1.04819277108434 0.289156626506024 0.168674698795181 0.0843373493975904 0.433734939759036 0.506024096385542 0.626506024096386 0.192771084337349 0 0.0602409638554217
0 0.640449438202247 21.1910112359551 1.06741573033708 0.573033707865168 0.898876404494382 1.7752808988764 1.01123595505618 0.752808988764045 0.325842696629214 0.359550561797753 0.123595505617978 0.348314606741573 0.0674157303370786 0.123595505617978 0.0449438202247191
0.135802469135802 0 1.35802469135802 3.87654320987654 2.30864197530864 2.32098765432099 2.98765432098765 2.45679012345679 2.92592592592593 1.40740740740741 0.987654320987654 0.814814814814815 0.419753086419753 0.296296296296296 0.333333333333333 0.469135802469136
0.0303030303030303 0.151515151515152 0.136363636363636 1.13636363636364 2.78787878787879 2.60606060606061 3.65151515151515 1.83333333333333 2.45454545454545 1.83333333333333 1.60606060606061 1.15151515151515 0.803030303030303 0.393939393939394 0.196969696969697 0.393939393939394
0.174418604651163 0.5 0.22093023255814 1.81395348837209 3.1046511627907 4.68604651162791 5.52325581395349 3.58139534883721 4.19767441860465 2.73255813953488 2.01162790697674 1.06976744186047 0.593023255813954 0.372093023255814 0.22093023255814 0.325581395348837
0.119402985074627 0.328358208955224 0.507462686567164 1.22388059701493 2.53731343283582 2.46268656716418 3.65671641791045 2.77611940298507 2.35820895522388 1.50746268656716 1.14925373134328 0.701492537313433 0.238805970149254 0.194029850746269 0.0895522388059701 0.104477611940299
0 0.0923076923076923 0.538461538461538 1.06153846153846 1.46153846153846 2.27692307692308 3.58461538461538 2.4 2.78461538461538 1.12307692307692 0.861538461538462 0.307692307692308 0.446153846153846 0.384615384615385 0.261538461538462 0.0461538461538462
0 0.15 0.6625 1.7125 2.3625 2.7875 3.5375 3.5125 3.475 2.3125 1.5 0.925 0.475 0.55 0.4625 0.325
0 0.180722891566265 0.27710843373494 1.36144578313253 2.08433734939759 1.40963855421687 2.87951807228916 2.03614457831325 2.44578313253012 2.01204819277108 1.8433734939759 1.78313253012048 0.963855421686747 0.578313253012048 0.349397590361446 1.02409638554217
0 0.121212121212121 0.0757575757575758 0.727272727272727 1.51515151515152 1.68181818181818 2.42424242424242 1.62121212121212 2.03030303030303 1.03030303030303 2.68181818181818 0.984848484848485 0.484848484848485 0.5 0.318181818181818 0.757575757575758
0.0384615384615385 0.134615384615385 0.0961538461538462 0.269230769230769 0.634615384615385 0.865384615384615 0.923076923076923 0.711538461538462 0.942307692307692 0.826923076923077 1.78846153846154 1.55769230769231 1.03846153846154 0.403846153846154 0.25 0.326923076923077
0 0.18 0.1 0.06 0.2 0.22 0.92 0.58 0.88 0.6 1.34 1.16 3.72 0.68 1.02 0.52
0 0 0.0666666666666667 0.233333333333333 0.433333333333333 0.166666666666667 0.466666666666667 0.333333333333333 0.966666666666667 0.366666666666667 0.366666666666667 0.7 1.73333333333333 0.8 0.633333333333333 0.1
0 0 0 0.222222222222222 0 0 0 0.0555555555555556 0.388888888888889 0.333333333333333 0.166666666666667 1.38888888888889 0.722222222222222 0.888888888888889 2.44444444444444 0.944444444444444
0 0 0 0 0.111111111111111 0 0.222222222222222 0.111111111111111 0.111111111111111 0.333333333333333 0.5 1.55555555555556 1.66666666666667 1.44444444444444 2.38888888888889 1.94444444444444
