0.65625 0.5 0.09375 0.09375 0.5 1.28125 0.8125 0.0625 0 0.125 0.4375 0.90625 0.65625 0.21875 0 0
0.156626506024096 11.8313253012048 1.37349397590361 0.192771084337349 0.481927710843373 1.06024096385542 1.25301204819277 0.385542168674699 0.216867469879518 0.132530120481928 0.349397590361446 0.530120481927711 0.240963855421687 0.228915662650602 0 0.0120481927710843
0 0.528089887640449 19.0224719101124 1.04494382022472 0.382022471910112 0.573033707865168 1.26966292134831 0.808988764044944 0.640449438202247 0.269662921348315 0.191011235955056 0.0786516853932584 0.325842696629213 0.0674157303370786 0.134831460674157 0.0449438202247191
0.0123456790123457 0.0246913580246914 0.320987654320988 7.19753086419753 1.90123456790123 2.25925925925926 3 2.34567901234568 2.69135802469136 1.61728395061728 1.14814814814815 0.407407407407407 0.160493827160494 0.172839506172839 0.197530864197531 0.308641975308642
0.0151515151515152 0.196969696969697 0.136363636363636 1.04545454545455 2.53030303030303 2.40909090909091 3.04545454545454 1.56060606060606 2.34848484848485 1.71212121212121 1.53030303030303 1.24242424242424 0.681818181818182 0.454545454545454 0.196969696969697 0.454545454545454
0.197674418604651 0.627906976744186 0.162790697674419 1.80232558139535 2.8953488372093 4.20930232558139 5.41860465116279 3.15116279069767 4.30232558139535 2.33720930232558 2.37209302325581 1.45348837209302 0.918604651162791 0.313953488372093 0.290697674418605 0.395348837209302
0.134328358208955 0.164179104477612 0.477611940298507 0.850746268656716 1.64179104477612 2.14925373134328 3.14925373134328 1.82089552238806 1.88059701492537 1.02985074626866 1.01492537313433 0.746268656716418 0.343283582089552 0.223880597014925 0.0149253731343284 0.0447761194029851
0 0.153846153846154 0.507692307692308 1.4 1.63076923076923 2.47692307692308 3.43076923076923 2.18461538461538 3.49230769230769 1.63076923076923 1.01538461538462 0.276923076923077 0.553846153846154 0.492307692307692 0.169230769230769 0.0923076923076923
0.0125 0.0625 0.4125 1.4375 1.8625 2.4 3.075 2.7375 3.025 1.7375 1.175 0.95 0.5625 0.5875 0.5625 0.325
0.0120481927710843 0.108433734939759 0.349397590361446 1.19277108433735 1.55421686746988 1.57831325301205 2.42168674698795 1.73493975903614 2.18072289156626 1.96385542168675 1.42168674698795 1.19277108433735 0.686746987951807 0.518072289156626 0.349397590361446 0.614457831325301
0.0454545454545454 0.212121212121212 0.0454545454545454 0.666666666666667 1.60606060606061 1.98484848484848 2.59090909090909 1.74242424242424 1.98484848484848 1.39393939393939 2.66666666666667 1.40909090909091 0.424242424242424 1.31818181818182 0.393939393939394 1.25757575757576
0.0576923076923077 0.0192307692307692 0.115384615384615 0.153846153846154 0.461538461538461 0.769230769230769 1.09615384615385 1.05769230769231 0.730769230769231 0.903846153846154 1.80769230769231 2.48076923076923 2.30769230769231 1.07692307692308 0.769230769230769 0.942307692307692
0.04 0.12 0.08 0.08 0.54 0.44 0.98 0.66 1.28 0.56 1.06 2.44 5.36 1.66 1.56 1.14
0 0.166666666666667 0.233333333333333 0.0333333333333333 0.133333333333333 0 0.333333333333333 0.433333333333333 0.7 0.3 0.366666666666667 1.76666666666667 1.3 1.5 0.933333333333333 0.366666666666667
0 0.0555555555555556 0.0555555555555556 0.277777777777778 0.222222222222222 0.0555555555555556 0.166666666666667 0.5 0.666666666666667 0.5 0.555555555555555 2.05555555555556 1.11111111111111 1.11111111111111 1.22222222222222 0.666666666666667
0 0 0.111111111111111 0.222222222222222 0.222222222222222 0.222222222222222 0.111111111111111 0.111111111111111 0.277777777777778 0.888888888888889 1.27777777777778 0.944444444444444 0.611111111111111 0.222222222222222 4.88888888888889 2.38888888888889
