0.59375 0.375 0.0625 0 1.0625 0.84375 0.65625 0.09375 0.0625 0.375 0.3125 0.59375 0.90625 0.21875 0 0.15625
0.493975903614458 10.5421686746988 1.07228915662651 0.216867469879518 0.590361445783133 1.1566265060241 1.2289156626506 0.337349397590361 0.180722891566265 0.144578313253012 0.469879518072289 0.349397590361446 0.518072289156627 0.204819277108434 0.0240963855421687 0.036144578313253
0 0.426966292134831 19.8426966292135 0.932584269662921 0.539325842696629 0.606741573033708 1.2247191011236 1.10112359550562 0.842696629213483 0.359550561797753 0.213483146067416 0.0674157303370786 0.224719101123595 0.0449438202247191 0.112359550561798 0.0786516853932584
0.0740740740740741 0.0246913580246914 0.246913580246914 5.96296296296296 2.38271604938272 2.93827160493827 3.49382716049383 2.91358024691358 3.35802469135802 1.90123456790123 1.37037037037037 0.617283950617284 0.172839506172839 0.234567901234568 0.209876543209877 0.37037037037037
0.0606060606060606 0.257575757575758 0.121212121212121 1.16666666666667 3.12121212121212 3.01515151515152 3.43939393939394 2.27272727272727 2.21212121212121 1.78787878787879 1.71212121212121 0.484848484848485 0.439393939393939 0.0757575757575758 0.0454545454545455 0.196969696969697
0.104651162790698 0.593023255813954 0.313953488372093 1.41860465116279 2.34883720930233 3.80232558139535 3.96511627906977 2.76744186046512 2.93023255813953 1.76744186046512 1.81395348837209 1.23255813953488 0.581395348837209 0.302325581395349 0.209302325581395 0.395348837209302
0.119402985074627 0.522388059701492 0.582089552238806 0.776119402985075 1.86567164179104 2.71641791044776 3.32835820895522 2.82089552238806 2.52238805970149 0.940298507462687 1.1044776119403 0.895522388059702 0.477611940298507 0.208955223880597 0.134328358208955 0.104477611940299
0 0.138461538461538 0.538461538461538 0.938461538461538 1.47692307692308 2.21538461538462 3.32307692307692 2.07692307692308 2.83076923076923 1.27692307692308 0.861538461538462 0.353846153846154 0.784615384615385 0.492307692307692 0.292307692307692 0.153846153846154
0 0.1625 0.3875 1.5125 1.8875 2.7125 2.7375 2.1875 3.1875 1.6125 1.375 0.7375 0.5375 0.4 0.7 0.325
0.0120481927710843 0.192771084337349 0.253012048192771 1.07228915662651 2.02409638554217 1.49397590361446 2.71084337349398 2.33734939759036 2.60240963855422 2.19277108433735 1.43373493975904 1.1566265060241 0.698795180722892 0.566265060240964 0.409638554216867 0.63855421686747
0.0151515151515152 0.151515151515152 0.0151515151515152 0.409090909090909 0.924242424242424 1.36363636363636 1.74242424242424 0.939393939393939 1.56060606060606 1.59090909090909 2.42424242424242 0.96969696969697 0.53030303030303 0.606060606060606 0.575757575757576 0.515151515151515
0 0.0576923076923077 0.115384615384615 0.230769230769231 0.711538461538462 0.807692307692308 1 0.846153846153846 0.788461538461538 1.07692307692308 1.38461538461538 1.51923076923077 1.5 0.5 0.269230769230769 0.634615384615385
0.06 0.2 0.24 0.16 0.26 0.22 1.3 1.04 0.98 0.82 1.64 1.46 3.58 0.6 0.46 0.32
0 0.333333333333333 0.133333333333333 0.0333333333333333 0.166666666666667 0.0666666666666667 0.733333333333333 0.966666666666667 0.9 1 0.966666666666667 1.43333333333333 3.43333333333333 2.03333333333333 1.4 0.533333333333333
0 0.0555555555555556 0.0555555555555556 0.111111111111111 0.111111111111111 0 0.166666666666667 0.333333333333333 0.833333333333333 0.444444444444444 0.722222222222222 1.83333333333333 1.33333333333333 1.44444444444444 1.27777777777778 1.05555555555556
0 0 0.0555555555555556 0.277777777777778 0.222222222222222 0.222222222222222 0 0.166666666666667 0.166666666666667 0.722222222222222 0.722222222222222 0.5 0.388888888888889 0.222222222222222 3 1.44444444444444
