0.59375 0.40625 0 0 0.53125 1.125 0.8125 0.0625 0.0625 0.1875 0.21875 0.78125 0.875 0.15625 0 0.125
0.421686746987952 9.12048192771084 1.43373493975904 0.168674698795181 0.674698795180723 1.02409638554217 1.28915662650602 0.265060240963855 0.144578313253012 0.180722891566265 0.421686746987952 0.481927710843373 0.578313253012048 0.120481927710843 0 0.072289156626506
0 0.460674157303371 21.1910112359551 0.775280898876405 0.393258426966292 0.764044943820225 1.25842696629213 0.910112359550562 0.629213483146067 0.314606741573034 0.168539325842697 0.213483146067416 0.415730337078652 0.0561797752808989 0.101123595505618 0.0224719101123595
0.0493827160493827 0.0246913580246914 0.975308641975309 5.09876543209877 2.33333333333333 2.45679012345679 3.18518518518519 2.55555555555556 3.03703703703704 1.64197530864198 1.25925925925926 0.506172839506173 0.123456790123457 0.209876543209877 0.259259259259259 0.358024691358025
0.0151515151515152 0.196969696969697 0.121212121212121 1.12121212121212 2.60606060606061 2.54545454545455 3.09090909090909 2.07575757575758 2.42424242424242 1.96969696969697 1.57575757575758 0.712121212121212 0.515151515151515 0.287878787878788 0.106060606060606 0.318181818181818
0.127906976744186 0.790697674418605 0.209302325581395 1.46511627906977 2.63953488372093 3.91860465116279 4.83720930232558 2.63953488372093 3.45348837209302 2.15116279069767 1.83720930232558 1.22093023255814 0.476744186046512 0.337209302325581 0.174418604651163 0.313953488372093
0.0746268656716418 0.238805970149254 0.597014925373134 1.35820895522388 2.35820895522388 2.65671641791045 3.47761194029851 2.59701492537313 3.23880597014925 1.77611940298507 1.80597014925373 0.686567164179104 0.402985074626866 0.194029850746269 0.119402985074627 0.119402985074627
0 0.184615384615385 0.476923076923077 0.830769230769231 1.06153846153846 1.61538461538462 2.46153846153846 2.10769230769231 2.8 0.876923076923077 0.769230769230769 0.476923076923077 0.492307692307692 0.292307692307692 0.107692307692308 0.107692307692308
0 0.2375 0.4 1.35 1.4625 2.025 2.2875 2.15 2.4875 1.6625 1.0875 0.575 0.3625 0.425 0.475 0.2125
0.0120481927710843 0.180722891566265 0.373493975903614 0.975903614457831 1.53012048192771 1.5421686746988 2.40963855421687 1.72289156626506 2.4578313253012 1.92771084337349 1.49397590361446 1.33734939759036 0.63855421686747 0.433734939759036 0.289156626506024 0.819277108433735
0.0454545454545455 0.106060606060606 0.0606060606060606 0.787878787878788 1.56060606060606 1.62121212121212 2 2.03030303030303 2.03030303030303 1.75757575757576 2.66666666666667 1.12121212121212 0.318181818181818 0.560606060606061 0.287878787878788 0.378787878787879
0 0.0384615384615385 0.153846153846154 0.307692307692308 1.07692307692308 1.23076923076923 1.67307692307692 1.19230769230769 1.40384615384615 1 1.48076923076923 1.82692307692308 1.59615384615385 0.634615384615385 0.230769230769231 0.461538461538462
0 0.22 0.04 0.16 0.32 0.28 1.16 0.7 0.84 0.88 1.26 1.58 3.6 0.7 0.92 0.66
0 0.1 0.133333333333333 0 0.433333333333333 0.2 0.566666666666667 0.8 0.6 0.366666666666667 0.4 1.9 2.93333333333333 1.6 1.36666666666667 0.433333333333333
0 0 0 0.222222222222222 0 0.0555555555555556 0.166666666666667 0.333333333333333 0.444444444444444 0.333333333333333 0.166666666666667 0.555555555555556 0.444444444444444 0.444444444444444 2.16666666666667 0.722222222222222
0 0 0 0.111111111111111 0.388888888888889 0 0.166666666666667 0.111111111111111 0.333333333333333 0.333333333333333 0.555555555555556 1.16666666666667 1.11111111111111 0.833333333333333 1.16666666666667 1.55555555555556
