1.25 0.78125 0.03125 0.0625 0.84375 1.28125 0.625 0.0625 0 0 0.4375 0.59375 0.6875 0.09375 0 0
0.433734939759036 12.0481927710843 1.03614457831325 0.253012048192771 0.626506024096386 1.26506024096386 1.44578313253012 0.337349397590361 0.156626506024096 0.132530120481928 0.506024096385542 0.542168674698795 0.301204819277108 0.156626506024096 0.0240963855421687 0
0 1.50561797752809 21.6067415730337 0.898876404494382 0.393258426966292 0.752808988764045 1.31460674157303 0.966292134831461 0.438202247191011 0.292134831460674 0.157303370786517 0.112359550561798 0.438202247191011 0.0786516853932584 0.191011235955056 0.0561797752808989
0.037037037037037 0 0.197530864197531 4.58024691358025 2.09876543209877 2.23456790123457 3.12345679012346 2.18518518518519 3.02469135802469 1.65432098765432 1.22222222222222 0.432098765432099 0.172839506172839 0.123456790123457 0.0864197530864197 0.148148148148148
0.0151515151515152 0.166666666666667 0.166666666666667 1.31818181818182 2.74242424242424 2.21212121212121 2.8030303030303 1.92424242424242 2.24242424242424 1.65151515151515 1.74242424242424 1.62121212121212 0.848484848484849 0.575757575757576 0.257575757575758 0.590909090909091
0.162790697674419 0.697674418604651 0.209302325581395 1.94186046511628 3.11627906976744 4.03488372093023 5.2093023255814 3.23255813953488 3.47674418604651 2.15116279069767 1.80232558139535 1.03488372093023 0.651162790697674 0.162790697674419 0.151162790697674 0.22093023255814
0.134328358208955 0.164179104477612 0.402985074626866 0.582089552238806 1.14925373134328 1.34328358208955 2.02985074626866 1.85074626865672 1.77611940298507 0.626865671641791 0.537313432835821 0.417910447761194 0.194029850746269 0.0895522388059701 0.0298507462686567 0.0597014925373134
0 0.2 0.584615384615385 1.24615384615385 1.6 2.18461538461538 3.23076923076923 2.66153846153846 2.72307692307692 1.58461538461538 1.13846153846154 0.4 0.6 0.323076923076923 0.184615384615385 0.107692307692308
0.025 0.1375 0.3125 1.45 1.5875 2.25 2.225 2.4125 2.25 1.6875 1.2 0.475 0.2875 0.4125 0.575 0.2125
0.0120481927710843 0.180722891566265 0.265060240963855 1.13253012048193 2.07228915662651 1.55421686746988 3.1566265060241 2.08433734939759 2.46987951807229 2.18072289156627 1.80722891566265 1.51807228915663 0.927710843373494 0.746987951807229 0.397590361445783 0.626506024096386
0.0151515151515152 0.166666666666667 0.0606060606060606 0.606060606060606 1.16666666666667 2 2.3030303030303 1.37878787878788 1.53030303030303 1.42424242424242 2.51515151515152 1.12121212121212 0.606060606060606 1.10606060606061 0.303030303030303 0.681818181818182
0 0.0192307692307692 0.230769230769231 0.134615384615385 0.211538461538462 0.673076923076923 1.03846153846154 0.634615384615385 0.634615384615385 0.884615384615385 1.5 2.40384615384615 1.63461538461538 0.538461538461538 0.288461538461538 0.596153846153846
0 0.12 0.04 0.12 0.4 0.5 1.26 0.78 0.88 0.62 1.04 1.34 4.14 1.32 0.88 0.66
0.0666666666666667 0.2 0.2 0.2 0.266666666666667 0.266666666666667 0.933333333333333 0.9 1.2 1 0.533333333333333 1.23333333333333 1.83333333333333 1.6 0.966666666666667 0.6
0 0.0555555555555556 0.0555555555555556 0.111111111111111 0 0 0.111111111111111 0.666666666666667 0.888888888888889 0.611111111111111 0.888888888888889 1.94444444444444 3 1.5 1.44444444444444 1.27777777777778
0 0 0.166666666666667 0.111111111111111 0.388888888888889 0.388888888888889 0.0555555555555556 0.111111111111111 0.222222222222222 0.888888888888889 1.83333333333333 1.83333333333333 1.38888888888889 0.944444444444444 3.22222222222222 2.83333333333333
