0.71875 0.46875 0 0 0.90625 0.96875 0.59375 0.03125 0.03125 0.1875 0.59375 0.9375 0.71875 0.09375 0 0.125
0.192771084337349 10.289156626506 1.89156626506024 0.072289156626506 0.253012048192771 1.10843373493976 0.951807228915663 0.240963855421687 0.180722891566265 0.132530120481928 0.36144578313253 0.614457831325301 0.373493975903614 0.156626506024096 0.0120481927710843 0.0481927710843374
0 1.43820224719101 20.9101123595506 1.26966292134831 0.471910112359551 0.471910112359551 1.56179775280899 0.98876404494382 0.528089887640449 0.314606741573034 0.213483146067416 0.101123595505618 0.292134831460674 0.0449438202247191 0.157303370786517 0.0449438202247191
0.0740740740740741 0.0123456790123457 0.567901234567901 4.87654320987654 1.71604938271605 1.92592592592593 2.87654320987654 2.53086419753086 2.7283950617284 1.72839506172839 1.19753086419753 0.209876543209877 0.148148148148148 0.0617283950617284 0.0493827160493827 0.123456790123457
0.0909090909090909 0.136363636363636 0.0909090909090909 0.96969696969697 2.39393939393939 1.86363636363636 2.25757575757576 1.63636363636364 2.03030303030303 1.33333333333333 1.33333333333333 0.742424242424242 0.409090909090909 0.257575757575758 0.106060606060606 0.242424242424242
0.13953488372093 0.581395348837209 0.22093023255814 2.06976744186047 3.30232558139535 4.54651162790698 5.62790697674419 3.6046511627907 4.37209302325581 2.43023255813953 2.32558139534884 1.24418604651163 0.569767441860465 0.290697674418605 0.22093023255814 0.337209302325581
0.0746268656716418 0.26865671641791 0.343283582089552 0.746268656716418 1.50746268656716 1.62686567164179 2.58208955223881 1.73134328358209 2.1044776119403 1.26865671641791 1.28358208955224 0.716417910447761 0.298507462686567 0.253731343283582 0.0298507462686567 0.0746268656716418
0 0.0923076923076923 0.523076923076923 1.01538461538462 1.66153846153846 2.44615384615385 3.8 1.89230769230769 2.90769230769231 1.53846153846154 1 0.476923076923077 0.769230769230769 0.569230769230769 0.261538461538462 0.261538461538462
0.0375 0.1375 0.3875 1.95 2.4 3.3 3.2125 3.6375 3.3 2.55 1.4875 0.4 0.4 0.3375 0.175 0.125
0 0.156626506024096 0.385542168674699 1.04819277108434 1.87951807228916 1.74698795180723 3.14457831325301 2.13253012048193 2.63855421686747 1.93975903614458 1.33734939759036 1.18072289156627 0.771084337349398 0.710843373493976 0.325301204819277 0.602409638554217
0.0151515151515152 0.136363636363636 0.0606060606060606 0.424242424242424 1.34848484848485 1.18181818181818 1.71212121212121 1.18181818181818 1.63636363636364 1.33333333333333 2.53030303030303 1.5 0.53030303030303 1.13636363636364 0.681818181818182 1.33333333333333
0 0.173076923076923 0.115384615384615 0.288461538461538 0.826923076923077 1.01923076923077 1.11538461538462 1.03846153846154 1.01923076923077 1.09615384615385 1.36538461538462 2.01923076923077 1.94230769230769 0.846153846153846 0.423076923076923 0.5
0 0.18 0.14 0.08 0.18 0.26 0.44 0.36 0.52 0.06 0.72 1.16 3.32 0.72 0.64 0.52
0 0.166666666666667 0.166666666666667 0.0666666666666667 0.5 0.133333333333333 0.466666666666667 0.5 0.633333333333333 0.333333333333333 0.366666666666667 2.4 2.03333333333333 1.5 1.33333333333333 0.4
0 0 0 0.222222222222222 0.222222222222222 0.0555555555555556 0.222222222222222 0.277777777777778 0.444444444444444 0.222222222222222 0.222222222222222 1.22222222222222 0.5 1.66666666666667 3.5 0.944444444444444
0 0 0.0555555555555556 0.222222222222222 0.166666666666667 0.166666666666667 0 0.111111111111111 0.166666666666667 0.777777777777778 0.611111111111111 0.555555555555556 0.444444444444444 0.166666666666667 2.55555555555556 0.944444444444444
