0.0625 0.03125 0.0625 0.0625 0.78125 0.96875 0.84375 0.09375 0.0625 0.15625 0.6875 0.59375 0.78125 0.1875 0 0.21875
0.72289156626506 10.7228915662651 1.04819277108434 0.301204819277108 0.843373493975904 1.25301204819277 1.4578313253012 0.313253012048193 0.156626506024096 0.192771084337349 0.518072289156627 0.385542168674699 0.301204819277108 0.120481927710843 0.036144578313253 0.0240963855421687
0 0.797752808988764 18.3258426966292 1.31460674157303 0.606741573033708 0.696629213483146 1.49438202247191 0.910112359550562 0.842696629213483 0.370786516853933 0.235955056179775 0.157303370786517 0.438202247191011 0.0561797752808989 0.213483146067416 0.0449438202247191
0.0864197530864197 0.0123456790123457 0.580246913580247 6.44444444444444 1.93827160493827 2.44444444444444 2.8641975308642 2.02469135802469 2.64197530864198 1.45679012345679 1.25925925925926 0.62962962962963 0.197530864197531 0.197530864197531 0.197530864197531 0.345679012345679
0.0303030303030303 0.181818181818182 0.181818181818182 1.37878787878788 2.89393939393939 3.3030303030303 3.84848484848485 1.83333333333333 2.72727272727273 2.13636363636364 1.8030303030303 1.42424242424242 0.712121212121212 0.424242424242424 0.181818181818182 0.439393939393939
0.186046511627907 0.534883720930233 0.27906976744186 1.33720930232558 2.52325581395349 4.38372093023256 4.61627906976744 2.56976744186047 3.66279069767442 2 2.05813953488372 0.63953488372093 0.418604651162791 0.337209302325581 0.13953488372093 0.13953488372093
0.119402985074627 0.358208955223881 0.402985074626866 0.537313432835821 1.35820895522388 2.05970149253731 2.7910447761194 1.7910447761194 1.83582089552239 0.970149253731343 1.1044776119403 0.492537313432836 0.537313432835821 0.134328358208955 0.0597014925373134 0.0298507462686567
0 0.138461538461538 0.523076923076923 1.18461538461538 1.56923076923077 2.36923076923077 3.64615384615385 2.09230769230769 2.86153846153846 1.69230769230769 1.03076923076923 0.215384615384615 0.476923076923077 0.292307692307692 0.2 0.0769230769230769
0.0125 0.1125 0.3875 1.6625 1.925 2.8875 2.6875 3.3375 2.8625 2 1.325 0.4375 0.4 0.3875 0.2875 0.15
0 0.132530120481928 0.228915662650602 1.18072289156627 1.90361445783133 1.30120481927711 2.96385542168675 2.09638554216867 1.90361445783133 2.27710843373494 1.57831325301205 1.37349397590361 0.771084337349398 0.506024096385542 0.506024096385542 0.698795180722892
0.0606060606060606 0.0757575757575758 0.0454545454545455 0.333333333333333 0.818181818181818 0.954545454545455 1.45454545454545 0.757575757575758 1.15151515151515 1.40909090909091 2.16666666666667 1.09090909090909 0.363636363636364 2.31818181818182 0.303030303030303 1.27272727272727
0 0.192307692307692 0.115384615384615 0.307692307692308 0.75 1.13461538461538 1.5 0.846153846153846 0.961538461538462 1.25 1.46153846153846 1.82692307692308 1.19230769230769 0.365384615384615 0.0576923076923077 0.442307692307692
0.02 0.3 0.1 0.06 0.3 0.32 0.38 0.34 0.64 0.24 1.26 2.06 3.72 1.2 0.98 0.94
0 0 0.233333333333333 0.166666666666667 0.233333333333333 0.333333333333333 0.566666666666667 0.633333333333333 0.866666666666667 0.966666666666667 0.866666666666667 0.366666666666667 1.36666666666667 0.466666666666667 0.6 0.166666666666667
0 0.166666666666667 0.111111111111111 0.111111111111111 0 0 0.166666666666667 0.333333333333333 0.722222222222222 0.388888888888889 0.5 0.555555555555556 1 0.666666666666667 1.33333333333333 2.44444444444444
0 0 0.0555555555555556 0.222222222222222 0.111111111111111 0.111111111111111 0.0555555555555556 0.166666666666667 0.222222222222222 0.833333333333333 0.666666666666667 1.44444444444444 1.33333333333333 0.944444444444444 2.77777777777778 1.38888888888889
