0.65625 0.40625 0.125 0 0.90625 1.125 0.6875 0.125 0.0625 0.3125 0.59375 1.0625 0.65625 0.3125 0 0.1875
0.253012048192771 8.73493975903614 1.10843373493976 0.180722891566265 0.36144578313253 1.08433734939759 1.06024096385542 0.228915662650602 0.132530120481928 0.132530120481928 0.409638554216867 0.493975903614458 0.385542168674699 0.132530120481928 0.0240963855421687 0.0602409638554217
0 0.426966292134831 17.0786516853933 1 0.449438202247191 0.674157303370786 1.31460674157303 1.19101123595506 0.707865168539326 0.258426966292135 0.213483146067416 0.168539325842697 0.359550561797753 0.0786516853932584 0.168539325842697 0.0449438202247191
0.0864197530864197 0.0123456790123457 0.962962962962963 4.39506172839506 1.85185185185185 2.19753086419753 3.02469135802469 2.69135802469136 2.79012345679012 1.55555555555556 1.12345679012346 0.469135802469136 0.234567901234568 0.197530864197531 0.172839506172839 0.283950617283951
0.0909090909090909 0.136363636363636 0.0757575757575758 0.878787878787879 2.22727272727273 2.25757575757576 3.01515151515152 1.65151515151515 2.06060606060606 1.5 1.43939393939394 0.878787878787879 0.46969696969697 0.287878787878788 0.0909090909090909 0.227272727272727
0.0813953488372093 0.558139534883721 0.22093023255814 1.82558139534884 2.88372093023256 4.16279069767442 4.8953488372093 3.16279069767442 3.11627906976744 2.25581395348837 1.75581395348837 0.744186046511628 0.383720930232558 0.151162790697674 0.0697674418604651 0.186046511627907
0.104477611940299 0.298507462686567 0.283582089552239 0.716417910447761 1.13432835820896 2.13432835820896 2.8955223880597 1.76119402985075 1.41791044776119 1.04477611940298 0.805970149253731 0.716417910447761 0.343283582089552 0.283582089552239 0.0298507462686567 0.0597014925373134
0 0.123076923076923 0.584615384615385 1.18461538461538 1.61538461538462 2.61538461538462 3.41538461538462 2.76923076923077 2.83076923076923 1.58461538461538 1.01538461538462 0.323076923076923 0.707692307692308 0.430769230769231 0.2 0.0923076923076923
0 0.1875 0.3375 1.775 2.05 2.55 2.675 2.625 2.9625 2.2625 1.025 0.525 0.475 0.2125 0.35 0.15
0.0481927710843374 0.108433734939759 0.337349397590361 0.843373493975904 1.46987951807229 1.33734939759036 2.21686746987952 1.83132530120482 2.37349397590361 1.85542168674699 1.37349397590361 1.73493975903614 0.987951807228916 0.746987951807229 0.698795180722892 0.867469879518072
0.0151515151515152 0.121212121212121 0.0757575757575758 0.727272727272727 1.31818181818182 1.66666666666667 1.81818181818182 1.21212121212121 1.89393939393939 1.63636363636364 2.54545454545455 1 0.606060606060606 1.1969696969697 0.636363636363636 1.04545454545455
0.0192307692307692 0.0576923076923077 0.0961538461538462 0.403846153846154 0.942307692307692 1.01923076923077 1.25 1.05769230769231 1.17307692307692 1.23076923076923 1.76923076923077 1.96153846153846 1.61538461538462 0.884615384615385 0.653846153846154 0.557692307692308
0 0.38 0.02 0.08 0.64 0.44 1 0.74 1.1 0.54 1.5 1.96 4.38 1.52 1.28 0.78
0 0.0666666666666667 0.133333333333333 0.133333333333333 0.233333333333333 0.233333333333333 0.433333333333333 1 0.5 0.4 0.333333333333333 1.66666666666667 1.53333333333333 1.03333333333333 1.03333333333333 0.233333333333333
0 0 0.111111111111111 0.388888888888889 0.166666666666667 0 0.111111111111111 0.111111111111111 0.777777777777778 0 1 3.77777777777778 1.66666666666667 2.22222222222222 2.5 1.11111111111111
0 0 0 0 0.166666666666667 0.0555555555555556 0.388888888888889 0 0.333333333333333 0 0.444444444444444 1.38888888888889 1.33333333333333 0.944444444444444 2.83333333333333 1.33333333333333
