0.59375 0.40625 0.09375 0.03125 0.6875 1.125 1.03125 0.03125 0 0.125 0.15625 0.375 0.71875 0.15625 0 0
0.349397590361446 11.4698795180723 0.602409638554217 0.216867469879518 0.578313253012048 1.50602409638554 1.02409638554217 0.421686746987952 0.120481927710843 0.192771084337349 0.457831325301205 0.542168674698795 0.409638554216867 0.168674698795181 0 0.0240963855421687
0 0.966292134831461 16.752808988764 0.887640449438202 0.49438202247191 0.595505617977528 1.29213483146067 1.02247191011236 0.797752808988764 0.314606741573034 0.247191011235955 0.146067415730337 0.460674157303371 0.0449438202247191 0.157303370786517 0.0449438202247191
0.037037037037037 0.0123456790123457 0.135802469135802 5.51851851851852 2.12345679012346 3.18518518518519 3.64197530864198 3.18518518518519 3.20987654320988 2.18518518518519 1.5679012345679 0.407407407407407 0.0617283950617284 0.0493827160493827 0.0864197530864197 0.148148148148148
0.106060606060606 0.166666666666667 0.151515151515152 1.13636363636364 2.77272727272727 2.34848484848485 3.03030303030303 1.68181818181818 2.8030303030303 1.72727272727273 1.84848484848485 1.5 0.909090909090909 0.606060606060606 0.257575757575758 0.515151515151515
0.0930232558139535 0.686046511627907 0.267441860465116 1.54651162790698 2.77906976744186 4.22093023255814 4.81395348837209 2.75581395348837 3.7906976744186 1.86046511627907 1.61627906976744 0.802325581395349 0.534883720930233 0.267441860465116 0.0930232558139535 0.22093023255814
0.0746268656716418 0.283582089552239 0.298507462686567 0.656716417910448 1.19402985074627 1.95522388059702 2.56716417910448 2.14925373134328 1.74626865671642 0.955223880597015 1.1044776119403 0.656716417910448 0.17910447761194 0.17910447761194 0.0149253731343284 0.0597014925373134
0 0.0769230769230769 0.630769230769231 1.13846153846154 1.84615384615385 1.93846153846154 3.30769230769231 1.98461538461538 2.78461538461538 1.50769230769231 0.907692307692308 0.307692307692308 0.476923076923077 0.353846153846154 0.215384615384615 0.0615384615384615
0.0125 0.05 0.3875 1.4375 1.675 2.525 2.6625 2.4125 2.875 1.6375 1.0875 0.475 0.45 0.275 0.7125 0.225
0.0240963855421687 0.0963855421686747 0.289156626506024 1.16867469879518 1.59036144578313 1.69879518072289 2.51807228915663 1.95180722891566 2.65060240963855 2.02409638554217 1.72289156626506 2.04819277108434 1.25301204819277 0.807228915662651 0.662650602409639 1.06024096385542
0.0757575757575758 0.151515151515152 0.0454545454545455 0.878787878787879 1.72727272727273 2.45454545454545 2.8030303030303 1.86363636363636 2.40909090909091 1.65151515151515 2.36363636363636 1.09090909090909 0.5 0.454545454545455 0.212121212121212 0.787878787878788
0.0192307692307692 0.0384615384615385 0.173076923076923 0.288461538461538 0.634615384615385 0.903846153846154 1.17307692307692 0.884615384615385 1.03846153846154 1.03846153846154 0.942307692307692 2.23076923076923 1.53846153846154 0.826923076923077 0.461538461538462 0.788461538461538
0 0.16 0.18 0.1 0.2 0.46 0.86 0.82 0.58 0.66 1.54 2.3 2.66 1.32 0.58 0.74
0 0.166666666666667 0.166666666666667 0.0333333333333333 0.3 0.0333333333333333 0.366666666666667 0.666666666666667 0.466666666666667 0.566666666666667 0.633333333333333 1.56666666666667 2.06666666666667 1.63333333333333 1.4 0.4
0 0.0555555555555556 0 0.222222222222222 0.111111111111111 0.0555555555555556 0.222222222222222 0.388888888888889 0.555555555555556 0.611111111111111 0.444444444444444 1.88888888888889 1.38888888888889 1.38888888888889 2.33333333333333 0.388888888888889
0 0 0 0 0.388888888888889 0 0.833333333333333 0.277777777777778 0.555555555555556 0.611111111111111 1.61111111111111 1.16666666666667 1.5 1.38888888888889 2.88888888888889 5.55555555555556
