1.1875 0.78125 0.09375 0.0625 1.09375 1 0.9375 0.03125 0.03125 0.21875 0.53125 1.03125 0.5625 0.28125 0 0.09375
0.313253012048193 8.78313253012048 1.31325301204819 0.204819277108434 0.373493975903614 1.44578313253012 1.20481927710843 0.301204819277108 0.240963855421687 0.120481927710843 0.518072289156627 0.566265060240964 0.602409638554217 0.144578313253012 0 0.036144578313253
0 0.337078651685393 20.0224719101124 0.415730337078652 0.325842696629214 0.550561797752809 0.98876404494382 0.741573033707865 0.662921348314607 0.280898876404494 0.112359550561798 0.112359550561798 0.280898876404494 0.0561797752808989 0.202247191011236 0.0786516853932584
0.0617283950617284 0 0.938271604938272 4.50617283950617 2.30864197530864 2.51851851851852 2.90123456790123 2.59259259259259 3.07407407407407 1.50617283950617 1.1358024691358 0.530864197530864 0.222222222222222 0.209876543209877 0.222222222222222 0.234567901234568
0.0454545454545455 0.136363636363636 0.121212121212121 1.39393939393939 2.72727272727273 2.25757575757576 3.3030303030303 1.95454545454545 2.33333333333333 1.75757575757576 1.77272727272727 0.833333333333333 0.53030303030303 0.227272727272727 0.106060606060606 0.272727272727273
0.151162790697674 0.767441860465116 0.197674418604651 1.6046511627907 2.31395348837209 3.90697674418605 4.7093023255814 2.7906976744186 2.98837209302326 2.13953488372093 1.73255813953488 1.3953488372093 0.941860465116279 0.383720930232558 0.22093023255814 0.395348837209302
0.0298507462686567 0.238805970149254 0.492537313432836 0.880597014925373 1.62686567164179 2.19402985074627 3.37313432835821 1.8955223880597 2.32835820895522 1.44776119402985 1.22388059701493 0.597014925373134 0.373134328358209 0.104477611940299 0.0298507462686567 0.0746268656716418
0 0.123076923076923 0.507692307692308 0.8 1.13846153846154 1.32307692307692 2.53846153846154 2.32307692307692 2.47692307692308 1.06153846153846 0.769230769230769 0.6 0.830769230769231 0.569230769230769 0.261538461538462 0.2
0.0125 0.075 0.4 1.275 1.275 2.0375 2.225 2.1625 2.825 1.675 0.825 0.725 0.4875 0.425 0.5625 0.3
0 0.0963855421686747 0.265060240963855 1.21686746987952 1.92771084337349 1.37349397590361 3.09638554216867 1.97590361445783 2.50602409638554 2.04819277108434 1.87951807228916 1.67469879518072 1.20481927710843 0.710843373493976 0.493975903614458 1.03614457831325
0.0303030303030303 0.151515151515152 0.0303030303030303 0.46969696969697 0.863636363636364 1.07575757575758 1.71212121212121 1.13636363636364 1.83333333333333 1.42424242424242 2.06060606060606 0.893939393939394 0.515151515151515 1 0.409090909090909 0.363636363636364
0.0192307692307692 0.0384615384615385 0.173076923076923 0.5 0.769230769230769 1.42307692307692 1.44230769230769 0.942307692307692 1.05769230769231 1.34615384615385 1.09615384615385 1.67307692307692 0.75 0.480769230769231 0.153846153846154 0.442307692307692
0.02 0.1 0.06 0.08 0.22 0.3 0.52 0.72 0.82 0.74 2.12 1.58 3.2 1.02 1.14 0.62
0 0.166666666666667 0.2 0.3 0.566666666666667 0.4 0.533333333333333 1.13333333333333 1.2 0.766666666666667 0.666666666666667 2.66666666666667 2.83333333333333 1.76666666666667 1.73333333333333 0.633333333333333
0 0 0.222222222222222 0.777777777777778 0.222222222222222 0.333333333333333 0.111111111111111 0.833333333333333 0.555555555555556 0.888888888888889 0.611111111111111 2.05555555555556 1.38888888888889 1.16666666666667 1.5 0.611111111111111
0 0 0.111111111111111 0 0.111111111111111 0.333333333333333 0.222222222222222 0 0.277777777777778 0.333333333333333 1.05555555555556 0.888888888888889 1 0.333333333333333 2.55555555555556 1.44444444444444
