0.0625 0.03125 0.15625 0.03125 0.6875 0.84375 0.78125 0.09375 0.03125 0.34375 0.3125 0.59375 0.59375 0.34375 0 0.09375
0.072289156626506 8.80722891566265 0.289156626506024 0.0240963855421687 0.469879518072289 0.975903614457831 1.25301204819277 0.216867469879518 0.240963855421687 0.108433734939759 0.289156626506024 0.469879518072289 0.313253012048193 0.156626506024096 0.0120481927710843 0.0843373493975904
0 1.14606741573034 20.314606741573 0.528089887640449 0.539325842696629 0.853932584269663 1.37078651685393 0.921348314606742 0.48314606741573 0.191011235955056 0.202247191011236 0.247191011235955 0.224719101123595 0.0674157303370786 0.202247191011236 0.0337078651685393
0.0493827160493827 0 1.37037037037037 5 2.20987654320988 2.58024691358025 2.8641975308642 2.90123456790123 2.65432098765432 1.53086419753086 1.20987654320988 0.469135802469136 0.246913580246914 0.197530864197531 0.246913580246914 0.395061728395062
0.0454545454545455 0.0454545454545455 0.181818181818182 0.984848484848485 2.18181818181818 1.59090909090909 2.56060606060606 1.36363636363636 2.21212121212121 1.43939393939394 1.3030303030303 0.96969696969697 0.545454545454545 0.363636363636364 0.196969696969697 0.333333333333333
0.151162790697674 0.720930232558139 0.151162790697674 1.75581395348837 2.52325581395349 4.03488372093023 3.98837209302326 2.54651162790698 3.36046511627907 1.93023255813953 1.74418604651163 1.22093023255814 0.813953488372093 0.232558139534884 0.22093023255814 0.302325581395349
0.134328358208955 0.238805970149254 0.417910447761194 1.02985074626866 2.02985074626866 2.3134328358209 3.07462686567164 2.49253731343284 2.46268656716418 1.29850746268657 1.44776119402985 0.73134328358209 0.26865671641791 0.0746268656716418 0.0597014925373134 0.0746268656716418
0 0.123076923076923 0.569230769230769 1.07692307692308 1.06153846153846 1.96923076923077 2.61538461538462 1.92307692307692 2.92307692307692 1.07692307692308 0.984615384615385 0.415384615384615 0.415384615384615 0.461538461538462 0.169230769230769 0.138461538461538
0.0125 0.1375 0.3875 1.3625 1.725 2.1875 2.375 2.675 2.525 1.8125 1.0375 0.65 0.4875 0.4125 0.4875 0.2125
0.0120481927710843 0.132530120481928 0.397590361445783 1.32530120481928 1.79518072289157 1.4578313253012 2.78313253012048 2.26506024096386 2.49397590361446 2.03614457831325 1.46987951807229 1.87951807228916 0.975903614457831 0.759036144578313 0.614457831325301 0.795180722891566
0.0303030303030303 0.0757575757575758 0.0303030303030303 0.348484848484849 0.818181818181818 1.03030303030303 1.43939393939394 1.03030303030303 1.37878787878788 1.01515151515152 2.40909090909091 1.04545454545455 0.53030303030303 2.25757575757576 0.272727272727273 1.24242424242424
0.0192307692307692 0.0384615384615385 0.0769230769230769 0.307692307692308 0.903846153846154 0.980769230769231 0.942307692307692 0.865384615384615 1.01923076923077 0.884615384615385 1.28846153846154 1.34615384615385 0.519230769230769 0.211538461538462 0.115384615384615 0.211538461538462
0.02 0.12 0.06 0.2 0.54 0.5 1.02 1.16 0.98 1 1.46 1.38 3.08 0.94 0.84 0.62
0.0333333333333333 0.166666666666667 0.233333333333333 0.1 0.233333333333333 0.2 0.566666666666667 0.733333333333333 0.7 0.866666666666667 0.7 0.9 1.56666666666667 1.56666666666667 1.96666666666667 0.433333333333333
0 0.0555555555555556 0.0555555555555556 0.388888888888889 0.277777777777778 0.0555555555555556 0.555555555555556 0.722222222222222 0.944444444444444 0.555555555555556 0.777777777777778 1.61111111111111 0.944444444444444 1.55555555555556 0.5 0.111111111111111
0 0 0 0.166666666666667 0.333333333333333 0.0555555555555556 0.166666666666667 0.111111111111111 0.333333333333333 0.444444444444444 0.555555555555556 0.722222222222222 0.722222222222222 0.666666666666667 1.72222222222222 1.55555555555556
