0.59375 0.4375 0.0625 0 1 1.3125 0.96875 0 0 0.0625 0.5 0.84375 0.71875 0.125 0 0.0625
0.301204819277108 11.0481927710843 0.349397590361446 0.144578313253012 0.397590361445783 1.20481927710843 0.939759036144578 0.36144578313253 0.216867469879518 0.156626506024096 0.457831325301205 0.530120481927711 0.301204819277108 0.132530120481928 0 0.072289156626506
0 1.73033707865169 21.4606741573034 1.37078651685393 0.550561797752809 0.573033707865168 1.29213483146067 1.14606741573034 0.49438202247191 0.348314606741573 0.247191011235955 0.134831460674157 0.382022471910112 0.0561797752808989 0.157303370786517 0.101123595505618
0 0.037037037037037 0.802469135802469 4.11111111111111 2.7283950617284 2.80246913580247 3.45679012345679 3.23456790123457 3.01234567901235 1.67901234567901 1.27160493827161 0.716049382716049 0.283950617283951 0.259259259259259 0.37037037037037 0.567901234567901
0.0454545454545455 0.136363636363636 0.121212121212121 1.31818181818182 2.04545454545455 1.96969696969697 3.31818181818182 1.87878787878788 2.71212121212121 1.74242424242424 1.72727272727273 1.5 0.939393939393939 0.545454545454545 0.287878787878788 0.696969696969697
0.127906976744186 0.767441860465116 0.232558139534884 1.19767441860465 2.27906976744186 3.7093023255814 4.16279069767442 2.53488372093023 2.8953488372093 1.43023255813953 1.63953488372093 1.05813953488372 0.686046511627907 0.174418604651163 0.13953488372093 0.232558139534884
0.104477611940299 0.328358208955224 0.402985074626866 1.08955223880597 2.01492537313433 2.11940298507463 3.52238805970149 2.53731343283582 2.29850746268657 1.07462686567164 0.970149253731343 0.671641791044776 0.238805970149254 0.0597014925373134 0.0597014925373134 0.0597014925373134
0 0.123076923076923 0.569230769230769 0.892307692307692 1.63076923076923 2.24615384615385 3.27692307692308 2.26153846153846 2.35384615384615 1.18461538461538 0.738461538461539 0.430769230769231 0.738461538461539 0.446153846153846 0.323076923076923 0.261538461538462
0.0125 0.1375 0.4 1.4125 1.9 2.4625 2.375 2.8 2.9875 1.8375 1.25 0.5625 0.4125 0.3125 0.3625 0.225
0.036144578313253 0.0843373493975904 0.373493975903614 1.19277108433735 1.60240963855422 1.49397590361446 2.51807228915663 2.20481927710843 2.01204819277108 2.24096385542169 2.02409638554217 1.19277108433735 0.469879518072289 0.469879518072289 0.397590361445783 0.397590361445783
0.0303030303030303 0.136363636363636 0.0606060606060606 0.560606060606061 1.09090909090909 1.59090909090909 1.78787878787879 1.56060606060606 1.8030303030303 1.18181818181818 2.42424242424242 1.12121212121212 0.424242424242424 0.681818181818182 0.287878787878788 0.757575757575758
0 0.0384615384615385 0.25 0.365384615384615 0.75 1.13461538461538 1.44230769230769 1.07692307692308 1.73076923076923 1.30769230769231 1.69230769230769 1.53846153846154 1.13461538461538 0.461538461538462 0.384615384615385 0.25
0 0.3 0.12 0.1 0.3 0.4 0.78 0.66 0.66 0.68 1.22 1.76 4.3 0.92 0.56 0.54
0 0.133333333333333 0.133333333333333 0.0333333333333333 0.333333333333333 0.0333333333333333 0.433333333333333 0.733333333333333 0.5 0.266666666666667 0.233333333333333 0.766666666666667 1.76666666666667 1.06666666666667 1.2 0.1
0 0 0 0.277777777777778 0.222222222222222 0.0555555555555556 0.222222222222222 0.222222222222222 0.555555555555556 0.333333333333333 0.166666666666667 0.388888888888889 0.388888888888889 1 0.888888888888889 0.722222222222222
0 0 0.111111111111111 0 0.166666666666667 0.277777777777778 0.111111111111111 0 0.166666666666667 0.444444444444444 1.05555555555556 1.27777777777778 1.16666666666667 0.555555555555556 1.94444444444444 1.27777777777778
