0 0.09375 0.28125 0.03125 0.71875 1 0.84375 0.125 0 0.125 0.125 0.96875 0.46875 0.21875 0 0
0.180722891566265 7.90361445783132 0.891566265060241 0.0963855421686747 0.385542168674699 1.04819277108434 1.09638554216867 0.216867469879518 0.228915662650602 0.132530120481928 0.409638554216867 0.662650602409639 0.55421686746988 0.072289156626506 0 0.072289156626506
0 0.348314606741573 18.9887640449438 0.685393258426966 0.224719101123595 0.460674157303371 1.17977528089888 0.966292134831461 0.258426966292135 0.292134831460674 0.0786516853932584 0.134831460674157 0.280898876404494 0.0898876404494382 0.112359550561798 0.0224719101123595
0.0246913580246914 0 0.271604938271605 5.40740740740741 2.06172839506173 2.32098765432099 2.62962962962963 2.22222222222222 2.65432098765432 1.45679012345679 1.06172839506173 0.604938271604938 0.283950617283951 0.259259259259259 0.271604938271605 0.37037037037037
0.0454545454545455 0.196969696969697 0.181818181818182 1.3030303030303 3.34848484848485 3.09090909090909 3.77272727272727 2.36363636363636 1.92424242424242 1.65151515151515 1.87878787878788 0.787878787878788 0.5 0.272727272727273 0.0909090909090909 0.303030303030303
0.116279069767442 0.779069767441861 0.348837209302326 1.67441860465116 3.09302325581395 4.18604651162791 5.52325581395349 3.06976744186047 4.04651162790698 1.91860465116279 2.05813953488372 1.05813953488372 0.662790697674419 0.372093023255814 0.255813953488372 0.302325581395349
0.0895522388059701 0.223880597014925 0.417910447761194 0.791044776119403 1.41791044776119 1.74626865671642 2.92537313432836 1.8955223880597 1.73134328358209 0.925373134328358 0.82089552238806 0.522388059701492 0.26865671641791 0.164179104477612 0.0597014925373134 0.0298507462686567
0 0.138461538461538 0.569230769230769 0.953846153846154 1.66153846153846 1.86153846153846 3.13846153846154 2.15384615384615 3 1.15384615384615 0.8 0.384615384615385 0.507692307692308 0.384615384615385 0.261538461538462 0.138461538461538
0.025 0.1125 0.275 1.4875 1.975 2.6625 3 2.975 2.55 1.6 1.1 0.4375 0.275 0.35 0.525 0.175
0.0240963855421687 0.072289156626506 0.253012048192771 1.25301204819277 1.93975903614458 1.24096385542169 2.79518072289157 2.1566265060241 2.42168674698795 1.95180722891566 1.92771084337349 1.57831325301205 0.939759036144578 0.710843373493976 0.566265060240964 0.72289156626506
0.0303030303030303 0.136363636363636 0.0606060606060606 0.636363636363636 1.07575757575758 1.43939393939394 1.89393939393939 1.12121212121212 1.59090909090909 1.34848484848485 2.22727272727273 0.954545454545455 0.272727272727273 0.196969696969697 0.151515151515152 1.06060606060606
0.0192307692307692 0.0961538461538462 0.134615384615385 0.442307692307692 0.923076923076923 1.21153846153846 1.51923076923077 1 1.19230769230769 1.44230769230769 0.942307692307692 2.07692307692308 1.26923076923077 0.673076923076923 0.230769230769231 0.5
0.02 0.04 0.1 0.34 0.58 0.7 1.14 1.64 1.1 0.58 1.64 1.32 3.58 0.74 0.78 0.58
0.0666666666666667 0.0333333333333333 0.3 0.0666666666666667 0.133333333333333 0.466666666666667 0.666666666666667 0.8 0.933333333333333 1.9 1.7 2.36666666666667 2.6 1.8 0.9 0.733333333333333
0 0 0.111111111111111 0.222222222222222 0.222222222222222 0.0555555555555556 0.222222222222222 0.333333333333333 0.388888888888889 0.333333333333333 0.277777777777778 1.55555555555556 1.44444444444444 1.22222222222222 1.44444444444444 1.11111111111111
0 0 0.0555555555555556 0 0.333333333333333 0.222222222222222 0.222222222222222 0.111111111111111 0.166666666666667 0.444444444444444 1.22222222222222 0.833333333333333 0.944444444444444 0.777777777777778 2.77777777777778 3.38888888888889
