1.25 0.84375 0.0625 0.03125 0.65625 1.09375 0.6875 0.09375 0.03125 0.28125 0.59375 0.78125 0.71875 0.125 0 0.21875
0.108433734939759 9.33734939759036 1.73493975903614 0.216867469879518 0.578313253012048 1.16867469879518 1.25301204819277 0.325301204819277 0.216867469879518 0.168674698795181 0.397590361445783 0.662650602409639 0.337349397590361 0.156626506024096 0 0.036144578313253
0 1.51685393258427 18.0337078651685 0.539325842696629 0.359550561797753 0.370786516853933 1.06741573033708 0.853932584269663 0.550561797752809 0.280898876404494 0.123595505617978 0.134831460674157 0.213483146067416 0.0898876404494382 0.179775280898876 0.0224719101123595
0.0493827160493827 0.0493827160493827 0.604938271604938 2.62962962962963 1.79012345679012 1.83950617283951 2.88888888888889 1.76543209876543 2.54320987654321 1.51851851851852 1.02469135802469 0.641975308641975 0.358024691358025 0.283950617283951 0.209876543209877 0.296296296296296
0.0151515151515152 0.121212121212121 0.166666666666667 1.06060606060606 2.84848484848485 2 2.78787878787879 1.74242424242424 2.3030303030303 1.60606060606061 1.43939393939394 0.681818181818182 0.46969696969697 0.257575757575758 0.136363636363636 0.333333333333333
0.162790697674419 0.593023255813954 0.127906976744186 1.66279069767442 2.97674418604651 4.75581395348837 4.22093023255814 3.06976744186047 3.3953488372093 2.18604651162791 1.90697674418605 1.06976744186047 0.604651162790698 0.209302325581395 0.162790697674419 0.209302325581395
0.0597014925373134 0.194029850746269 0.417910447761194 1.17910447761194 2.23880597014925 3.16417910447761 3.71641791044776 2.3134328358209 2.80597014925373 1.94029850746269 1.80597014925373 0.850746268656716 0.373134328358209 0.134328358208955 0.104477611940299 0.134328358208955
0 0.107692307692308 0.646153846153846 0.953846153846154 1.41538461538462 1.93846153846154 2.89230769230769 1.64615384615385 2.84615384615385 1.06153846153846 0.815384615384615 0.307692307692308 0.553846153846154 0.553846153846154 0.215384615384615 0.153846153846154
0.0375 0.1625 0.5375 1.4 2.3 2.875 3.0875 3.025 2.9875 1.6625 1.375 0.7125 0.4625 0.3 0.3875 0.2
0.0240963855421687 0.108433734939759 0.253012048192771 1.31325301204819 2.06024096385542 1.69879518072289 3 2.32530120481928 3.1566265060241 2.51807228915663 2.14457831325301 2.13253012048193 1.03614457831325 0.614457831325301 0.397590361445783 1.08433734939759
0.0454545454545455 0.212121212121212 0.0303030303030303 0.606060606060606 0.984848484848485 1.37878787878788 1.6969696969697 1.13636363636364 1.75757575757576 1.59090909090909 3.27272727272727 0.909090909090909 0.439393939393939 0.545454545454545 0.5 0.515151515151515
0 0.115384615384615 0.115384615384615 0.5 1.26923076923077 1.57692307692308 1.46153846153846 1.07692307692308 1.32692307692308 1.42307692307692 2.13461538461538 1.53846153846154 0.942307692307692 0.230769230769231 0.0769230769230769 0.211538461538462
0 0.18 0.1 0.44 0.52 0.8 0.94 1.58 1.56 0.72 1 2.28 3.84 1.24 1.8 1.04
0 0.266666666666667 0.166666666666667 0.166666666666667 0.0666666666666667 0.0666666666666667 0.333333333333333 0.633333333333333 0.433333333333333 0.7 0.966666666666667 1.06666666666667 1.66666666666667 1.3 0.6 0.333333333333333
0 0 0.0555555555555556 0.111111111111111 0 0 0 0.222222222222222 0.444444444444444 0.222222222222222 0.166666666666667 0.611111111111111 1 0.833333333333333 0.722222222222222 0.277777777777778
0 0 0 0.333333333333333 0.0555555555555556 0.0555555555555556 0.166666666666667 0.166666666666667 0.388888888888889 0.888888888888889 0.111111111111111 0.611111111111111 0.388888888888889 0.333333333333333 2.77777777777778 0.444444444444444
