1.90625 1.125 0.125 0 0.46875 1.125 1.09375 0.09375 0.0625 0.15625 0.53125 1.1875 0.90625 0.34375 0 0.1875
0.156626506024096 10.9277108433735 1.14457831325301 0.0481927710843374 0.349397590361446 0.879518072289157 1.27710843373494 0.240963855421687 0.072289156626506 0.120481927710843 0.313253012048193 0.55421686746988 0.301204819277108 0.132530120481928 0.0120481927710843 0.0240963855421687
0 1.1123595505618 19.7191011235955 0.97752808988764 0.415730337078652 0.674157303370786 1.25842696629213 0.786516853932584 0.696629213483146 0.280898876404494 0.157303370786517 0.146067415730337 0.573033707865168 0.123595505617978 0.157303370786517 0.0674157303370786
0 0.0123456790123457 0.469135802469136 3.92592592592593 2.91358024691358 3.01234567901235 3.17283950617284 3.30864197530864 3.20987654320988 1.77777777777778 1.58024691358025 0.419753086419753 0.123456790123457 0.160493827160494 0.185185185185185 0.185185185185185
0.0454545454545455 0.196969696969697 0.0757575757575758 1.15151515151515 2.37878787878788 2.3030303030303 3.22727272727273 1.71212121212121 2.63636363636364 1.60606060606061 1.39393939393939 1.1969696969697 0.757575757575758 0.454545454545455 0.166666666666667 0.393939393939394
0.116279069767442 0.465116279069767 0.255813953488372 1.66279069767442 2.54651162790698 3.98837209302326 4.7093023255814 2.87209302325581 3.38372093023256 1.96511627906977 1.65116279069767 0.593023255813954 0.430232558139535 0.267441860465116 0.0697674418604651 0.116279069767442
0.119402985074627 0.298507462686567 0.432835820895522 1.14925373134328 2.01492537313433 2.28358208955224 3.40298507462687 2.61194029850746 2.62686567164179 1.46268656716418 1.29850746268657 0.805970149253731 0.298507462686567 0.164179104477612 0.0597014925373134 0.104477611940299
0 0.2 0.569230769230769 1.04615384615385 1.35384615384615 1.81538461538462 2.72307692307692 1.90769230769231 2.46153846153846 0.969230769230769 0.953846153846154 0.476923076923077 0.646153846153846 0.569230769230769 0.292307692307692 0.2
0.0125 0.1 0.3 1.375 1.6 2.125 2.3625 2.275 3.3 1.8625 0.8625 0.4375 0.4375 0.2 0.2625 0.175
0.0240963855421687 0.132530120481928 0.385542168674699 1.30120481927711 1.95180722891566 1.67469879518072 2.91566265060241 2.37349397590361 2.73493975903614 2.14457831325301 1.92771084337349 1.62650602409639 1.04819277108434 0.72289156626506 0.44578313253012 0.879518072289157
0 0.106060606060606 0.0454545454545455 0.636363636363636 1.27272727272727 1.37878787878788 2.06060606060606 1.60606060606061 2.18181818181818 1.37878787878788 3.03030303030303 1.75757575757576 0.378787878787879 1.07575757575758 0.454545454545455 2.22727272727273
0 0.134615384615385 0.115384615384615 0.384615384615385 0.942307692307692 1.5 1.63461538461538 0.903846153846154 1.19230769230769 1.46153846153846 2.71153846153846 1.76923076923077 1.13461538461538 0.153846153846154 0 0.173076923076923
0.02 0.2 0.08 0.22 0.36 0.56 0.96 1.12 0.76 0.5 1.04 1.02 2.88 0.7 0.18 0.26
0 0.1 0.1 0.133333333333333 0.266666666666667 0.533333333333333 0.6 0.533333333333333 1.06666666666667 2.06666666666667 1.4 1.3 1.46666666666667 0.733333333333333 1.03333333333333 0.133333333333333
0 0.166666666666667 0 0.0555555555555556 0 0 0.111111111111111 0.5 0.333333333333333 0.388888888888889 1.27777777777778 1.88888888888889 1.83333333333333 0.888888888888889 2.94444444444444 0.388888888888889
0 0 0 0.222222222222222 0.166666666666667 0.166666666666667 0.222222222222222 0.222222222222222 0.277777777777778 0.666666666666667 0.611111111111111 1.27777777777778 1.27777777777778 1.27777777777778 2.5 2.55555555555556
