1.1875 0.78125 0.1875 0.03125 1.03125 0.96875 0.5 0.15625 0.03125 0.125 0.3125 0.8125 0.40625 0.15625 0 0.125
0.36144578313253 12.5421686746988 1.12048192771084 0.204819277108434 0.325301204819277 1.19277108433735 1.30120481927711 0.265060240963855 0.180722891566265 0.120481927710843 0.506024096385542 0.44578313253012 0.674698795180723 0.156626506024096 0.0240963855421687 0.0240963855421687
0 0.96629213483146 18.8089887640449 0.741573033707865 0.404494382022472 0.617977528089888 1.34831460674157 0.96629213483146 0.696629213483146 0.48314606741573 0.191011235955056 0.224719101123595 0.247191011235955 0.112359550561798 0.134831460674157 0.0112359550561798
0.0246913580246914 0.037037037037037 0.555555555555555 4.19753086419753 2.02469135802469 1.65432098765432 2.61728395061728 2.4320987654321 2.87654320987654 1.12345679012346 0.987654320987654 1.04938271604938 0.395061728395062 0.333333333333333 0.246913580246914 0.45679012345679
0.0454545454545454 0.303030303030303 0.0909090909090909 1.31818181818182 2.84848484848485 3.46969696969697 3.42424242424242 2.33333333333333 2.16666666666667 1.84848484848485 1.71212121212121 0.621212121212121 0.196969696969697 0.0909090909090909 0 0.121212121212121
0.104651162790698 0.732558139534884 0.325581395348837 1.53488372093023 2.72093023255814 4.09302325581395 4.75581395348837 2.95348837209302 3.58139534883721 1.69767441860465 1.80232558139535 1.04651162790698 0.686046511627907 0.267441860465116 0.151162790697674 0.209302325581395
0.0746268656716418 0.343283582089552 0.388059701492537 0.492537313432836 1.3134328358209 1.92537313432836 2.83582089552239 2.19402985074627 2.11940298507463 0.970149253731343 1.19402985074627 0.611940298507463 0.358208955223881 0.17910447761194 0.0746268656716418 0.119402985074627
0 0.215384615384615 0.476923076923077 1.03076923076923 1.55384615384615 2.07692307692308 3.47692307692308 1.89230769230769 2.81538461538462 1.38461538461538 0.938461538461538 0.169230769230769 0.507692307692308 0.292307692307692 0.0923076923076923 0.0615384615384615
0.0125 0.1125 0.4875 1.75 2.475 3.35 3.875 3.325 3.35 2.5875 1.3375 0.7 0.6375 0.475 0.4625 0.25
0.036144578313253 0.0602409638554217 0.469879518072289 1.25301204819277 1.69879518072289 1.62650602409639 2.91566265060241 2.33734939759036 2.92771084337349 1.8433734939759 1.86746987951807 1.28915662650602 0.771084337349398 0.662650602409638 0.457831325301205 0.602409638554217
0.0303030303030303 0.136363636363636 0.0757575757575757 0.439393939393939 1.07575757575758 1.06060606060606 1.48484848484848 1.10606060606061 1.57575757575758 1.06060606060606 1.89393939393939 1.27272727272727 0.272727272727273 2.28787878787879 0.303030303030303 1.24242424242424
0.0192307692307692 0.0192307692307692 0.0576923076923077 0.134615384615385 0.423076923076923 0.75 0.692307692307692 0.653846153846154 0.5 0.692307692307692 1.40384615384615 1.90384615384615 1.23076923076923 0.692307692307692 0.519230769230769 0.75
0 0.24 0.12 0.08 0.18 0.28 0.52 0.6 0.9 0.36 1 2.08 3.96 1.32 1 0.82
0 0.466666666666667 0.166666666666667 0.0666666666666667 0.0666666666666667 0.166666666666667 0.766666666666666 1.16666666666667 0.466666666666667 1.16666666666667 0.533333333333333 1.8 1.8 1.3 1.4 0.366666666666667
0 0 0 0.111111111111111 0.333333333333333 0 0.222222222222222 0.111111111111111 0.5 0.333333333333333 0.333333333333333 0.166666666666667 0.166666666666667 0.777777777777778 2.16666666666667 0.555555555555555
0 0 0.0555555555555556 0.111111111111111 0.166666666666667 0.111111111111111 0.333333333333333 0.166666666666667 0.277777777777778 0.666666666666667 1 1.72222222222222 1.61111111111111 1.22222222222222 2.11111111111111 2.33333333333333
