0.78125 0.40625 0.09375 0 1.0625 1.125 0.5625 0.09375 0 0.1875 0.625 0.78125 0.3125 0.09375 0 0.03125
0.469879518072289 10.6626506024096 0.879518072289157 0.144578313253012 0.325301204819277 0.951807228915663 1.10843373493976 0.36144578313253 0.180722891566265 0.204819277108434 0.301204819277108 0.530120481927711 0.433734939759036 0.156626506024096 0.0602409638554217 0.0240963855421687
0 1.67415730337079 18.876404494382 0.696629213483146 0.528089887640449 0.617977528089888 1.33707865168539 1.12359550561798 0.865168539325843 0.426966292134831 0.235955056179775 0.112359550561798 0.314606741573034 0.0898876404494382 0.123595505617978 0.0224719101123595
0.037037037037037 0 0.679012345679012 5.55555555555556 2.58024691358025 3.61728395061728 4.01234567901235 3.65432098765432 3.51851851851852 2.19753086419753 1.59259259259259 0.728395061728395 0.234567901234568 0.234567901234568 0.308641975308642 0.469135802469136
0.0454545454545455 0.151515151515152 0.121212121212121 1.24242424242424 2.66666666666667 2.40909090909091 3 1.98484848484848 2.3030303030303 1.81818181818182 1.89393939393939 0.757575757575758 0.424242424242424 0.363636363636364 0.0909090909090909 0.303030303030303
0.186046511627907 0.627906976744186 0.244186046511628 1.55813953488372 2.69767441860465 4.40697674418605 4.73255813953488 2.97674418604651 3.26744186046512 1.87209302325581 1.69767441860465 1.08139534883721 0.627906976744186 0.232558139534884 0.162790697674419 0.255813953488372
0.0298507462686567 0.388059701492537 0.417910447761194 1.05970149253731 1.7910447761194 2.17910447761194 2.83582089552239 2.65671641791045 2.40298507462687 1.23880597014925 1.26865671641791 0.73134328358209 0.432835820895522 0.238805970149254 0.0746268656716418 0.0895522388059701
0 0.153846153846154 0.476923076923077 1.18461538461538 1.29230769230769 1.96923076923077 2.86153846153846 2.15384615384615 2.52307692307692 1.32307692307692 0.969230769230769 0.169230769230769 0.323076923076923 0.353846153846154 0.123076923076923 0.0307692307692308
0 0.0625 0.3125 1.7125 2.0375 2.775 3.0125 2.7875 3.275 2.325 1.125 0.6125 0.5875 0.4125 0.2875 0.1625
0.036144578313253 0.156626506024096 0.180722891566265 1.36144578313253 2.19277108433735 2.06024096385542 3.46987951807229 2.98795180722892 3.25301204819277 2.42168674698795 2.04819277108434 1.50602409638554 0.951807228915663 0.759036144578313 0.518072289156627 0.783132530120482
0.0303030303030303 0.121212121212121 0.0454545454545455 0.560606060606061 1.16666666666667 1.57575757575758 1.92424242424242 1.31818181818182 1.59090909090909 1.66666666666667 2.22727272727273 0.909090909090909 0.651515151515151 0.984848484848485 0.318181818181818 0.772727272727273
0 0.0961538461538462 0.153846153846154 0.269230769230769 0.615384615384615 0.730769230769231 1.11538461538462 0.884615384615385 1.01923076923077 1.19230769230769 1.44230769230769 2.40384615384615 2.05769230769231 1.17307692307692 0.903846153846154 0.826923076923077
0.02 0.14 0.02 0.16 0.4 0.54 0.98 0.92 0.78 0.7 1.2 1.44 2.72 0.8 0.32 0.38
0.0333333333333333 0.233333333333333 0.1 0.3 0.366666666666667 0.566666666666667 1.1 1.36666666666667 1.33333333333333 1.4 0.8 1.3 2.3 1.93333333333333 0.466666666666667 0.7
0 0.166666666666667 0 0.0555555555555556 0.166666666666667 0 0.277777777777778 0.611111111111111 0.722222222222222 0.222222222222222 1.55555555555556 2.66666666666667 2.27777777777778 1.05555555555556 3.11111111111111 0.722222222222222
0 0 0 0.111111111111111 0.166666666666667 0.111111111111111 0.277777777777778 0.111111111111111 0.388888888888889 0.444444444444444 0.444444444444444 1.16666666666667 1.16666666666667 0.944444444444444 1.55555555555556 1.66666666666667
