1.84375 1.1875 0.03125 0 0.96875 1.125 0.40625 0.03125 0.03125 0.09375 0.5 0.875 0.75 0.125 0 0.15625
0.204819277108434 11.3975903614458 1.51807228915663 0.0481927710843374 0.168674698795181 0.963855421686747 1.02409638554217 0.180722891566265 0.168674698795181 0.144578313253012 0.373493975903614 0.506024096385542 0.626506024096386 0.120481927710843 0.036144578313253 0.0240963855421687
0 0.528089887640449 21.0561797752809 0.651685393258427 0.539325842696629 0.786516853932584 1.34831460674157 1.06741573033708 0.775280898876405 0.247191011235955 0.224719101123595 0.112359550561798 0.415730337078652 0.112359550561798 0.123595505617978 0.0224719101123595
0.0123456790123457 0 0.222222222222222 4.81481481481481 2.2716049382716 2.30864197530864 3.08641975308642 2.41975308641975 2.8641975308642 1.49382716049383 1.28395061728395 0.395061728395062 0.197530864197531 0.135802469135802 0.135802469135802 0.222222222222222
0.0454545454545455 0.0757575757575758 0.166666666666667 1.43939393939394 2.92424242424242 2.63636363636364 3.56060606060606 2.3030303030303 2.96969696969697 2.12121212121212 2.09090909090909 1.01515151515152 0.5 0.272727272727273 0.166666666666667 0.348484848484849
0.104651162790698 0.604651162790698 0.174418604651163 1.36046511627907 2.03488372093023 3.52325581395349 3.86046511627907 2.56976744186047 2.97674418604651 2.06976744186047 1.52325581395349 0.790697674418605 0.430232558139535 0.104651162790698 0.0581395348837209 0.104651162790698
0.104477611940299 0.194029850746269 0.358208955223881 0.985074626865672 1.58208955223881 2.19402985074627 3.59701492537313 2.04477611940298 2.28358208955224 1.32835820895522 1.11940298507463 0.567164179104478 0.298507462686567 0.283582089552239 0.0298507462686567 0.0746268656716418
0 0.107692307692308 0.476923076923077 0.969230769230769 1.2 1.56923076923077 2.93846153846154 1.6 2.43076923076923 1.10769230769231 0.815384615384615 0.138461538461538 0.523076923076923 0.369230769230769 0.153846153846154 0.138461538461538
0.0125 0.1625 0.3125 1.2625 1.6 2.075 2.675 2.625 2.4375 1.9625 0.975 0.5875 0.3375 0.4375 0.4875 0.175
0.0120481927710843 0.144578313253012 0.180722891566265 1.18072289156627 1.98795180722892 1.55421686746988 2.51807228915663 2.19277108433735 2.2289156626506 2.12048192771084 1.81927710843373 1.86746987951807 1.13253012048193 0.783132530120482 0.698795180722892 0.927710843373494
0.0454545454545455 0.212121212121212 0.0454545454545455 0.590909090909091 1.13636363636364 1.12121212121212 1.87878787878788 0.878787878787879 1.74242424242424 1 2.5 0.939393939393939 0.333333333333333 2.03030303030303 0.196969696969697 0.833333333333333
0.0192307692307692 0.0576923076923077 0.153846153846154 0.326923076923077 1.28846153846154 1.26923076923077 1.30769230769231 0.884615384615385 1.11538461538462 1.23076923076923 1.88461538461538 1.5 1.26923076923077 0.326923076923077 0.153846153846154 0.307692307692308
0 0.22 0.08 0.2 0.28 0.5 1.12 1.08 1.04 0.76 1.36 2.08 4.08 1.34 1.04 1.1
0 0.133333333333333 0.1 0.1 0.166666666666667 0.233333333333333 0.633333333333333 0.766666666666667 0.3 1.13333333333333 0.833333333333333 1.73333333333333 1.4 0.866666666666667 0.866666666666667 0.1
0 0 0 0.222222222222222 0 0 0.0555555555555556 0.277777777777778 0.444444444444444 0.388888888888889 0.611111111111111 1 0.611111111111111 0.666666666666667 4.27777777777778 1.11111111111111
0 0 0.0555555555555556 0.333333333333333 0.333333333333333 0.222222222222222 0.111111111111111 0.277777777777778 0.222222222222222 1.05555555555556 1.11111111111111 1 0.944444444444444 0.777777777777778 2.38888888888889 2.88888888888889
