0 0.0625 0.125 0 0.96875 1.0625 0.65625 0.15625 0.0625 0.1875 0.65625 1 0.5625 0.1875 0 0.25
0.289156626506024 10.2771084337349 1.26506024096386 0.108433734939759 0.650602409638554 1.1566265060241 1.2289156626506 0.313253012048193 0.108433734939759 0.204819277108434 0.36144578313253 0.566265060240964 0.36144578313253 0.192771084337349 0.0240963855421687 0.0120481927710843
0 0.719101123595506 19.4044943820225 1.52808988764045 0.651685393258427 0.943820224719101 1.82022471910112 1 0.865168539325843 0.303370786516854 0.404494382022472 0.191011235955056 0.247191011235955 0.0674157303370786 0.157303370786517 0.0786516853932584
0.0123456790123457 0.0123456790123457 1.44444444444444 6.03703703703704 2.09876543209877 2.92592592592593 3.1358024691358 2.40740740740741 3.16049382716049 1.76543209876543 1.18518518518519 0.802469135802469 0.283950617283951 0.320987654320988 0.382716049382716 0.592592592592593
0.0454545454545455 0.227272727272727 0.136363636363636 1.59090909090909 2.95454545454545 2.68181818181818 3.54545454545455 2.15151515151515 2.53030303030303 2.09090909090909 1.71212121212121 0.575757575757576 0.393939393939394 0.136363636363636 0.0454545454545455 0.318181818181818
0.0697674418604651 0.604651162790698 0.302325581395349 1.44186046511628 2.69767441860465 4.66279069767442 3.87209302325581 2.69767441860465 3.66279069767442 1.96511627906977 2.06976744186047 0.825581395348837 0.313953488372093 0.22093023255814 0.0813953488372093 0.267441860465116
0.0895522388059701 0.253731343283582 0.402985074626866 0.641791044776119 1.6865671641791 1.73134328358209 2.35820895522388 1.61194029850746 1.77611940298507 0.656716417910448 0.746268656716418 0.611940298507463 0.328358208955224 0.119402985074627 0.0746268656716418 0.0895522388059701
0 0.138461538461538 0.415384615384615 0.861538461538462 1.35384615384615 1.92307692307692 2.33846153846154 2 3.03076923076923 0.938461538461538 0.784615384615385 0.230769230769231 0.338461538461538 0.4 0.107692307692308 0.0769230769230769
0 0.1625 0.35 1.2875 1.9375 2.2875 2.325 2.6 2.5375 2.0625 1.0375 0.7125 0.4 0.475 0.4375 0.2625
0.0481927710843374 0.0963855421686747 0.156626506024096 0.855421686746988 1.43373493975904 1.21686746987952 2.37349397590361 1.8433734939759 2.04819277108434 1.86746987951807 1.63855421686747 2.27710843373494 1.25301204819277 0.855421686746988 0.55421686746988 1.10843373493976
0.0303030303030303 0.196969696969697 0.0757575757575758 0.954545454545455 1.57575757575758 2.31818181818182 2.5 1.75757575757576 1.86363636363636 1.45454545454545 2.54545454545455 0.954545454545455 0.439393939393939 1.10606060606061 0.393939393939394 0.833333333333333
0.0576923076923077 0 0.0961538461538462 0.134615384615385 0.307692307692308 0.423076923076923 0.846153846153846 0.596153846153846 0.519230769230769 0.673076923076923 2.80769230769231 2.05769230769231 1.55769230769231 0.846153846153846 0.826923076923077 0.788461538461538
0 0.4 0.04 0.06 0.26 0.28 0.52 0.44 0.5 0.3 1.5 1.36 3.54 0.72 0.7 0.46
0.0333333333333333 0.0333333333333333 0.266666666666667 0.133333333333333 0.166666666666667 0.0666666666666667 0.466666666666667 0.266666666666667 0.9 0.566666666666667 0.5 1.13333333333333 1.2 1.76666666666667 1.3 0.466666666666667
0 0 0.111111111111111 0.166666666666667 0.222222222222222 0 0.388888888888889 0.111111111111111 0.722222222222222 0.333333333333333 0.722222222222222 0.333333333333333 0.888888888888889 1.94444444444444 3.16666666666667 0.944444444444444
0 0 0.0555555555555556 0 0.333333333333333 0.166666666666667 0.222222222222222 0.111111111111111 0.277777777777778 0.444444444444444 1.05555555555556 1 0.833333333333333 0.722222222222222 2.77777777777778 2.66666666666667
