0.65625 0.46875 0.28125 0.03125 0.53125 1.03125 1.21875 0.15625 0 0.0625 0.21875 0.5625 0.84375 0.25 0 0.03125
0.518072289156627 10.3373493975904 0.746987951807229 0.253012048192771 0.734939759036145 1.28915662650602 1.32530120481928 0.518072289156627 0.240963855421687 0.120481927710843 0.44578313253012 0.686746987951807 0.325301204819277 0.144578313253012 0.0120481927710843 0.036144578313253
0 1.03370786516854 20.3595505617978 1.25842696629213 0.280898876404494 0.438202247191011 1 1.01123595505618 0.674157303370786 0.415730337078652 0.179775280898876 0.134831460674157 0.426966292134831 0.123595505617978 0.168539325842697 0.123595505617978
0.0864197530864197 0.0123456790123457 1.59259259259259 3.91358024691358 2.08641975308642 2.46913580246914 3.12345679012346 3.06172839506173 2.91358024691358 1.7037037037037 1.25925925925926 0.506172839506173 0.320987654320988 0.148148148148148 0.172839506172839 0.197530864197531
0.106060606060606 0.181818181818182 0.181818181818182 0.924242424242424 2.6969696969697 2.66666666666667 3.07575757575758 1.86363636363636 2.77272727272727 1.84848484848485 1.86363636363636 0.696969696969697 0.53030303030303 0.212121212121212 0.106060606060606 0.393939393939394
0.151162790697674 0.627906976744186 0.209302325581395 2.02325581395349 2.76744186046512 4.87209302325581 4.58139534883721 3.34883720930233 4.1046511627907 2.23255813953488 2.17441860465116 1.38372093023256 0.720930232558139 0.244186046511628 0.162790697674419 0.337209302325581
0.119402985074627 0.298507462686567 0.388059701492537 0.940298507462687 1.70149253731343 2.41791044776119 2.61194029850746 2.52238805970149 2.80597014925373 1.53731343283582 1.50746268656716 0.746268656716418 0.238805970149254 0.134328358208955 0.0298507462686567 0.0447761194029851
0 0.0923076923076923 0.569230769230769 0.876923076923077 1.44615384615385 2.07692307692308 3.10769230769231 2.16923076923077 2.30769230769231 1.49230769230769 0.953846153846154 0.461538461538462 0.953846153846154 0.476923076923077 0.261538461538462 0.230769230769231
0.0125 0.1375 0.4 1.5 1.775 1.8 2.35 2.4 2.225 2.1125 0.85 0.7625 0.4375 0.5625 0.55 0.275
0.0240963855421687 0.0843373493975904 0.27710843373494 1.12048192771084 1.78313253012048 1.62650602409639 2.69879518072289 2.01204819277108 2.60240963855422 2.2289156626506 1.6144578313253 1.21686746987952 0.650602409638554 0.55421686746988 0.240963855421687 0.433734939759036
0.0303030303030303 0.227272727272727 0.0909090909090909 0.787878787878788 1.39393939393939 1.92424242424242 2.06060606060606 1.27272727272727 1.90909090909091 1.53030303030303 2.31818181818182 0.878787878787879 0.484848484848485 0.590909090909091 0.333333333333333 0.53030303030303
0.0384615384615385 0.0384615384615385 0.134615384615385 0.230769230769231 0.75 0.826923076923077 1.30769230769231 0.807692307692308 0.826923076923077 0.769230769230769 1.13461538461538 1.71153846153846 1.67307692307692 0.788461538461538 0.403846153846154 0.5
0 0.02 0.08 0.14 0.38 0.48 0.86 1 1.18 0.6 1.24 1 3.06 0.6 1.24 0.38
0 0.0666666666666667 0.266666666666667 0.1 0.133333333333333 0.166666666666667 0.666666666666667 0.433333333333333 0.633333333333333 0.366666666666667 0.7 0.5 1.26666666666667 0.866666666666667 0.666666666666667 0.133333333333333
0 0.0555555555555556 0.111111111111111 0.111111111111111 0.333333333333333 0 0.444444444444444 0.333333333333333 0.944444444444444 0.277777777777778 1.05555555555556 2.22222222222222 0.722222222222222 2.44444444444444 1.11111111111111 1.22222222222222
0 0 0.111111111111111 0.111111111111111 0.333333333333333 0.222222222222222 0.0555555555555556 0.111111111111111 0.222222222222222 0.777777777777778 1.5 1 0.944444444444444 0.5 2.94444444444444 2.61111111111111
