1.25 0.78125 0 0.03125 0.84375 1.03125 0.875 0 0 0.125 0.3125 0.375 0.71875 0 0 0.0625
0.120481927710843 9.97590361445783 0.650602409638554 0.0481927710843374 0.686746987951807 0.91566265060241 1.03614457831325 0.180722891566265 0.120481927710843 0.0843373493975904 0.433734939759036 0.409638554216867 0.542168674698795 0.156626506024096 0 0.0843373493975904
0 0.258426966292135 16.2921348314607 1.21348314606742 0.51685393258427 0.741573033707865 1.1685393258427 1.07865168539326 0.50561797752809 0.426966292134831 0.258426966292135 0.258426966292135 0.280898876404494 0.0449438202247191 0.112359550561798 0.0561797752808989
0.037037037037037 0 0.308641975308642 4.44444444444444 2.81481481481481 2.79012345679012 3.45679012345679 3.02469135802469 3.38271604938272 1.7037037037037 1.2962962962963 0.54320987654321 0.209876543209877 0.209876543209877 0.222222222222222 0.333333333333333
0.0303030303030303 0.166666666666667 0.166666666666667 1.18181818181818 2.56060606060606 2.65151515151515 3.46969696969697 2.54545454545455 2.95454545454545 2.21212121212121 2.21212121212121 1.07575757575758 0.909090909090909 0.424242424242424 0.181818181818182 0.560606060606061
0.0930232558139535 0.523255813953488 0.186046511627907 1.65116279069767 2.34883720930233 3.91860465116279 4.54651162790698 2.83720930232558 3.38372093023256 1.82558139534884 2 0.906976744186046 0.290697674418605 0.209302325581395 0.0697674418604651 0.209302325581395
0.0597014925373134 0.388059701492537 0.26865671641791 0.791044776119403 1.2089552238806 3.17910447761194 3.22388059701493 2.50746268656716 2.88059701492537 1.97014925373134 2.26865671641791 0.776119402985075 0.417910447761194 0.149253731343284 0.0149253731343284 0.0298507462686567
0 0.230769230769231 0.476923076923077 1.01538461538462 1.49230769230769 2.06153846153846 2.8 2.50769230769231 2.89230769230769 1.33846153846154 0.923076923076923 0.476923076923077 0.830769230769231 0.446153846153846 0.230769230769231 0.0923076923076923
0 0.1375 0.325 1.45 2.125 2.425 2.6625 2.65 2.7125 1.975 1.275 0.475 0.3375 0.2625 0.4125 0.175
0.0120481927710843 0.144578313253012 0.301204819277108 1.37349397590361 2.25301204819277 1.75903614457831 3.18072289156627 2.5421686746988 3.10843373493976 2.21686746987952 1.74698795180723 1.43373493975904 0.710843373493976 0.614457831325301 0.433734939759036 0.409638554216867
0.0303030303030303 0.136363636363636 0.0606060606060606 0.878787878787879 1.22727272727273 1.84848484848485 1.75757575757576 1.31818181818182 1.72727272727273 1.15151515151515 2.25757575757576 1.86363636363636 0.409090909090909 0.560606060606061 0.287878787878788 2.98484848484848
0.0384615384615385 0.0576923076923077 0.0961538461538462 0.346153846153846 1.05769230769231 1.15384615384615 1.17307692307692 0.923076923076923 1.23076923076923 1.13461538461538 1.30769230769231 1.71153846153846 1.30769230769231 0.538461538461538 0.461538461538462 0.884615384615385
0.04 0.24 0.06 0.42 0.72 0.98 0.86 1.66 1.2 0.56 1.74 1.62 4.16 0.96 0.7 0.62
0 0.433333333333333 0.2 0.1 0.166666666666667 0.1 0.466666666666667 0.533333333333333 0.4 0.966666666666667 0.7 2 1.96666666666667 1.63333333333333 0.866666666666667 0.333333333333333
0 0.111111111111111 0.0555555555555556 0.222222222222222 0 0.0555555555555556 0.111111111111111 0.833333333333333 0.444444444444444 0.611111111111111 0.833333333333333 1.5 1.61111111111111 0.444444444444444 2.16666666666667 0.888888888888889
0 0 0.0555555555555556 0 0.222222222222222 0.222222222222222 0.5 0 0.555555555555556 0.166666666666667 0.944444444444444 0.666666666666667 0.555555555555556 0.222222222222222 3.11111111111111 2
