0.59375 0.46875 0.03125 0.03125 0.875 1 0.8125 0 0 0.3125 0.5 0.4375 0.59375 0.15625 0 0.09375
0.168674698795181 7.90361445783132 1.07228915662651 0.168674698795181 0.506024096385542 1.2289156626506 1.32530120481928 0.265060240963855 0.180722891566265 0.228915662650602 0.337349397590361 0.493975903614458 0.349397590361446 0.0963855421686747 0.0120481927710843 0.0120481927710843
0 1.04494382022472 18.0674157303371 1.31460674157303 0.561797752808989 0.741573033707865 1.42696629213483 0.955056179775281 0.617977528089888 0.382022471910112 0.235955056179775 0.191011235955056 0.393258426966292 0.101123595505618 0.146067415730337 0.0337078651685393
0.0740740740740741 0 0.691358024691358 4.62962962962963 2.4320987654321 2.83950617283951 3.14814814814815 2.97530864197531 2.96296296296296 1.71604938271605 1.1358024691358 0.580246913580247 0.185185185185185 0.283950617283951 0.296296296296296 0.37037037037037
0.0454545454545455 0.181818181818182 0.136363636363636 1.22727272727273 3 2.36363636363636 3.45454545454545 2.09090909090909 2.6969696969697 1.93939393939394 1.84848484848485 1.22727272727273 0.772727272727273 0.46969696969697 0.181818181818182 0.46969696969697
0.151162790697674 0.697674418604651 0.151162790697674 1.93023255813953 3.03488372093023 4.43023255813953 4.61627906976744 3.11627906976744 4.06976744186047 2.53488372093023 1.94186046511628 1.25581395348837 0.686046511627907 0.255813953488372 0.174418604651163 0.209302325581395
0.119402985074627 0.313432835820896 0.701492537313433 1.19402985074627 2.23880597014925 2.86567164179104 3.46268656716418 2.61194029850746 3.16417910447761 1.61194029850746 1.43283582089552 0.791044776119403 0.208955223880597 0.119402985074627 0.0895522388059701 0.0447761194029851
0 0.169230769230769 0.6 1.09230769230769 1.33846153846154 1.92307692307692 3.26153846153846 1.6 3 1.27692307692308 1.01538461538462 0.292307692307692 0.523076923076923 0.6 0.153846153846154 0.169230769230769
0 0.2875 0.4375 1.7 2.0125 2.3125 2.8875 2.3875 2.975 1.875 1.1375 0.6375 0.4375 0.275 0.4625 0.225
0 0.144578313253012 0.192771084337349 0.867469879518072 1.80722891566265 1.53012048192771 2.51807228915663 1.83132530120482 2.21686746987952 1.90361445783133 1.19277108433735 1.66265060240964 0.867469879518072 0.662650602409639 0.481927710843373 0.855421686746988
0 0.151515151515152 0.0454545454545455 0.924242424242424 1.78787878787879 2.21212121212121 2.36363636363636 1.78787878787879 2.36363636363636 1.3030303030303 2.54545454545455 1.01515151515152 0.590909090909091 0.863636363636364 0.318181818181818 1.31818181818182
0.0192307692307692 0.0384615384615385 0.173076923076923 0.384615384615385 0.942307692307692 1.36538461538462 1.26923076923077 1.15384615384615 1.53846153846154 1.30769230769231 2.07692307692308 1.63461538461538 0.846153846153846 0.269230769230769 0.192307692307692 0.25
0.04 0.22 0.12 0.12 0.46 0.46 1.16 1 1.04 0.78 1.44 1.4 3.64 1 0.86 0.74
0 0.2 0.166666666666667 0.133333333333333 0.5 0.0333333333333333 0.433333333333333 0.4 0.766666666666667 0.466666666666667 0.6 1.3 1.66666666666667 1.33333333333333 1.26666666666667 0.366666666666667
0 0.0555555555555556 0 0.333333333333333 0.222222222222222 0.0555555555555556 0.222222222222222 0.444444444444444 0.888888888888889 0.5 0.777777777777778 2.16666666666667 1.22222222222222 1.55555555555556 1 0.555555555555556
0 0 0 0.111111111111111 0.277777777777778 0 0.222222222222222 0.111111111111111 0.333333333333333 0.5 0.5 0.777777777777778 0.611111111111111 0.555555555555556 2.22222222222222 1.44444444444444
