0.125 0.0625 0.09375 0 0.625 1.03125 0.96875 0.0625 0.03125 0.125 0.34375 0.875 0.75 0.1875 0 0.125
0.27710843373494 11.5542168674699 0.759036144578313 0.132530120481928 0.530120481927711 1.21686746987952 1.09638554216867 0.289156626506024 0.132530120481928 0.204819277108434 0.457831325301205 0.518072289156627 0.578313253012048 0.108433734939759 0.0240963855421687 0.0240963855421687
0 0.943820224719101 18.8539325842697 0.887640449438202 0.213483146067416 0.370786516853933 0.97752808988764 0.820224719101124 0.50561797752809 0.235955056179775 0.157303370786517 0.191011235955056 0.539325842696629 0.112359550561798 0.213483146067416 0.0898876404494382
0.0864197530864197 0.0246913580246914 0.246913580246914 5.14814814814815 2.55555555555556 3.11111111111111 3.44444444444444 3 3.35802469135802 1.76543209876543 1.19753086419753 0.530864197530864 0.148148148148148 0.197530864197531 0.222222222222222 0.333333333333333
0.0606060606060606 0.166666666666667 0.106060606060606 0.893939393939394 2.27272727272727 1.96969696969697 2.96969696969697 1.81818181818182 2.51515151515152 1.83333333333333 1.40909090909091 1.06060606060606 0.666666666666667 0.393939393939394 0.196969696969697 0.53030303030303
0.162790697674419 0.662790697674419 0.162790697674419 1.54651162790698 2.66279069767442 4.16279069767442 4 2.63953488372093 3.34883720930233 2 1.96511627906977 0.86046511627907 0.511627906976744 0.209302325581395 0.127906976744186 0.22093023255814
0.134328358208955 0.402985074626866 0.373134328358209 0.850746268656716 1.43283582089552 2.41791044776119 3.44776119402985 2.19402985074627 2.34328358208955 1.62686567164179 1.67164179104478 0.671641791044776 0.343283582089552 0.149253731343284 0.0298507462686567 0.0298507462686567
0 0.138461538461538 0.476923076923077 1 1.64615384615385 2.12307692307692 3.23076923076923 2.04615384615385 2.67692307692308 1.44615384615385 0.969230769230769 0.169230769230769 0.630769230769231 0.307692307692308 0.0769230769230769 0.0615384615384615
0.025 0.0625 0.375 1.625 2.425 3.2375 3.2125 2.825 2.725 1.775 1.2875 0.5125 0.5 0.25 0.55 0.175
0.0240963855421687 0.132530120481928 0.180722891566265 1.10843373493976 1.8433734939759 1.71084337349398 2.92771084337349 2.27710843373494 3.09638554216867 2.56626506024096 1.91566265060241 2.19277108433735 1.01204819277108 0.63855421686747 0.397590361445783 0.903614457831325
0.0454545454545455 0.181818181818182 0.0454545454545455 0.787878787878788 1.60606060606061 1.8030303030303 2.04545454545455 1.54545454545455 1.59090909090909 1.46969696969697 1.74242424242424 0.757575757575758 0.409090909090909 0.878787878787879 0.166666666666667 0.378787878787879
0 0.0576923076923077 0.0961538461538462 0.173076923076923 0.403846153846154 0.942307692307692 1.05769230769231 0.673076923076923 0.576923076923077 1.05769230769231 1.55769230769231 1.80769230769231 1.25 0.384615384615385 0.153846153846154 0.5
0.02 0.24 0.02 0.32 0.36 0.64 0.8 1.28 1.36 0.86 1.2 2.18 2.88 1.22 1.24 0.94
0.0333333333333333 0.266666666666667 0.166666666666667 0.1 0.166666666666667 0.166666666666667 0.533333333333333 0.733333333333333 0.8 0.8 0.4 2.83333333333333 1.96666666666667 2.73333333333333 1.96666666666667 0.8
0 0.0555555555555556 0 0.222222222222222 0.222222222222222 0.0555555555555556 0.166666666666667 0.388888888888889 0.555555555555556 0.555555555555556 0.5 1 0.888888888888889 0.944444444444444 1.77777777777778 0.444444444444444
0 0 0.0555555555555556 0.111111111111111 0.166666666666667 0.166666666666667 0.166666666666667 0.111111111111111 0.166666666666667 0.611111111111111 0.888888888888889 1.44444444444444 1.33333333333333 1 3.55555555555556 2.27777777777778
