0.59375 0.40625 0.03125 0.03125 0.6875 1.1875 0.40625 0.125 0.0625 0.15625 0.40625 1.09375 0.5 0.1875 0 0.1875
0.0240963855421687 12.2168674698795 1.43373493975904 0.036144578313253 0.349397590361446 1.07228915662651 0.927710843373494 0.180722891566265 0.144578313253012 0.120481927710843 0.421686746987952 0.602409638554217 0.409638554216867 0.144578313253012 0 0.0240963855421687
0 0.617977528089888 18.6067415730337 1.10112359550562 0.662921348314607 0.853932584269663 1.43820224719101 1.04494382022472 0.853932584269663 0.438202247191011 0.280898876404494 0.146067415730337 0.292134831460674 0.101123595505618 0.112359550561798 0
0.0740740740740741 0.037037037037037 0.827160493827161 3.98765432098765 1.92592592592593 1.90123456790123 2.08641975308642 1.91358024691358 2.79012345679012 1.27160493827161 0.962962962962963 0.469135802469136 0.185185185185185 0.148148148148148 0.172839506172839 0.160493827160494
0.0454545454545455 0.0909090909090909 0.0454545454545455 0.96969696969697 2.18181818181818 2.36363636363636 3.24242424242424 1.63636363636364 2.27272727272727 1.93939393939394 1.65151515151515 1.34848484848485 0.636363636363636 0.424242424242424 0.196969696969697 0.393939393939394
0.13953488372093 0.709302325581395 0.244186046511628 1.18604651162791 2.44186046511628 3.23255813953488 4.48837209302326 1.96511627906977 2.98837209302326 1.5 1.40697674418605 1.18604651162791 0.767441860465116 0.232558139534884 0.151162790697674 0.232558139534884
0.0895522388059701 0.328358208955224 0.253731343283582 0.567164179104478 1.1044776119403 2.38805970149254 2.97014925373134 1.85074626865672 2.01492537313433 1.14925373134328 1.2089552238806 0.537313432835821 0.26865671641791 0.253731343283582 0.0447761194029851 0.0597014925373134
0 0.107692307692308 0.492307692307692 1.44615384615385 1.29230769230769 2.50769230769231 2.75384615384615 2.86153846153846 3.27692307692308 1.49230769230769 0.923076923076923 0.430769230769231 1 0.615384615384615 0.369230769230769 0.261538461538462
0.025 0.1375 0.55 1.575 1.775 2.7625 2.75 3.075 3.5625 2.0625 1.425 0.6 0.5125 0.4125 0.4125 0.2625
0.036144578313253 0.0843373493975904 0.325301204819277 1 1.53012048192771 1.43373493975904 2.27710843373494 1.89156626506024 1.92771084337349 1.92771084337349 1.7710843373494 1.21686746987952 0.662650602409639 0.686746987951807 0.44578313253012 0.614457831325301
0.0454545454545455 0.0909090909090909 0.0757575757575758 0.409090909090909 1.15151515151515 1.42424242424242 1.86363636363636 1.33333333333333 1.34848484848485 1.28787878787879 2.37878787878788 1.16666666666667 0.727272727272727 1.3030303030303 0.378787878787879 0.833333333333333
0 0.0384615384615385 0.115384615384615 0.192307692307692 0.461538461538462 0.653846153846154 0.923076923076923 0.730769230769231 0.788461538461538 0.942307692307692 1.63461538461538 1.84615384615385 1.13461538461538 0.75 0.634615384615385 0.615384615384615
0 0.2 0.14 0.32 0.5 0.72 1.2 1.56 1.06 0.98 1.36 1.52 3.9 0.8 0.78 0.42
0.1 0.233333333333333 0.2 0.3 0.333333333333333 0.466666666666667 0.966666666666667 1.3 1.83333333333333 1.33333333333333 0.866666666666667 1.83333333333333 2.33333333333333 3 1.5 1.23333333333333
0 0 0 0.333333333333333 0.222222222222222 0.111111111111111 0.222222222222222 0.555555555555556 0.388888888888889 0.666666666666667 0.333333333333333 1.55555555555556 0.833333333333333 0.888888888888889 0.666666666666667 0.388888888888889
0 0 0 0.111111111111111 0.333333333333333 0.111111111111111 0.0555555555555556 0.111111111111111 0.0555555555555556 0.444444444444444 0.611111111111111 1.44444444444444 1.27777777777778 1.22222222222222 3.22222222222222 2.55555555555556
