0.0625 0.09375 0.0625 0.03125 1.28125 0.78125 0.75 0.0625 0 0.25 0.625 0.5 0.34375 0.03125 0 0.0625
0.397590361445783 10.7710843373494 1.57831325301205 0.301204819277108 0.518072289156627 1.1566265060241 1.21686746987952 0.337349397590361 0.204819277108434 0.168674698795181 0.385542168674699 0.506024096385542 0.301204819277108 0.192771084337349 0.0120481927710843 0.0843373493975904
0 0.314606741573034 22.752808988764 0.955056179775281 0.550561797752809 0.797752808988764 1.30337078651685 0.932584269662921 0.595505617977528 0.528089887640449 0.213483146067416 0.134831460674157 0.382022471910112 0.0898876404494382 0.146067415730337 0.0786516853932584
0.0493827160493827 0.0123456790123457 0.691358024691358 3.85185185185185 2.20987654320988 2.65432098765432 3.79012345679012 3.32098765432099 3.01234567901235 1.97530864197531 1.30864197530864 0.617283950617284 0.160493827160494 0.209876543209877 0.259259259259259 0.432098765432099
0.0151515151515152 0.106060606060606 0.136363636363636 0.954545454545455 2.86363636363636 2.48484848484848 3.01515151515152 2 2.31818181818182 1.83333333333333 1.83333333333333 0.636363636363636 0.484848484848485 0.272727272727273 0.121212121212121 0.378787878787879
0.0813953488372093 0.883720930232558 0.209302325581395 1.54651162790698 2.33720930232558 4.26744186046512 3.80232558139535 2.66279069767442 3.1046511627907 1.91860465116279 1.86046511627907 1.47674418604651 0.720930232558139 0.244186046511628 0.162790697674419 0.290697674418605
0.119402985074627 0.343283582089552 0.373134328358209 0.582089552238806 0.895522388059702 2.14925373134328 3.29850746268657 1.61194029850746 2.28358208955224 1.19402985074627 1.05970149253731 0.805970149253731 0.26865671641791 0.223880597014925 0.0447761194029851 0.0746268656716418
0 0.0615384615384615 0.569230769230769 1.26153846153846 1.67692307692308 2.87692307692308 3.15384615384615 2.33846153846154 2.76923076923077 1.69230769230769 0.846153846153846 0.169230769230769 0.507692307692308 0.323076923076923 0.215384615384615 0.0769230769230769
0 0.175 0.375 1.5625 1.7125 2.2125 2.3125 2.575 2.5125 1.725 1.3125 0.5 0.5 0.3375 0.625 0.2
0.0240963855421687 0.072289156626506 0.265060240963855 0.975903614457831 1.75903614457831 1.5421686746988 2.56626506024096 2.33734939759036 2.24096385542169 2.63855421686747 1.92771084337349 1.32530120481928 0.734939759036145 0.602409638554217 0.469879518072289 0.578313253012048
0.0151515151515152 0.121212121212121 0.0454545454545455 0.666666666666667 1.01515151515152 1.53030303030303 2.03030303030303 1.1969696969697 1.84848484848485 1.21212121212121 2.24242424242424 1.33333333333333 0.818181818181818 0.696969696969697 0.666666666666667 0.560606060606061
0.0576923076923077 0.0961538461538462 0.0384615384615385 0.557692307692308 1.17307692307692 1.73076923076923 1.65384615384615 1.32692307692308 1.61538461538462 1.67307692307692 1.82692307692308 2 1.25 0.576923076923077 0.326923076923077 0.326923076923077
0 0.24 0.12 0.24 0.36 0.36 0.8 0.9 0.9 0.68 1.46 1.64 3.96 0.78 0.62 0.86
0.0333333333333333 0.0666666666666667 0.133333333333333 0.2 0.266666666666667 0.333333333333333 0.466666666666667 0.933333333333333 0.9 0.7 0.8 1.6 2.33333333333333 1.46666666666667 1.3 0.5
0 0.0555555555555556 0 0.0555555555555556 0.111111111111111 0 0.222222222222222 0.555555555555556 0.666666666666667 0.222222222222222 1.11111111111111 4.33333333333333 1.72222222222222 1.94444444444444 1.72222222222222 1
0 0 0.111111111111111 0.111111111111111 0.166666666666667 0.333333333333333 0.111111111111111 0.0555555555555556 0.166666666666667 0.555555555555556 1.11111111111111 1.33333333333333 1.11111111111111 0.611111111111111 2.72222222222222 1.66666666666667
