0.65625 0.375 0.0625 0.03125 0.71875 1.09375 1.15625 0 0 0.125 0.3125 0.78125 0.625 0.25 0 0
0.506024096385542 8.26506024096386 0.963855421686747 0.253012048192771 0.566265060240964 1.25301204819277 0.831325301204819 0.349397590361446 0.216867469879518 0.204819277108434 0.409638554216867 0.650602409638554 0.662650602409639 0.0602409638554217 0.0120481927710843 0.0120481927710843
0 1.13483146067416 20.1910112359551 0.640449438202247 0.112359550561798 0.224719101123595 0.943820224719101 1.06741573033708 0.404494382022472 0.224719101123595 0.0561797752808989 0.247191011235955 0.573033707865168 0.168539325842697 0.112359550561798 0
0 0 0.148148148148148 6.80246913580247 2.41975308641975 3.16049382716049 3.59259259259259 3.46913580246914 3.2962962962963 2.07407407407407 1.37037037037037 0.407407407407407 0.172839506172839 0.123456790123457 0.160493827160494 0.209876543209877
0.0454545454545455 0.196969696969697 0.151515151515152 2 2.96969696969697 2.42424242424242 2.96969696969697 2.07575757575758 2.74242424242424 1.75757575757576 2.03030303030303 0.545454545454545 0.227272727272727 0.0454545454545455 0.0454545454545455 0.166666666666667
0.151162790697674 0.441860465116279 0.255813953488372 1.75581395348837 2.91860465116279 4.16279069767442 4.72093023255814 3.2093023255814 3.51162790697674 2.17441860465116 2.33720930232558 1.15116279069767 0.383720930232558 0.151162790697674 0.13953488372093 0.232558139534884
0.0895522388059701 0.238805970149254 0.582089552238806 1.3134328358209 2.83582089552239 2.62686567164179 3.85074626865672 2.34328358208955 2.8955223880597 1.34328358208955 1.59701492537313 0.641791044776119 0.134328358208955 0.119402985074627 0.149253731343284 0.0895522388059701
0 0.123076923076923 0.569230769230769 1.16923076923077 1.67692307692308 2.58461538461538 3.50769230769231 2.32307692307692 2.96923076923077 1.4 0.815384615384615 0.307692307692308 0.723076923076923 0.461538461538462 0.215384615384615 0.0923076923076923
0.0125 0.0375 0.3 1.4 1.675 2.2125 2.325 2.4375 3.0125 1.5 0.975 0.5 0.425 0.325 0.5 0.2125
0.0120481927710843 0.0963855421686747 0.36144578313253 1.30120481927711 1.92771084337349 1.6144578313253 2.89156626506024 2.24096385542169 2.62650602409639 2.19277108433735 1.85542168674699 1.37349397590361 0.819277108433735 0.650602409638554 0.265060240963855 0.626506024096386
0.0303030303030303 0.121212121212121 0.0303030303030303 0.560606060606061 1.53030303030303 1.56060606060606 2.18181818181818 1.56060606060606 1.78787878787879 1.40909090909091 2.53030303030303 1.28787878787879 0.681818181818182 1.16666666666667 0.484848484848485 1.33333333333333
0.0192307692307692 0.0769230769230769 0.134615384615385 0.134615384615385 0.423076923076923 0.826923076923077 0.903846153846154 0.615384615384615 0.615384615384615 0.788461538461538 2.57692307692308 1.96153846153846 1.75 0.596153846153846 0.442307692307692 0.730769230769231
0 0.14 0.12 0.16 0.3 0.36 1.06 0.98 1.44 0.64 0.96 3.08 4.66 1.8 1.68 1.32
0 0.1 0.2 0.133333333333333 0.333333333333333 0.466666666666667 0.733333333333333 0.733333333333333 1 1.43333333333333 1 0.966666666666667 1.9 0.833333333333333 0.9 0.0666666666666667
0 0.111111111111111 0.0555555555555556 0.0555555555555556 0.222222222222222 0 0.111111111111111 0.555555555555556 0.777777777777778 0.777777777777778 1.05555555555556 1.61111111111111 1.72222222222222 1.61111111111111 1.38888888888889 0.277777777777778
0 0 0.111111111111111 0 0.222222222222222 0.222222222222222 0.0555555555555556 0.0555555555555556 0 0.555555555555556 1.22222222222222 1.16666666666667 1 0.5 2 1.77777777777778
