0.65625 0.40625 0.0625 0.03125 0.84375 1.125 0.75 0.03125 0 0.09375 0.59375 0.9375 0.375 0.125 0 0.09375
0.156626506024096 7.55421686746988 1.18072289156627 0.0963855421686747 0.385542168674699 0.879518072289157 1.06024096385542 0.156626506024096 0.168674698795181 0.108433734939759 0.457831325301205 0.590361445783133 0.530120481927711 0.180722891566265 0.0240963855421687 0.072289156626506
0 0.831460674157303 20.7078651685393 1.06741573033708 0.752808988764045 1.02247191011236 1.38202247191011 1.10112359550562 0.629213483146067 0.224719101123595 0.280898876404494 0.157303370786517 0.438202247191011 0.0898876404494382 0.258426966292135 0.0674157303370786
0.0246913580246914 0.0123456790123457 0.901234567901235 5.88888888888889 2.35802469135802 2.32098765432099 3.25925925925926 2.62962962962963 3.18518518518519 1.59259259259259 1.18518518518519 0.395061728395062 0.197530864197531 0.197530864197531 0.172839506172839 0.234567901234568
0.0303030303030303 0.227272727272727 0.121212121212121 1.92424242424242 3.15151515151515 2.6969696969697 3.65151515151515 2.36363636363636 2.93939393939394 1.98484848484848 1.77272727272727 1.22727272727273 0.651515151515151 0.46969696969697 0.227272727272727 0.515151515151515
0.197674418604651 0.651162790697674 0.174418604651163 1.55813953488372 2.36046511627907 4.18604651162791 4 2.65116279069767 3.16279069767442 2.03488372093023 1.82558139534884 1.09302325581395 0.581395348837209 0.325581395348837 0.162790697674419 0.27906976744186
0.0447761194029851 0.328358208955224 0.417910447761194 1.17910447761194 1.55223880597015 2.29850746268657 3.29850746268657 2.08955223880597 2.80597014925373 2.14925373134328 2 0.940298507462687 0.298507462686567 0.194029850746269 0.0149253731343284 0.0746268656716418
0 0.138461538461538 0.630769230769231 1.43076923076923 1.78461538461538 2.8 3.56923076923077 2.66153846153846 3.35384615384615 1.70769230769231 1.24615384615385 0.276923076923077 0.676923076923077 0.446153846153846 0.261538461538462 0.184615384615385
0.0125 0.1625 0.25 1.075 1.2875 1.5125 2.2375 2.0375 2.2 1.8 0.825 0.5375 0.3625 0.4 0.4375 0.2625
0.0240963855421687 0.132530120481928 0.301204819277108 1.09638554216867 1.81927710843373 1.42168674698795 2.32530120481928 2.27710843373494 2.49397590361446 1.98795180722892 1.75903614457831 1.34939759036145 0.698795180722892 0.457831325301205 0.409638554216867 0.734939759036145
0.0454545454545455 0.151515151515152 0.0303030303030303 0.787878787878788 1.37878787878788 1.39393939393939 1.63636363636364 1.21212121212121 1.93939393939394 1.89393939393939 2.27272727272727 0.575757575757576 0.409090909090909 0.409090909090909 0.439393939393939 0.333333333333333
0.0384615384615385 0.0769230769230769 0.173076923076923 0.384615384615385 0.903846153846154 1.11538461538462 1.40384615384615 1.25 1.26923076923077 1.21153846153846 2.28846153846154 2.05769230769231 1.92307692307692 0.923076923076923 0.711538461538462 0.653846153846154
0 0.28 0.06 0.1 0.12 0.44 0.62 0.52 0.92 0.32 1.32 1.58 3.78 0.74 0.92 0.52
0.0333333333333333 0.2 0.233333333333333 0 0.0666666666666667 0.0666666666666667 0.6 0.466666666666667 0.8 0.6 0.566666666666667 1.2 2.2 2.1 1.6 0.666666666666667
0 0 0 0 0.333333333333333 0 0.333333333333333 0.166666666666667 0.611111111111111 0.111111111111111 0.666666666666667 0.666666666666667 0.5 1.72222222222222 2.22222222222222 0.222222222222222
0 0 0.111111111111111 0.111111111111111 0.166666666666667 0.222222222222222 0.166666666666667 0.111111111111111 0.222222222222222 0.777777777777778 1.27777777777778 1.44444444444444 1.22222222222222 0.777777777777778 2.27777777777778 2
