0.0625 0.0625 0.25 0.03125 0.96875 0.875 0.4375 0.1875 0.03125 0.09375 0.40625 0.75 0.25 0.1875 0 0.09375
0.0120481927710843 10.9036144578313 1.46987951807229 0.0602409638554217 0.385542168674699 0.879518072289157 1.18072289156627 0.180722891566265 0.156626506024096 0.120481927710843 0.349397590361446 0.614457831325301 0.542168674698795 0.120481927710843 0 0.0481927710843374
0 0.235955056179775 24.8426966292135 1.78651685393258 0.292134831460674 0.460674157303371 1.42696629213483 0.820224719101124 0.662921348314607 0.213483146067416 0.202247191011236 0.146067415730337 0.48314606741573 0 0.134831460674157 0.157303370786517
0.0617283950617284 0.0123456790123457 0.54320987654321 6.22222222222222 2.49382716049383 2.51851851851852 3.32098765432099 2.90123456790123 2.97530864197531 1.59259259259259 1.20987654320988 0.45679012345679 0.148148148148148 0.148148148148148 0.222222222222222 0.283950617283951
0.0151515151515152 0.121212121212121 0.0757575757575758 0.666666666666667 2.25757575757576 2.07575757575758 3.42424242424242 1.42424242424242 1.59090909090909 1.25757575757576 1.48484848484848 0.96969696969697 0.636363636363636 0.378787878787879 0.166666666666667 0.378787878787879
0.162790697674419 0.627906976744186 0.197674418604651 1.55813953488372 2.37209302325581 3.51162790697674 4.65116279069767 2.32558139534884 2.88372093023256 1.73255813953488 1.76744186046512 1.05813953488372 0.662790697674419 0.255813953488372 0.174418604651163 0.267441860465116
0.0895522388059701 0.208955223880597 0.462686567164179 0.895522388059702 1.83582089552239 2.49253731343284 2.95522388059702 2.64179104477612 3.11940298507463 2.07462686567164 2.55223880597015 0.656716417910448 0.208955223880597 0.194029850746269 0.0597014925373134 0.0746268656716418
0 0.0769230769230769 0.646153846153846 1.01538461538462 1.86153846153846 2.72307692307692 3.70769230769231 2.47692307692308 3.72307692307692 1.38461538461538 0.815384615384615 0.384615384615385 0.430769230769231 0.153846153846154 0.123076923076923 0.0153846153846154
0.0125 0.2 0.2625 1.55 1.975 2.9875 2.5875 3.025 2.3375 1.7625 1.15 0.3875 0.325 0.325 0.6 0.175
0 0.120481927710843 0.253012048192771 1.25301204819277 1.95180722891566 1.75903614457831 2.98795180722892 2.71084337349398 2.7710843373494 1.97590361445783 1.6144578313253 1.98795180722892 0.987951807228916 0.602409638554217 0.855421686746988 0.891566265060241
0.0757575757575758 0.136363636363636 0.0151515151515152 0.257575757575758 0.818181818181818 0.681818181818182 1.39393939393939 0.803030303030303 1.1969696969697 1.33333333333333 2.57575757575758 0.727272727272727 0.454545454545455 0.742424242424242 0.0909090909090909 0.333333333333333
0 0.173076923076923 0.115384615384615 0.269230769230769 0.75 0.980769230769231 1 0.884615384615385 0.923076923076923 1 1.11538461538462 1.92307692307692 1.28846153846154 0.480769230769231 0.365384615384615 0.403846153846154
0.02 0.08 0.04 0.02 0.48 0.64 0.8 0.6 1.3 0.8 1.62 2.22 4.46 1.66 1.28 0.8
0 0.1 0.133333333333333 0.0666666666666667 0.333333333333333 0.133333333333333 0.333333333333333 0.5 0.9 0.433333333333333 0.3 1.23333333333333 1.93333333333333 2.23333333333333 0.766666666666667 0.266666666666667
0 0.0555555555555556 0 0.166666666666667 0.166666666666667 0.0555555555555556 0.111111111111111 0.388888888888889 0.555555555555556 0.333333333333333 0.777777777777778 2.38888888888889 1.27777777777778 1.66666666666667 1.44444444444444 1.16666666666667
0 0 0.111111111111111 0.222222222222222 0.111111111111111 0.333333333333333 0.333333333333333 0.111111111111111 0.555555555555556 0.777777777777778 1.05555555555556 1.5 1.22222222222222 0.555555555555556 2.11111111111111 1.11111111111111
