1.25 0.75 0 0 1.25 0.875 0.5 0.03125 0.03125 0.25 0.59375 0.625 0.71875 0.09375 0 0.125
0.192771084337349 7.95180722891566 1.42168674698795 0.204819277108434 0.518072289156627 1.02409638554217 1.21686746987952 0.180722891566265 0.0963855421686747 0.120481927710843 0.373493975903614 0.457831325301205 0.566265060240964 0.216867469879518 0.0240963855421687 0.036144578313253
0 0.775280898876405 19.3258426966292 1.48314606741573 0.865168539325843 1.01123595505618 1.53932584269663 1.33707865168539 0.932584269662921 0.584269662921348 0.415730337078652 0.157303370786517 0.426966292134831 0.101123595505618 0.247191011235955 0.0449438202247191
0.0246913580246914 0.0123456790123457 1 3.61728395061728 2.62962962962963 2.77777777777778 3.90123456790123 3.40740740740741 3.49382716049383 1.80246913580247 1.23456790123457 1.07407407407407 0.45679012345679 0.358024691358025 0.407407407407407 0.555555555555556
0.0151515151515152 0.121212121212121 0.106060606060606 1 2.77272727272727 2.53030303030303 3.42424242424242 2.1969696969697 2.39393939393939 1.86363636363636 1.77272727272727 1.06060606060606 0.606060606060606 0.424242424242424 0.196969696969697 0.393939393939394
0.116279069767442 0.546511627906977 0.209302325581395 1.8953488372093 2.59302325581395 4.52325581395349 4.32558139534884 3 3.31395348837209 2.22093023255814 1.84883720930233 0.918604651162791 0.302325581395349 0.255813953488372 0.0465116279069767 0.27906976744186
0.104477611940299 0.373134328358209 0.388059701492537 0.671641791044776 1.41791044776119 2.37313432835821 2.85074626865672 2.38805970149254 2.46268656716418 1.37313432835821 1.11940298507463 0.865671641791045 0.253731343283582 0.223880597014925 0.0895522388059701 0.104477611940299
0 0.184615384615385 0.538461538461538 0.830769230769231 1.50769230769231 2.55384615384615 3.23076923076923 2.52307692307692 3.01538461538462 1.2 1.04615384615385 0.553846153846154 0.784615384615385 0.523076923076923 0.292307692307692 0.0923076923076923
0.0125 0.1375 0.4625 1.5375 2.15 3.0875 3.15 2.85 3.0875 2.1125 1.35 0.825 0.6625 0.475 0.5 0.2125
0 0.0963855421686747 0.27710843373494 1.13253012048193 1.72289156626506 1.21686746987952 2.55421686746988 2.12048192771084 2.51807228915663 1.67469879518072 1.80722891566265 0.710843373493976 0.530120481927711 0.373493975903614 0.349397590361446 0.481927710843373
0.0151515151515152 0.121212121212121 0.0303030303030303 0.742424242424242 1.27272727272727 2.24242424242424 2.21212121212121 1.45454545454545 1.62121212121212 1.3030303030303 2.39393939393939 1.40909090909091 0.53030303030303 0.484848484848485 0.318181818181818 1.71212121212121
0 0 0.0769230769230769 0.211538461538462 0.519230769230769 0.807692307692308 0.865384615384615 0.923076923076923 0.788461538461538 0.923076923076923 1.44230769230769 1.75 0.865384615384615 0.538461538461538 0.403846153846154 0.711538461538462
0 0.12 0.2 0.04 0.34 0.32 0.58 0.54 0.6 0.6 1.04 1.74 4 1.5 0.8 0.9
0 0.1 0.2 0.1 0.2 0.366666666666667 0.533333333333333 0.933333333333333 0.833333333333333 1.16666666666667 0.866666666666667 1.76666666666667 1.7 1.8 1.5 0.6
0 0 0 0.277777777777778 0.333333333333333 0.0555555555555556 0.444444444444444 0.222222222222222 0.888888888888889 0.388888888888889 0.5 1.77777777777778 1.05555555555556 2.27777777777778 1.11111111111111 0.944444444444444
0 0 0 0.111111111111111 0.111111111111111 0.111111111111111 0.222222222222222 0.0555555555555556 0.333333333333333 0.388888888888889 0.277777777777778 0.555555555555556 0.611111111111111 0.388888888888889 2.44444444444444 0.944444444444444
