0 0 0.03125 0 0.71875 1.09375 0.96875 0 0 0.15625 0.5625 0.75 0.65625 0.09375 0 0.125
0.253012048192771 8.3855421686747 1.16867469879518 0.132530120481928 0.481927710843373 1.07228915662651 0.987951807228916 0.228915662650602 0.156626506024096 0.144578313253012 0.518072289156627 0.63855421686747 0.433734939759036 0.156626506024096 0.0120481927710843 0
0 0.876404494382023 22.1011235955056 1.13483146067416 0.235955056179775 0.48314606741573 1.21348314606742 0.921348314606742 0.539325842696629 0.235955056179775 0.146067415730337 0.247191011235955 0.382022471910112 0.0674157303370786 0.235955056179775 0.101123595505618
0.0123456790123457 0 0.345679012345679 3.2716049382716 2.65432098765432 2.90123456790123 3.98765432098765 3.1358024691358 3.74074074074074 1.91358024691358 1.27160493827161 0.395061728395062 0.246913580246914 0.209876543209877 0.246913580246914 0.296296296296296
0.0303030303030303 0.151515151515152 0.166666666666667 0.984848484848485 3.15151515151515 2.78787878787879 3.60606060606061 1.72727272727273 2.01515151515152 1.74242424242424 1.68181818181818 0.575757575757576 0.272727272727273 0.0606060606060606 0.0303030303030303 0.181818181818182
0.127906976744186 0.895348837209302 0.325581395348837 1.46511627906977 2.34883720930233 4.05813953488372 4.15116279069767 2.61627906976744 3.05813953488372 1.84883720930233 2 1.11627906976744 0.674418604651163 0.22093023255814 0.197674418604651 0.255813953488372
0.119402985074627 0.283582089552239 0.671641791044776 0.776119402985075 1.83582089552239 2.82089552238806 3.3134328358209 2 3.02985074626866 1.44776119402985 1.74626865671642 0.671641791044776 0.194029850746269 0.0895522388059701 0.0597014925373134 0.0447761194029851
0 0.169230769230769 0.430769230769231 0.569230769230769 1.56923076923077 1.78461538461538 2.78461538461538 1.56923076923077 2.43076923076923 0.861538461538462 0.830769230769231 0.292307692307692 0.553846153846154 0.338461538461538 0.215384615384615 0.2
0 0.1125 0.45 1.4125 1.95 2.425 2.65 2.4875 3.1375 1.8125 1.325 0.7875 0.7 0.35 0.525 0.2625
0.0120481927710843 0.0843373493975904 0.325301204819277 1.1566265060241 1.78313253012048 1.59036144578313 2.63855421686747 2.13253012048193 2.6144578313253 2.20481927710843 2.04819277108434 1.30120481927711 0.807228915662651 0.566265060240964 0.301204819277108 0.951807228915663
0.0606060606060606 0.227272727272727 0.0606060606060606 0.515151515151515 0.893939393939394 1.42424242424242 2 1.33333333333333 1.5 0.924242424242424 2.37878787878788 1.16666666666667 0.348484848484849 0.393939393939394 0.121212121212121 0.712121212121212
0 0.0961538461538462 0.0576923076923077 0.365384615384615 0.826923076923077 1.17307692307692 1.17307692307692 0.576923076923077 1.15384615384615 1.07692307692308 2.01923076923077 1.88461538461538 0.961538461538462 0.269230769230769 0.134615384615385 0.288461538461538
0 0.16 0.1 0.04 0.3 0.36 1.02 0.48 0.92 0.66 1.78 1.62 3.66 1.06 1.06 0.72
0 0.3 0.2 0.166666666666667 0.133333333333333 0.166666666666667 0.733333333333333 1.03333333333333 0.6 0.5 0.233333333333333 2.53333333333333 1.73333333333333 1.66666666666667 1.9 0.466666666666667
0 0 0 0.555555555555556 0 0.0555555555555556 0.166666666666667 0.444444444444444 0.888888888888889 1.11111111111111 0.944444444444444 1.33333333333333 1.88888888888889 1.22222222222222 1.94444444444444 0.111111111111111
0 0 0 0.222222222222222 0.166666666666667 0.0555555555555556 0.166666666666667 0.166666666666667 0.277777777777778 0.611111111111111 0.388888888888889 0.777777777777778 0.833333333333333 0.611111111111111 2.38888888888889 1.44444444444444
