0.59375 0.40625 0 0.03125 0.5625 1.1875 0.53125 0.03125 0 0.09375 0.1875 0.65625 0.9375 0 0 0.03125
0.216867469879518 13.0361445783133 1.31325301204819 0.192771084337349 0.530120481927711 1.1566265060241 1.21686746987952 0.325301204819277 0.144578313253012 0.216867469879518 0.373493975903614 0.457831325301205 0.518072289156627 0.168674698795181 0 0.0120481927710843
0 0.393258426966292 18.2584269662921 1.34831460674157 0.584269662921348 0.730337078651685 1.39325842696629 1.12359550561798 0.842696629213483 0.48314606741573 0.247191011235955 0.146067415730337 0.314606741573034 0.0224719101123595 0.112359550561798 0.0337078651685393
0.0617283950617284 0.0123456790123457 0.518518518518518 5.98765432098765 2.49382716049383 2.67901234567901 3.19753086419753 2.74074074074074 2.67901234567901 1.46913580246914 1.01234567901235 0.530864197530864 0.234567901234568 0.197530864197531 0.135802469135802 0.320987654320988
0.0303030303030303 0.227272727272727 0.242424242424242 2.13636363636364 3.72727272727273 3.77272727272727 5.07575757575758 3.40909090909091 3.81818181818182 2.71212121212121 2.60606060606061 1.10606060606061 0.772727272727273 0.378787878787879 0.151515151515152 0.636363636363636
0.13953488372093 0.674418604651163 0.151162790697674 1.66279069767442 2.7906976744186 4.6046511627907 4.69767441860465 3.1046511627907 3.8953488372093 2.5 2.05813953488372 1.18604651162791 0.616279069767442 0.255813953488372 0.186046511627907 0.244186046511628
0.0597014925373134 0.388059701492537 0.402985074626866 0.656716417910448 1.67164179104478 1.95522388059702 2.88059701492537 2.38805970149254 1.8955223880597 0.895522388059702 0.791044776119403 0.746268656716418 0.388059701492537 0.238805970149254 0.0298507462686567 0.0746268656716418
0 0.0307692307692308 0.676923076923077 1.12307692307692 1.61538461538462 2.06153846153846 3 2.2 2.70769230769231 1.47692307692308 1.01538461538462 0.415384615384615 0.938461538461538 0.692307692307692 0.4 0.215384615384615
0.0125 0.1125 0.4 1.7875 2.275 3.075 2.925 2.95 2.975 2.0125 1.3 0.4875 0.4625 0.325 0.3875 0.0875
0.036144578313253 0.180722891566265 0.493975903614458 1.09638554216867 1.65060240963855 1.63855421686747 2.66265060240964 2.30120481927711 2.73493975903614 1.86746987951807 1.63855421686747 1.4578313253012 0.879518072289157 0.734939759036145 0.493975903614458 0.855421686746988
0.0151515151515152 0.166666666666667 0.0454545454545455 0.560606060606061 1.62121212121212 1.6969696969697 1.92424242424242 1.84848484848485 2.13636363636364 1.37878787878788 3.16666666666667 1.34848484848485 0.575757575757576 1.12121212121212 0.515151515151515 1.39393939393939
0 0.0576923076923077 0.211538461538462 0.153846153846154 0.307692307692308 1.09615384615385 1.05769230769231 0.75 0.75 0.788461538461538 2.13461538461538 2.01923076923077 1.51923076923077 0.5 0.211538461538462 0.442307692307692
0.06 0.24 0.1 0.08 0.04 0.26 0.6 0.42 0.88 0.44 1.42 1.82 3.38 1.24 1.08 0.76
0.0333333333333333 0.0666666666666667 0.166666666666667 0.233333333333333 0.233333333333333 0.2 0.5 0.5 0.766666666666667 0.7 0.433333333333333 0.766666666666667 1.23333333333333 1.06666666666667 0.866666666666667 0.333333333333333
0 0 0.0555555555555556 0.444444444444444 0.111111111111111 0.111111111111111 0.222222222222222 0.555555555555556 0.722222222222222 0.555555555555556 0.222222222222222 1 0.888888888888889 0.888888888888889 0.666666666666667 0.833333333333333
0 0 0 0 0.333333333333333 0.166666666666667 0.444444444444444 0 0.555555555555556 0.0555555555555556 0.722222222222222 0.666666666666667 0.555555555555556 0.444444444444444 3.22222222222222 2.27777777777778
