0.125 0.125 0 0.0625 0.71875 0.84375 0.59375 0 0 0.25 0.5 0.5 0.6875 0.03125 0 0.0625
0.216867469879518 10.3012048192771 0.927710843373494 0.144578313253012 0.457831325301205 0.951807228915663 0.963855421686747 0.253012048192771 0.0963855421686747 0.253012048192771 0.385542168674699 0.36144578313253 0.325301204819277 0.216867469879518 0.0240963855421687 0.0120481927710843
0 0.898876404494382 21.5393258426966 1.55056179775281 0.573033707865168 0.584269662921348 1.52808988764045 1.1123595505618 0.606741573033708 0.314606741573034 0.224719101123595 0.235955056179775 0.415730337078652 0.112359550561798 0.191011235955056 0.0898876404494382
0.0617283950617284 0.037037037037037 0.259259259259259 5.55555555555556 2.79012345679012 2.90123456790123 3.75308641975309 3.04938271604938 4.08641975308642 1.76543209876543 1.41975308641975 0.555555555555556 0.259259259259259 0.197530864197531 0.197530864197531 0.222222222222222
0.0303030303030303 0.0909090909090909 0.212121212121212 1.33333333333333 3.12121212121212 2.75757575757576 3.46969696969697 1.8030303030303 2.28787878787879 1.75757575757576 2.07575757575758 0.772727272727273 0.378787878787879 0.303030303030303 0.106060606060606 0.212121212121212
0.116279069767442 0.686046511627907 0.151162790697674 1.31395348837209 1.97674418604651 3.63953488372093 3.88372093023256 2.36046511627907 2.93023255813953 1.73255813953488 1.7906976744186 1.31395348837209 0.709302325581395 0.22093023255814 0.174418604651163 0.325581395348837
0.149253731343284 0.343283582089552 0.328358208955224 0.805970149253731 1.46268656716418 2.32835820895522 3.47761194029851 2.07462686567164 2.02985074626866 1.61194029850746 1.52238805970149 0.746268656716418 0.194029850746269 0.328358208955224 0.0597014925373134 0.134328358208955
0 0.138461538461538 0.507692307692308 0.707692307692308 1.23076923076923 1.66153846153846 2.06153846153846 1.49230769230769 2.55384615384615 0.938461538461538 0.830769230769231 0.292307692307692 0.676923076923077 0.492307692307692 0.169230769230769 0.138461538461538
0.0125 0.125 0.3375 1.825 2.3625 3.2 3.3375 3.075 2.85 2.65 1.3625 0.6375 0.5 0.5 0.4625 0.2
0 0.192771084337349 0.289156626506024 0.879518072289157 1.48192771084337 1.39759036144578 2.43373493975904 1.79518072289157 2.01204819277108 1.62650602409639 1.86746987951807 1.7710843373494 1.1566265060241 0.903614457831325 0.518072289156627 0.963855421686747
0.0303030303030303 0.257575757575758 0.0909090909090909 0.954545454545455 1.15151515151515 2.01515151515152 1.87878787878788 1.09090909090909 1.3030303030303 1.3030303030303 2.48484848484848 1.10606060606061 0.666666666666667 0.560606060606061 0.454545454545455 0.787878787878788
0 0.0576923076923077 0.134615384615385 0.365384615384615 0.923076923076923 1.17307692307692 0.961538461538462 0.653846153846154 1.07692307692308 1 0.807692307692308 1.63461538461538 0.576923076923077 0.269230769230769 0.0961538461538462 0.403846153846154
0.04 0.32 0.04 0.06 0.1 0.3 0.58 0.48 0.7 0.52 0.86 1.4 3.62 0.8 0.9 0.6
0.0333333333333333 0.1 0.2 0.1 0.166666666666667 0.0666666666666667 0.166666666666667 0.333333333333333 0.966666666666667 0.4 0.333333333333333 2.03333333333333 1.96666666666667 1.76666666666667 1.43333333333333 0.733333333333333
0 0 0 0.166666666666667 0.277777777777778 0 0.111111111111111 0 0.277777777777778 0.111111111111111 1.05555555555556 2.33333333333333 0.777777777777778 1.44444444444444 1.44444444444444 1.94444444444444
0 0 0 0 0.111111111111111 0.0555555555555556 0.111111111111111 0 0.222222222222222 0.166666666666667 0.166666666666667 0.833333333333333 0.944444444444444 0.611111111111111 1.38888888888889 0.555555555555556
