0.65625 0.40625 0.09375 0.0625 0.90625 1.0625 0.53125 0.0625 0.03125 0.125 0.6875 1.09375 0.5625 0.15625 0 0.15625
0.168674698795181 8.24096385542169 0.855421686746988 0.036144578313253 0.518072289156627 0.843373493975904 1.04819277108434 0.204819277108434 0.180722891566265 0.204819277108434 0.313253012048193 0.385542168674699 0.301204819277108 0.120481927710843 0.0120481927710843 0.036144578313253
0 2.03370786516854 23.1123595505618 0.921348314606742 0.674157303370786 0.943820224719101 1.57303370786517 1.23595505617978 0.640449438202247 0.449438202247191 0.314606741573034 0.123595505617978 0.303370786516854 0.0449438202247191 0.134831460674157 0.0786516853932584
0.0123456790123457 0.0123456790123457 1.7037037037037 3.74074074074074 2.61728395061728 2.60493827160494 3.41975308641975 2.60493827160494 3.11111111111111 1.82716049382716 1.24691358024691 0.493827160493827 0.148148148148148 0.209876543209877 0.271604938271605 0.345679012345679
0.0606060606060606 0.0909090909090909 0.196969696969697 1.65151515151515 2.96969696969697 2.6969696969697 4.07575757575758 2.43939393939394 2.65151515151515 1.81818181818182 2.15151515151515 0.939393939393939 0.696969696969697 0.318181818181818 0.106060606060606 0.363636363636364
0.127906976744186 0.476744186046512 0.22093023255814 1.33720930232558 2.69767441860465 3.95348837209302 4.55813953488372 2.62790697674419 3.44186046511628 1.72093023255814 2.18604651162791 1.02325581395349 0.558139534883721 0.162790697674419 0.116279069767442 0.22093023255814
0.0895522388059701 0.223880597014925 0.656716417910448 0.82089552238806 1.97014925373134 2.74626865671642 3.94029850746269 2.35820895522388 2.64179104477612 1.3134328358209 1.28358208955224 0.597014925373134 0.343283582089552 0.134328358208955 0.149253731343284 0.119402985074627
0 0.169230769230769 0.523076923076923 0.815384615384615 1.43076923076923 1.66153846153846 2.67692307692308 1.76923076923077 2.75384615384615 0.984615384615385 0.830769230769231 0.276923076923077 0.307692307692308 0.461538461538462 0.153846153846154 0.0307692307692308
0.0125 0.1125 0.4375 1.8125 2.2125 2.7125 3.4875 3.075 3.3 2.3875 1.3 0.775 0.575 0.4875 0.3875 0.2875
0.0481927710843374 0.132530120481928 0.144578313253012 0.879518072289157 1.75903614457831 1.37349397590361 1.96385542168675 2.26506024096386 2.71084337349398 2.12048192771084 1.90361445783133 1.75903614457831 0.891566265060241 0.614457831325301 0.650602409638554 0.91566265060241
0.0303030303030303 0.212121212121212 0.0606060606060606 0.727272727272727 0.893939393939394 1.66666666666667 1.46969696969697 1 1.28787878787879 1.16666666666667 2.46969696969697 1.25757575757576 0.393939393939394 0.575757575757576 0.348484848484849 0.772727272727273
0 0.0384615384615385 0.153846153846154 0.461538461538462 1 1.32692307692308 1.48076923076923 0.884615384615385 1.5 1.48076923076923 1.82692307692308 1.78846153846154 1.01923076923077 0.25 0.230769230769231 0.442307692307692
0.02 0.3 0.08 0.36 0.44 0.66 1.12 1.62 0.92 0.42 1.08 1.26 2.86 0.7 0.54 0.48
0 0.133333333333333 0.166666666666667 0.233333333333333 0.333333333333333 0.333333333333333 0.566666666666667 1.1 0.7 0.966666666666667 0.6 1.3 1.63333333333333 1.33333333333333 1.16666666666667 0.3
0 0 0.166666666666667 0.166666666666667 0.222222222222222 0 0.277777777777778 0.111111111111111 0.833333333333333 0.333333333333333 0.277777777777778 0.722222222222222 0.611111111111111 1.66666666666667 2.72222222222222 0.833333333333333
0 0 0 0.111111111111111 0.222222222222222 0.0555555555555556 0.0555555555555556 0.111111111111111 0.111111111111111 0.444444444444444 0.5 0.611111111111111 0.666666666666667 0.611111111111111 3.33333333333333 2.11111111111111
