0.65625 0.40625 0.125 0.03125 0.875 0.96875 0.53125 0.1875 0.03125 0.34375 0.34375 0.6875 0.53125 0.125 0 0.125
0.469879518072289 12.421686746988 1.04819277108434 0.337349397590361 0.530120481927711 1.33734939759036 1.06024096385542 0.373493975903614 0.240963855421687 0.289156626506024 0.506024096385542 0.36144578313253 0.27710843373494 0.120481927710843 0 0
0 1.24719101123595 20.4044943820225 1.62921348314607 0.359550561797753 0.561797752808989 1.1685393258427 1.23595505617978 0.674157303370786 0.292134831460674 0.224719101123595 0.168539325842697 0.573033707865168 0.0561797752808989 0.112359550561798 0.179775280898876
0.037037037037037 0.0123456790123457 0.950617283950617 4.79012345679012 2.18518518518519 2.7283950617284 3.76543209876543 2.87654320987654 3.04938271604938 1.98765432098765 1.39506172839506 0.382716049382716 0.123456790123457 0.148148148148148 0.160493827160494 0.283950617283951
0.0151515151515152 0.212121212121212 0.287878787878788 1.03030303030303 2.66666666666667 2.83333333333333 3.33333333333333 2.13636363636364 2.53030303030303 1.77272727272727 1.60606060606061 0.363636363636364 0.242424242424242 0.151515151515152 0 0.136363636363636
0.116279069767442 0.825581395348837 0.302325581395349 1.6046511627907 2.69767441860465 4.32558139534884 4.66279069767442 2.91860465116279 3.40697674418605 1.93023255813953 1.7906976744186 0.755813953488372 0.302325581395349 0.174418604651163 0.0813953488372093 0.0930232558139535
0.0895522388059701 0.373134328358209 0.283582089552239 0.567164179104478 1.49253731343284 2 2.85074626865672 1.94029850746269 1.91044776119403 1 1.08955223880597 0.776119402985075 0.253731343283582 0.149253731343284 0.0149253731343284 0.0447761194029851
0 0.0769230769230769 0.753846153846154 0.953846153846154 1.83076923076923 1.86153846153846 4.07692307692308 2.18461538461538 2.90769230769231 1.55384615384615 0.907692307692308 0.507692307692308 0.676923076923077 0.553846153846154 0.276923076923077 0.292307692307692
0 0.175 0.4875 1.8125 2.4125 3.0375 2.9625 2.9375 3.3875 2.175 1.55 0.6125 0.5125 0.325 0.3125 0.225
0.0843373493975904 0.120481927710843 0.228915662650602 0.855421686746988 1.74698795180723 1.63855421686747 2.55421686746988 2.1566265060241 2.75903614457831 2.20481927710843 1.27710843373494 1.5421686746988 0.710843373493976 0.783132530120482 0.481927710843373 0.481927710843373
0.0303030303030303 0.106060606060606 0.0303030303030303 0.545454545454545 1.27272727272727 1.66666666666667 2.04545454545455 1.07575757575758 1.62121212121212 0.772727272727273 1.54545454545455 1.51515151515152 0.560606060606061 1.65151515151515 0.287878787878788 2.15151515151515
0 0.0769230769230769 0.0961538461538462 0.153846153846154 0.403846153846154 0.615384615384615 0.923076923076923 0.480769230769231 0.634615384615385 0.692307692307692 1.46153846153846 1.92307692307692 1.21153846153846 0.5 0.173076923076923 0.403846153846154
0.02 0.1 0.1 0.16 0.3 0.48 0.62 0.66 0.62 0.16 0.9 1.74 3.68 1.12 1.1 0.92
0 0.0333333333333333 0.233333333333333 0.133333333333333 0.133333333333333 0.133333333333333 0.533333333333333 0.666666666666667 0.733333333333333 0.333333333333333 0.3 0.566666666666667 0.7 0.766666666666667 0.266666666666667 0.0333333333333333
0 0.0555555555555556 0 0.277777777777778 0 0.0555555555555556 0.0555555555555556 0.444444444444444 0.555555555555556 0.555555555555556 0.722222222222222 1 1.27777777777778 0.5 0.888888888888889 0.0555555555555556
0 0 0.0555555555555556 0.444444444444444 0.222222222222222 0.222222222222222 0 0.222222222222222 0.333333333333333 1.22222222222222 0.611111111111111 1.11111111111111 0.666666666666667 0.5 1.05555555555556 0.611111111111111
