0.0625 0 0 0.03125 0.71875 0.96875 0.59375 0.0625 0.0625 0.25 0.40625 1.15625 0.5625 0.1875 0 0.1875
0.469879518072289 9.54216867469879 1.04819277108434 0.192771084337349 0.578313253012048 1.59036144578313 1.04819277108434 0.36144578313253 0.120481927710843 0.132530120481928 0.530120481927711 0.662650602409639 0.518072289156627 0.120481927710843 0.0120481927710843 0.072289156626506
0 0.820224719101124 20.9438202247191 1.19101123595506 0.449438202247191 0.606741573033708 1.32584269662921 1.42696629213483 0.595505617977528 0.415730337078652 0.224719101123595 0.0674157303370786 0.348314606741573 0.0337078651685393 0.224719101123595 0.0674157303370786
0.0493827160493827 0.0123456790123457 0.234567901234568 5.51851851851852 3.04938271604938 3.11111111111111 4.01234567901235 3.67901234567901 3.60493827160494 2.1358024691358 1.25925925925926 0.790123456790123 0.234567901234568 0.308641975308642 0.333333333333333 0.45679012345679
0.0757575757575758 0.196969696969697 0.121212121212121 1.16666666666667 2.07575757575758 1.96969696969697 3.37878787878788 2.12121212121212 2.51515151515152 1.93939393939394 1.68181818181818 0.606060606060606 0.606060606060606 0.227272727272727 0.136363636363636 0.454545454545455
0.116279069767442 0.837209302325581 0.27906976744186 1.59302325581395 2.7093023255814 4.61627906976744 4.33720930232558 3.04651162790698 3.48837209302326 2.18604651162791 1.82558139534884 1.08139534883721 0.418604651162791 0.372093023255814 0.104651162790698 0.302325581395349
0.0895522388059701 0.253731343283582 0.447761194029851 0.82089552238806 1.62686567164179 2.86567164179104 3.53731343283582 2.55223880597015 2.98507462686567 1.70149253731343 1.8955223880597 0.880597014925373 0.298507462686567 0.119402985074627 0.0746268656716418 0.104477611940299
0 0.153846153846154 0.369230769230769 1.36923076923077 1.73846153846154 2.72307692307692 3.36923076923077 2.73846153846154 2.69230769230769 1.72307692307692 1.07692307692308 0.692307692307692 1.01538461538462 0.615384615384615 0.476923076923077 0.276923076923077
0.0375 0.1 0.3625 1.3375 1.7 2 2.4625 2.475 2.4 1.6 1.175 0.35 0.425 0.2625 0.2125 0.075
0.0120481927710843 0.144578313253012 0.168674698795181 1 1.68674698795181 1.36144578313253 2.18072289156627 1.80722891566265 2.3855421686747 1.74698795180723 1.42168674698795 2.36144578313253 1.19277108433735 0.759036144578313 0.590361445783133 0.927710843373494
0.0151515151515152 0.121212121212121 0.0909090909090909 0.454545454545455 1.09090909090909 1.48484848484848 1.51515151515152 1.12121212121212 1.62121212121212 1.24242424242424 2.22727272727273 1.45454545454545 0.409090909090909 0.53030303030303 0.575757575757576 1.40909090909091
0.0192307692307692 0.0192307692307692 0.153846153846154 0.211538461538462 0.769230769230769 1.01923076923077 1.69230769230769 1.05769230769231 1.03846153846154 0.865384615384615 2.28846153846154 1.98076923076923 1.82692307692308 0.730769230769231 0.269230769230769 0.576923076923077
0.02 0.32 0.06 0.26 0.24 0.48 1.08 1.34 1 1.08 1.74 2.02 3.86 1.3 1.14 1
0.0333333333333333 0.233333333333333 0.266666666666667 0.133333333333333 0.533333333333333 0.266666666666667 0.733333333333333 0.7 1.13333333333333 1.33333333333333 1.13333333333333 1.53333333333333 2.5 1.9 1.16666666666667 0.7
0 0 0.111111111111111 0.444444444444444 0.166666666666667 0.0555555555555556 0.166666666666667 0.277777777777778 0.833333333333333 0.222222222222222 0.722222222222222 2.77777777777778 0.888888888888889 2.22222222222222 1.61111111111111 0.888888888888889
0 0 0.0555555555555556 0.222222222222222 0.166666666666667 0.166666666666667 0.0555555555555556 0.166666666666667 0.111111111111111 0.888888888888889 0.722222222222222 1.55555555555556 1.22222222222222 1 2.55555555555556 1.33333333333333
