0 0.03125 0 0 1 0.8125 0.5625 0.03125 0.03125 0.34375 0.3125 0.84375 0.53125 0.09375 0 0.09375
0.0481927710843374 11.2168674698795 0.867469879518072 0.0120481927710843 0.44578313253012 1.21686746987952 1.06024096385542 0.132530120481928 0.120481927710843 0.0963855421686747 0.55421686746988 0.542168674698795 0.493975903614458 0.144578313253012 0 0.0240963855421687
0 0.134831460674157 23.1797752808989 0.550561797752809 0.370786516853933 0.539325842696629 1.28089887640449 0.719101123595506 0.685393258426966 0.168539325842697 0.157303370786517 0.0674157303370786 0.382022471910112 0.0898876404494382 0.157303370786517 0.0449438202247191
0.0123456790123457 0 0.518518518518518 5.87654320987654 2.85185185185185 3.30864197530864 4.02469135802469 3.46913580246914 3.83950617283951 2.25925925925926 1.23456790123457 0.407407407407407 0.0864197530864197 0.0987654320987654 0.123456790123457 0.234567901234568
0.0909090909090909 0.166666666666667 0.121212121212121 1.06060606060606 2.8030303030303 2.18181818181818 2.93939393939394 2 2.04545454545455 1.95454545454545 1.56060606060606 0.212121212121212 0.227272727272727 0.0757575757575758 0.0454545454545455 0.242424242424242
0.0813953488372093 0.5 0.232558139534884 1.45348837209302 2.7906976744186 3.81395348837209 4.43023255813953 3.06976744186047 3.2093023255814 1.77906976744186 1.68604651162791 0.697674418604651 0.209302325581395 0.13953488372093 0.0465116279069767 0.162790697674419
0.119402985074627 0.343283582089552 0.447761194029851 0.462686567164179 1.80597014925373 2.17910447761194 2.71641791044776 2.16417910447761 2.35820895522388 1.35820895522388 1.44776119402985 0.671641791044776 0.26865671641791 0.119402985074627 0.119402985074627 0.104477611940299
0 0.0769230769230769 0.615384615384615 1.12307692307692 1.75384615384615 2.43076923076923 3.35384615384615 2.66153846153846 3.30769230769231 1.26153846153846 0.738461538461539 0.261538461538462 0.292307692307692 0.153846153846154 0.184615384615385 0.0615384615384615
0.025 0.1625 0.3875 1.4 1.6 2.3 2.25 2.325 2.7875 1.8 0.9375 0.55 0.4 0.45 0.5 0.225
0.036144578313253 0.0963855421686747 0.325301204819277 1.20481927710843 1.8433734939759 1.73493975903614 2.79518072289157 2.55421686746988 2.60240963855422 2.03614457831325 1.53012048192771 0.843373493975904 0.313253012048193 0.349397590361446 0.27710843373494 0.313253012048193
0.0151515151515152 0.196969696969697 0.0454545454545455 0.833333333333333 1.5 1.68181818181818 2.34848484848485 1.43939393939394 1.53030303030303 1.09090909090909 2.24242424242424 1.25757575757576 0.378787878787879 1 0.227272727272727 1.60606060606061
0.0192307692307692 0.0961538461538462 0.230769230769231 0.288461538461538 0.807692307692308 0.884615384615385 1.34615384615385 1.40384615384615 1.15384615384615 1.07692307692308 2.07692307692308 2.73076923076923 2.63461538461538 1.03846153846154 0.538461538461538 0.673076923076923
0.02 0.16 0.02 0.02 0.26 0.34 0.5 0.38 0.96 0.42 0.74 2.3 5.28 1.32 1.26 0.84
0 0.133333333333333 0.0333333333333333 0.166666666666667 0.3 0.666666666666667 0.666666666666667 0.966666666666667 1.23333333333333 1.6 1.36666666666667 1.06666666666667 1.8 1.3 1.5 0.366666666666667
0 0 0 0.0555555555555556 0.222222222222222 0 0.166666666666667 0.166666666666667 0.222222222222222 0.0555555555555556 0.388888888888889 1.94444444444444 1.11111111111111 1 2.72222222222222 0.833333333333333
0 0 0.166666666666667 0 0.222222222222222 0.388888888888889 0.111111111111111 0.111111111111111 0 0.777777777777778 1.77777777777778 1.61111111111111 1.38888888888889 0.944444444444444 2.5 3.11111111111111
