1.78125 1.125 0.03125 0.03125 0.46875 1.03125 0.875 0.09375 0.03125 0.0625 0.3125 0.96875 0.96875 0.15625 0 0.15625
0.313253012048193 9.50602409638554 0.91566265060241 0.0843373493975904 0.542168674698795 0.963855421686747 1.16867469879518 0.132530120481928 0.156626506024096 0.204819277108434 0.349397590361446 0.542168674698795 0.602409638554217 0.0481927710843374 0.0240963855421687 0.0240963855421687
0 0.719101123595506 15.8876404494382 0.831460674157303 0.370786516853933 0.662921348314607 1.42696629213483 1.01123595505618 0.539325842696629 0.314606741573034 0.235955056179775 0.123595505617978 0.382022471910112 0.0449438202247191 0.157303370786517 0.0674157303370786
0.0246913580246914 0.0123456790123457 0.135802469135802 3.83950617283951 2.58024691358025 3.06172839506173 4.34567901234568 3.35802469135802 3.91358024691358 2.32098765432099 1.72839506172839 0.54320987654321 0.135802469135802 0.172839506172839 0.209876543209877 0.172839506172839
0.0454545454545455 0.106060606060606 0.257575757575758 1.43939393939394 2.65151515151515 2.68181818181818 3.01515151515152 2.21212121212121 2.6969696969697 1.8030303030303 1.92424242424242 1.43939393939394 0.696969696969697 0.545454545454545 0.257575757575758 0.560606060606061
0.104651162790698 0.627906976744186 0.244186046511628 1.23255813953488 1.96511627906977 3.08139534883721 4.43023255813953 2.22093023255814 2.72093023255814 1.54651162790698 1.58139534883721 0.906976744186046 0.686046511627907 0.244186046511628 0.127906976744186 0.22093023255814
0.0746268656716418 0.298507462686567 0.328358208955224 0.91044776119403 1.55223880597015 2.26865671641791 2.77611940298507 2.11940298507463 2.41791044776119 1.6865671641791 1.04477611940298 0.73134328358209 0.194029850746269 0.17910447761194 0.0447761194029851 0.134328358208955
0 0.0923076923076923 0.661538461538462 1.03076923076923 1.81538461538462 2.46153846153846 3.21538461538462 1.95384615384615 2.98461538461538 1.69230769230769 1.07692307692308 0.230769230769231 0.661538461538462 0.230769230769231 0.276923076923077 0.0769230769230769
0 0.1 0.4 1.8875 2 2.8 3.25 3.15 3.275 1.8875 1.4 0.4625 0.45 0.3375 0.4 0.175
0.0240963855421687 0.132530120481928 0.216867469879518 1.10843373493976 1.83132530120482 1.55421686746988 2.40963855421687 2.28915662650602 2.40963855421687 2.34939759036145 1.66265060240964 1.73493975903614 0.746987951807229 0.614457831325301 0.397590361445783 0.710843373493976
0.0303030303030303 0.151515151515152 0.0757575757575758 0.818181818181818 1.12121212121212 1.60606060606061 1.89393939393939 1.28787878787879 1.6969696969697 1.18181818181818 2.95454545454545 0.848484848484849 0.727272727272727 0.621212121212121 0.484848484848485 0.272727272727273
0 0.0769230769230769 0.173076923076923 0.211538461538462 0.384615384615385 0.673076923076923 1.11538461538462 0.346153846153846 0.576923076923077 0.884615384615385 1.75 1.88461538461538 1.28846153846154 0.365384615384615 0.269230769230769 0.538461538461538
0 0.2 0.26 0.12 0.34 0.28 0.74 0.8 0.84 0.96 1.78 1.38 3.9 1.04 0.92 0.4
0.0333333333333333 0.2 0.2 0.133333333333333 0.1 0.133333333333333 0.5 0.433333333333333 0.733333333333333 0.833333333333333 0.733333333333333 1.63333333333333 2 1.9 1.36666666666667 1.03333333333333
0 0 0.0555555555555556 0.111111111111111 0.166666666666667 0 0.166666666666667 0.111111111111111 1 0.166666666666667 0.777777777777778 2.38888888888889 0.833333333333333 1.38888888888889 1.5 1.27777777777778
0 0 0.111111111111111 0.222222222222222 0.111111111111111 0.333333333333333 0.111111111111111 0.111111111111111 0.222222222222222 0.888888888888889 1 1.38888888888889 1.11111111111111 0.611111111111111 2.83333333333333 1.27777777777778
