0.59375 0.46875 0.0625 0.0625 0.6875 1 1 0.0625 0.03125 0.25 0.34375 0.65625 0.96875 0.09375 0 0.125
0.469879518072289 9.20481927710843 1.12048192771084 0.289156626506024 0.686746987951807 1.25301204819277 1.27710843373494 0.313253012048193 0.156626506024096 0.120481927710843 0.44578313253012 0.44578313253012 0.409638554216867 0.120481927710843 0.0120481927710843 0.0120481927710843
0 0.685393258426966 19.7191011235955 1.31460674157303 0.539325842696629 0.797752808988764 1.39325842696629 1.06741573033708 0.741573033707865 0.348314606741573 0.224719101123595 0.179775280898876 0.280898876404494 0.0337078651685393 0.101123595505618 0.0449438202247191
0.0246913580246914 0.0123456790123457 1.39506172839506 5.35802469135802 2.50617283950617 2.69135802469136 3.41975308641975 2.82716049382716 2.96296296296296 1.58024691358025 1.23456790123457 0.518518518518518 0.333333333333333 0.271604938271605 0.222222222222222 0.432098765432099
0.0303030303030303 0.121212121212121 0.196969696969697 1.59090909090909 3.45454545454545 2.59090909090909 3.66666666666667 2.53030303030303 2.56060606060606 1.90909090909091 2.04545454545455 0.454545454545455 0.378787878787879 0.106060606060606 0.0454545454545455 0.212121212121212
0.127906976744186 0.755813953488372 0.209302325581395 1.44186046511628 2.52325581395349 3.80232558139535 4.6046511627907 2.30232558139535 3.13953488372093 1.68604651162791 1.66279069767442 1.02325581395349 0.767441860465116 0.22093023255814 0.197674418604651 0.186046511627907
0.17910447761194 0.283582089552239 0.388059701492537 0.611940298507463 1.04477611940298 2.2089552238806 3.04477611940298 2.29850746268657 2.16417910447761 1.14925373134328 1.1044776119403 0.82089552238806 0.283582089552239 0.208955223880597 0.0149253731343284 0.0597014925373134
0 0.230769230769231 0.369230769230769 1.07692307692308 2.04615384615385 2.76923076923077 3.26153846153846 2.09230769230769 2.86153846153846 1.64615384615385 1.21538461538462 0.4 0.907692307692308 0.523076923076923 0.261538461538462 0.292307692307692
0.0375 0.175 0.45 1.6 2.0875 2.8125 3 2.4875 3.1875 2.1 1.3375 0.7125 0.6375 0.3625 0.55 0.2625
0.0240963855421687 0.192771084337349 0.289156626506024 1.01204819277108 1.5421686746988 1.36144578313253 2.51807228915663 1.89156626506024 2.19277108433735 1.83132530120482 1.1566265060241 1.32530120481928 0.578313253012048 0.457831325301205 0.409638554216867 0.662650602409639
0 0.151515151515152 0.0757575757575758 0.924242424242424 1.48484848484848 2.42424242424242 2.46969696969697 1.86363636363636 2 1.42424242424242 2.93939393939394 1.60606060606061 0.409090909090909 0.545454545454545 0.333333333333333 1.74242424242424
0 0.0192307692307692 0.192307692307692 0.25 0.730769230769231 1.15384615384615 1.01923076923077 0.903846153846154 0.961538461538462 0.846153846153846 1.55769230769231 1.59615384615385 0.884615384615385 0.211538461538462 0.0384615384615385 0.346153846153846
0 0.14 0.04 0.16 0.16 0.58 0.6 0.66 0.82 0.4 1.14 2.06 4 1.18 0.92 0.84
0 0 0.266666666666667 0.2 0.333333333333333 0.133333333333333 0.466666666666667 0.733333333333333 0.866666666666667 0.466666666666667 0.433333333333333 0.633333333333333 0.766666666666667 0.8 1.13333333333333 0.0333333333333333
0 0.0555555555555556 0 0.111111111111111 0 0 0.166666666666667 0.666666666666667 0.666666666666667 0.222222222222222 1.38888888888889 2.38888888888889 2.05555555555556 1.5 3.5 0.555555555555556
0 0 0 0.111111111111111 0.277777777777778 0.222222222222222 0 0.0555555555555556 0.111111111111111 0.277777777777778 0.388888888888889 0.166666666666667 0.111111111111111 0.222222222222222 3.33333333333333 1.55555555555556
