0.59375 0.40625 0.0625 0 0.46875 0.78125 0.59375 0.28125 0.1875 0.4375 0.625 1.40625 1.03125 0.4375 0 0.4375
0.313253012048193 10.0481927710843 1.13253012048193 0.120481927710843 0.373493975903614 1.19277108433735 1.02409638554217 0.27710843373494 0.132530120481928 0.180722891566265 0.433734939759036 0.506024096385542 0.325301204819277 0.108433734939759 0.036144578313253 0.0240963855421687
0 0.752808988764045 21.7865168539326 1.24719101123595 0.640449438202247 0.786516853932584 1.43820224719101 1.0561797752809 0.853932584269663 0.415730337078652 0.235955056179775 0.134831460674157 0.303370786516854 0.0898876404494382 0.0786516853932584 0.101123595505618
0.0617283950617284 0.0246913580246914 0.469135802469136 3.93827160493827 2.38271604938272 3 3.71604938271605 3.32098765432099 3.49382716049383 2.23456790123457 1.39506172839506 0.641975308641975 0.185185185185185 0.222222222222222 0.333333333333333 0.45679012345679
0.0151515151515152 0.196969696969697 0.196969696969697 1.39393939393939 2.37878787878788 2.77272727272727 3.60606060606061 2.18181818181818 2.56060606060606 1.81818181818182 2.12121212121212 1.40909090909091 0.742424242424242 0.424242424242424 0.196969696969697 0.439393939393939
0.104651162790698 0.534883720930233 0.290697674418605 1.55813953488372 2.75581395348837 4.19767441860465 5.25581395348837 3.23255813953488 3.24418604651163 2.02325581395349 1.72093023255814 0.674418604651163 0.395348837209302 0.13953488372093 0.104651162790698 0.162790697674419
0.0298507462686567 0.238805970149254 0.582089552238806 0.925373134328358 1.29850746268657 1.77611940298507 3.16417910447761 1.46268656716418 2 1.17910447761194 1.01492537313433 0.447761194029851 0.388059701492537 0.253731343283582 0.0895522388059701 0.119402985074627
0 0.153846153846154 0.461538461538462 1.44615384615385 1.78461538461538 3.01538461538462 3.35384615384615 2.61538461538462 3.04615384615385 2.01538461538462 1.10769230769231 0.307692307692308 0.569230769230769 0.461538461538462 0.276923076923077 0.123076923076923
0.075 0.1 0.325 1.3625 2.0625 2.8 2.6375 2.9 2.9125 2.2125 1.15 0.475 0.375 0.3125 0.2375 0.1375
0.0602409638554217 0.108433734939759 0.168674698795181 1.13253012048193 1.92771084337349 1.31325301204819 2.85542168674699 2.24096385542169 2.74698795180723 2.32530120481928 1.68674698795181 2.01204819277108 1.09638554216867 0.807228915662651 0.469879518072289 0.807228915662651
0.0151515151515152 0.151515151515152 0.0757575757575758 0.803030303030303 1.54545454545455 1.92424242424242 2.43939393939394 1.8030303030303 2.15151515151515 1.46969696969697 2.72727272727273 1.28787878787879 0.575757575757576 1.34848484848485 0.454545454545455 0.863636363636364
0 0.115384615384615 0.173076923076923 0.384615384615385 1.25 1.40384615384615 1.48076923076923 1 1.32692307692308 1.23076923076923 1.55769230769231 1.59615384615385 0.807692307692308 0.365384615384615 0.0576923076923077 0.346153846153846
0.04 0.16 0.1 0.22 0.62 0.62 1.06 1.12 1.12 0.72 1.64 2.28 3.88 1.58 0.94 0.7
0 0.2 0.233333333333333 0.0666666666666667 0.2 0.433333333333333 0.466666666666667 0.833333333333333 0.966666666666667 1.33333333333333 1.3 1.36666666666667 2.1 1.4 1.46666666666667 0.5
0 0 0 0 0.222222222222222 0 0.222222222222222 0.222222222222222 0.5 0.166666666666667 0.611111111111111 0.277777777777778 0.722222222222222 0.722222222222222 0.611111111111111 0.222222222222222
0 0 0.0555555555555556 0.222222222222222 0.333333333333333 0.166666666666667 0.277777777777778 0.277777777777778 0.333333333333333 0.944444444444444 1.33333333333333 1.44444444444444 1.5 1.27777777777778 2.22222222222222 3.66666666666667
