0.0625 0.125 0.0625 0.03125 1.25 0.78125 0.4375 0.09375 0 0.3125 0.375 0.53125 0.40625 0.0625 0 0
0.313253012048193 9.37349397590361 1.24096385542169 0.156626506024096 0.385542168674699 1.08433734939759 1.20481927710843 0.192771084337349 0.168674698795181 0.108433734939759 0.421686746987952 0.63855421686747 0.686746987951807 0.0963855421686747 0.0240963855421687 0.0481927710843374
0 0.752808988764045 22.0337078651685 0.921348314606742 0.382022471910112 0.50561797752809 1.13483146067416 1.02247191011236 0.606741573033708 0.280898876404494 0.235955056179775 0.134831460674157 0.370786516853933 0.123595505617978 0.168539325842697 0.0561797752808989
0.0617283950617284 0.037037037037037 0.271604938271605 5.64197530864198 2.25925925925926 2.22222222222222 2.96296296296296 2.66666666666667 2.95061728395062 1.38271604938272 1.01234567901235 0.716049382716049 0.37037037037037 0.246913580246914 0.209876543209877 0.407407407407407
0.0757575757575758 0.212121212121212 0.0909090909090909 1.13636363636364 2.96969696969697 2.56060606060606 2.8030303030303 1.92424242424242 1.89393939393939 1.6969696969697 1.77272727272727 0.621212121212121 0.348484848484849 0.242424242424242 0.0151515151515152 0.121212121212121
0.0813953488372093 0.546511627906977 0.255813953488372 2.04651162790698 3.45348837209302 4.95348837209302 4.52325581395349 3.7093023255814 3.7093023255814 2.7093023255814 2.01162790697674 0.755813953488372 0.232558139534884 0.127906976744186 0.0813953488372093 0.186046511627907
0.0895522388059701 0.343283582089552 0.492537313432836 0.358208955223881 0.865671641791045 1.91044776119403 2.52238805970149 1.47761194029851 1.6865671641791 0.791044776119403 0.925373134328358 0.611940298507463 0.283582089552239 0.149253731343284 0.0447761194029851 0.0298507462686567
0 0.123076923076923 0.430769230769231 0.938461538461538 1.75384615384615 1.78461538461538 3.21538461538462 2.12307692307692 2.09230769230769 1.04615384615385 0.923076923076923 0.261538461538462 0.584615384615385 0.307692307692308 0.184615384615385 0.138461538461538
0.025 0.1375 0.375 1.375 1.8625 2.45 2.5 2.6625 2.5 1.675 1.1375 0.325 0.25 0.2875 0.3 0.1625
0 0.132530120481928 0.180722891566265 1.12048192771084 1.51807228915663 1.46987951807229 2.46987951807229 1.5421686746988 2.33734939759036 2.10843373493976 1.66265060240964 1.79518072289157 1.10843373493976 0.698795180722892 0.44578313253012 0.927710843373494
0 0.121212121212121 0.0606060606060606 0.772727272727273 1.66666666666667 1.81818181818182 2.51515151515152 1.84848484848485 2.13636363636364 1.1969696969697 2.6969696969697 1.13636363636364 0.545454545454545 1.77272727272727 0.378787878787879 1
0 0.0769230769230769 0.153846153846154 0.192307692307692 0.75 0.980769230769231 1.21153846153846 0.846153846153846 0.769230769230769 0.730769230769231 1.80769230769231 1.59615384615385 1.44230769230769 0.423076923076923 0.0769230769230769 0.576923076923077
0 0.34 0.14 0.14 0.32 0.34 0.54 0.74 0.8 0.7 1.46 0.96 3.32 0.62 0.82 0.5
0 0.0666666666666667 0.166666666666667 0.0666666666666667 0.1 0.0333333333333333 0.3 0.433333333333333 0.566666666666667 0.333333333333333 0.466666666666667 1.5 1.93333333333333 1.33333333333333 0.733333333333333 0.3
0 0.0555555555555556 0 0.333333333333333 0 0 0.0555555555555556 0.444444444444444 1.11111111111111 0.444444444444444 1 0.833333333333333 1.22222222222222 1.05555555555556 0.944444444444444 0.888888888888889
0 0 0 0.111111111111111 0.222222222222222 0.111111111111111 0.166666666666667 0.111111111111111 0.166666666666667 0.444444444444444 0.5 0.777777777777778 0.722222222222222 0.666666666666667 2.66666666666667 1.83333333333333
