0 0.0625 0.0625 0 0.59375 1.0625 0.96875 0.0625 0.03125 0.15625 0.1875 0.625 0.90625 0.09375 0 0.125
0.301204819277108 8.50602409638554 1.30120481927711 0.204819277108434 0.397590361445783 0.831325301204819 0.867469879518072 0.253012048192771 0.289156626506024 0.156626506024096 0.433734939759036 0.578313253012048 0.710843373493976 0.168674698795181 0.036144578313253 0.0963855421686747
0 0.674157303370786 19.3483146067416 1.02247191011236 0.393258426966292 0.662921348314607 1.21348314606742 1.17977528089888 0.449438202247191 0.370786516853933 0.247191011235955 0.123595505617978 0.258426966292135 0.0337078651685393 0.146067415730337 0.0674157303370786
0.0123456790123457 0.0246913580246914 1.25925925925926 3.83950617283951 2.41975308641975 2.19753086419753 3.51851851851852 2.53086419753086 3.08641975308642 1.7037037037037 1.54320987654321 0.604938271604938 0.185185185185185 0.209876543209877 0.246913580246914 0.345679012345679
0.121212121212121 0.212121212121212 0.121212121212121 1.42424242424242 2.92424242424242 3.09090909090909 3.56060606060606 2.1969696969697 2.90909090909091 2.22727272727273 1.71212121212121 0.53030303030303 0.409090909090909 0.136363636363636 0.0606060606060606 0.287878787878788
0.162790697674419 0.651162790697674 0.27906976744186 1.34883720930233 2.30232558139535 3.97674418604651 4.43023255813953 2.75581395348837 3.23255813953488 1.91860465116279 1.86046511627907 1.05813953488372 0.593023255813954 0.22093023255814 0.162790697674419 0.232558139534884
0.0746268656716418 0.283582089552239 0.611940298507463 0.746268656716418 1.77611940298507 2.47761194029851 2.88059701492537 2.25373134328358 2.70149253731343 1.3134328358209 1.2089552238806 0.91044776119403 0.432835820895522 0.343283582089552 0.104477611940299 0.134328358208955
0 0.123076923076923 0.615384615384615 1 1.76923076923077 2.29230769230769 3.43076923076923 2.44615384615385 2.87692307692308 1.13846153846154 0.984615384615385 0.492307692307692 0.630769230769231 0.261538461538462 0.292307692307692 0.107692307692308
0.025 0.1625 0.5625 1.5 1.7 2.7125 2.625 2.7375 2.825 2.2875 1.3875 0.6125 0.625 0.3625 0.375 0.225
0.0240963855421687 0.168674698795181 0.27710843373494 1.07228915662651 1.73493975903614 1.36144578313253 2.50602409638554 2.26506024096386 2.40963855421687 2.03614457831325 2.04819277108434 1.14457831325301 0.602409638554217 0.493975903614458 0.469879518072289 0.614457831325301
0.0303030303030303 0.121212121212121 0.0151515151515152 0.409090909090909 1.16666666666667 1.28787878787879 1.37878787878788 1.13636363636364 1.48484848484848 1.3030303030303 2.51515151515152 0.863636363636364 0.484848484848485 0.484848484848485 0.393939393939394 0.454545454545455
0 0.0384615384615385 0.0769230769230769 0.25 0.769230769230769 0.942307692307692 1.28846153846154 1.01923076923077 1.25 1.13461538461538 1.67307692307692 2.01923076923077 1.73076923076923 0.673076923076923 0.538461538461538 0.711538461538462
0.04 0.18 0.06 0.14 0.3 0.38 1.2 0.82 0.84 0.82 0.96 1.46 3.18 1.36 0.7 0.84
0 0.1 0.133333333333333 0.166666666666667 0.333333333333333 0.0333333333333333 0.466666666666667 0.566666666666667 0.933333333333333 0.233333333333333 0.2 1.4 2.53333333333333 1.53333333333333 1.63333333333333 0.466666666666667
0 0 0 0.166666666666667 0.222222222222222 0.0555555555555556 0.222222222222222 0.166666666666667 0.333333333333333 0.444444444444444 0.277777777777778 1.16666666666667 0.777777777777778 0.833333333333333 2.11111111111111 0.666666666666667
0 0 0.0555555555555556 0.111111111111111 0.166666666666667 0.166666666666667 0.111111111111111 0.0555555555555556 0.166666666666667 0.5 0.722222222222222 0.555555555555556 0.444444444444444 0.166666666666667 3.22222222222222 1.44444444444444
