0.125 0.03125 0.09375 0.03125 0.625 0.96875 0.75 0.09375 0.0625 0.34375 0.65625 1.0625 0.6875 0.21875 0 0.1875
0.301204819277108 9.20481927710843 1.28915662650602 0.072289156626506 0.421686746987952 1.18072289156627 0.879518072289157 0.289156626506024 0.0843373493975904 0.156626506024096 0.313253012048193 0.518072289156627 0.855421686746988 0.120481927710843 0.0240963855421687 0.0602409638554217
0 0.910112359550562 20.9438202247191 0.471910112359551 0.393258426966292 0.539325842696629 1.19101123595506 0.898876404494382 0.49438202247191 0.269662921348315 0.123595505617978 0.235955056179775 0.370786516853933 0.0561797752808989 0.146067415730337 0.0449438202247191
0.0123456790123457 0 0.654320987654321 5.08641975308642 2.1358024691358 2.18518518518519 3.59259259259259 2.2962962962963 3.1358024691358 1.80246913580247 1.37037037037037 0.333333333333333 0.185185185185185 0.135802469135802 0.0864197530864197 0.222222222222222
0.0303030303030303 0.0757575757575758 0.121212121212121 1.15151515151515 2.8030303030303 2.37878787878788 2.98484848484848 1.8030303030303 2.31818181818182 1.66666666666667 1.68181818181818 1.04545454545455 0.575757575757576 0.409090909090909 0.181818181818182 0.393939393939394
0.209302325581395 0.581395348837209 0.22093023255814 1.43023255813953 2.19767441860465 3.69767441860465 4.61627906976744 2.67441860465116 3.01162790697674 1.53488372093023 2.03488372093023 1.31395348837209 0.593023255813954 0.267441860465116 0.174418604651163 0.337209302325581
0.119402985074627 0.358208955223881 0.447761194029851 0.761194029850746 1.74626865671642 2.23880597014925 2.88059701492537 2.56716417910448 2.11940298507463 1.37313432835821 1.13432835820896 0.791044776119403 0.283582089552239 0.0895522388059701 0.104477611940299 0.0895522388059701
0 0.0769230769230769 0.553846153846154 1.15384615384615 1.69230769230769 2.18461538461538 4.24615384615385 1.98461538461538 2.66153846153846 1.30769230769231 1 0.384615384615385 0.830769230769231 0.646153846153846 0.307692307692308 0.292307692307692
0.0125 0.1 0.2875 1.5375 1.8125 2.4375 2.9625 2.7 2.7875 1.9125 1.1125 0.55 0.425 0.375 0.35 0.1625
0.072289156626506 0.0843373493975904 0.289156626506024 0.987951807228916 1.6144578313253 1.30120481927711 2.32530120481928 1.87951807228916 2.09638554216867 1.56626506024096 1.50602409638554 1.48192771084337 0.759036144578313 0.686746987951807 0.433734939759036 0.626506024096386
0.0757575757575758 0.0909090909090909 0.0757575757575758 0.606060606060606 1.27272727272727 1.81818181818182 1.72727272727273 1.33333333333333 1.45454545454545 0.954545454545455 2.42424242424242 1.51515151515152 0.196969696969697 1.25757575757576 0.318181818181818 1.77272727272727
0.0192307692307692 0.0961538461538462 0.134615384615385 0.423076923076923 1.13461538461538 1.30769230769231 1.61538461538462 1.26923076923077 1.09615384615385 1.11538461538462 2.17307692307692 1.53846153846154 1.65384615384615 0.25 0.0576923076923077 0.25
0.02 0.14 0.06 0.08 0.64 0.32 0.46 0.64 0.9 0.76 1.16 0.86 2.14 0.84 0.92 0.74
0 0.266666666666667 0.333333333333333 0.133333333333333 0.166666666666667 0.233333333333333 0.866666666666667 0.9 1.13333333333333 0.6 0.5 0.766666666666667 1.56666666666667 0.9 1.26666666666667 0.233333333333333
0 0 0.0555555555555556 0.444444444444444 0.111111111111111 0.0555555555555556 0.111111111111111 0.388888888888889 0.722222222222222 0.722222222222222 1.11111111111111 1.83333333333333 1.05555555555556 1.5 4.44444444444444 1.5
0 0 0.111111111111111 0.111111111111111 0.333333333333333 0.333333333333333 0.111111111111111 0.166666666666667 0.111111111111111 0.888888888888889 1.5 1.66666666666667 1.44444444444444 1.16666666666667 2.27777777777778 3
