0.65625 0.40625 0.0625 0.03125 0.65625 1.15625 0.59375 0.09375 0.0625 0.25 0.5 1.09375 0.78125 0.1875 0 0.1875
0.240963855421687 11.2048192771084 0.975903614457831 0.0602409638554217 0.301204819277108 1.02409638554217 1 0.228915662650602 0.192771084337349 0.072289156626506 0.373493975903614 0.506024096385542 0.433734939759036 0.132530120481928 0.0120481927710843 0.0240963855421687
0 1.01123595505618 20.0224719101124 1.2247191011236 0.595505617977528 0.539325842696629 1.20224719101124 1.14606741573034 0.674157303370786 0.348314606741573 0.235955056179775 0.134831460674157 0.370786516853933 0.0449438202247191 0.258426966292135 0.0449438202247191
0.0864197530864197 0 0.580246913580247 3.74074074074074 1.87654320987654 2.49382716049383 3.22222222222222 2.87654320987654 3.19753086419753 1.77777777777778 1.2962962962963 0.901234567901235 0.333333333333333 0.246913580246914 0.271604938271605 0.444444444444444
0.0909090909090909 0.212121212121212 0.181818181818182 1.21212121212121 2.24242424242424 2.96969696969697 3.33333333333333 1.90909090909091 2.74242424242424 1.68181818181818 1.63636363636364 1 0.636363636363636 0.545454545454545 0.166666666666667 0.454545454545455
0.127906976744186 0.837209302325581 0.209302325581395 1.69767441860465 2.51162790697674 4.65116279069767 5.33720930232558 3.1046511627907 3.48837209302326 1.82558139534884 1.68604651162791 1.34883720930233 1.01162790697674 0.372093023255814 0.244186046511628 0.302325581395349
0.0597014925373134 0.253731343283582 0.641791044776119 1.02985074626866 1.53731343283582 2.67164179104478 3.07462686567164 2.19402985074627 2.58208955223881 1.14925373134328 1.01492537313433 0.82089552238806 0.283582089552239 0.164179104477612 0.0746268656716418 0.0895522388059701
0 0.0769230769230769 0.523076923076923 0.784615384615385 1.43076923076923 1.56923076923077 2.73846153846154 1.73846153846154 2.32307692307692 0.984615384615385 0.615384615384615 0.307692307692308 0.615384615384615 0.523076923076923 0.307692307692308 0.153846153846154
0.025 0.1875 0.4125 1.625 2.275 3.35 2.725 3.1 2.575 1.8875 1.4625 0.525 0.4625 0.425 0.55 0.1625
0 0.0843373493975904 0.373493975903614 1.44578313253012 1.73493975903614 1.27710843373494 3.10843373493976 2.21686746987952 2.5421686746988 1.73493975903614 1.55421686746988 1.2289156626506 0.734939759036145 0.506024096385542 0.421686746987952 0.542168674698795
0.0606060606060606 0.106060606060606 0.0757575757575758 0.757575757575758 1.03030303030303 1.48484848484848 1.98484848484848 1.04545454545455 1.60606060606061 1.27272727272727 2.15151515151515 1.34848484848485 0.242424242424242 0.5 0.484848484848485 1.36363636363636
0.0192307692307692 0.0192307692307692 0.153846153846154 0.423076923076923 1.05769230769231 1.13461538461538 1.5 1.03846153846154 1.46153846153846 1.01923076923077 1.46153846153846 2.13461538461538 1.11538461538462 0.5 0.230769230769231 0.5
0.04 0.18 0.06 0.08 0.32 0.56 0.68 0.66 1.02 0.6 1.06 1.86 4.2 1.28 1.16 0.88
0.0333333333333333 0.0666666666666667 0.133333333333333 0.0666666666666667 0.2 0.1 0.366666666666667 0.6 0.6 0.466666666666667 0.5 1.3 1.33333333333333 1.56666666666667 1.36666666666667 0.633333333333333
0 0 0 0.388888888888889 0.111111111111111 0.0555555555555556 0.111111111111111 0.277777777777778 0.722222222222222 0.611111111111111 0.222222222222222 0.888888888888889 0.722222222222222 1.11111111111111 0.888888888888889 0.222222222222222
0 0 0.166666666666667 0.222222222222222 0.111111111111111 0.388888888888889 0.444444444444444 0.222222222222222 0.444444444444444 1.27777777777778 1.77777777777778 1.77777777777778 1.5 0.944444444444444 2.11111111111111 2.72222222222222
