0.71875 0.375 0.125 0 0.65625 1.3125 0.8125 0.0625 0.03125 0.1875 0.46875 1.1875 0.6875 0.21875 0 0.15625
0.337349397590361 8.46987951807229 1.32530120481928 0.253012048192771 0.506024096385542 1.09638554216867 1.30120481927711 0.27710843373494 0.180722891566265 0.265060240963855 0.373493975903614 0.614457831325301 0.421686746987952 0.0602409638554217 0.0240963855421687 0.0240963855421687
0 1.33707865168539 20.7752808988764 1.31460674157303 0.404494382022472 0.539325842696629 1.31460674157303 0.876404494382023 0.640449438202247 0.235955056179775 0.146067415730337 0.134831460674157 0.393258426966292 0.0786516853932584 0.146067415730337 0.0449438202247191
0 0 1.22222222222222 4.1358024691358 2.49382716049383 2.85185185185185 3.38271604938272 3.24691358024691 3.30864197530864 1.93827160493827 1.34567901234568 0.864197530864197 0.345679012345679 0.320987654320988 0.395061728395062 0.580246913580247
0.0606060606060606 0.0757575757575758 0.0757575757575758 1 2.78787878787879 2.03030303030303 2.71212121212121 1.75757575757576 1.96969696969697 1.56060606060606 1.57575757575758 0.515151515151515 0.257575757575758 0.181818181818182 0.0303030303030303 0.151515151515152
0.116279069767442 0.825581395348837 0.162790697674419 1.59302325581395 2.66279069767442 3.95348837209302 4.47674418604651 2.69767441860465 3.23255813953488 1.8953488372093 1.76744186046512 1.08139534883721 0.534883720930233 0.127906976744186 0.151162790697674 0.197674418604651
0.119402985074627 0.26865671641791 0.567164179104478 0.880597014925373 1.95522388059702 2.28358208955224 3.32835820895522 2.05970149253731 2.6865671641791 1.3134328358209 1.44776119402985 0.656716417910448 0.358208955223881 0.208955223880597 0.104477611940299 0.119402985074627
0 0.107692307692308 0.492307692307692 0.907692307692308 1.47692307692308 1.87692307692308 3.06153846153846 2.07692307692308 2.27692307692308 1.29230769230769 0.969230769230769 0.523076923076923 1.35384615384615 0.738461538461539 0.461538461538462 0.492307692307692
0.0125 0.1375 0.3625 1.7 2.1125 2.5375 3.025 2.65 2.9 1.9 1.2625 0.6125 0.5125 0.3625 0.5 0.2375
0 0.156626506024096 0.337349397590361 1.14457831325301 1.85542168674699 0.963855421686747 3.01204819277108 2.09638554216867 2.46987951807229 1.48192771084337 1.78313253012048 0.987951807228916 0.710843373493976 0.493975903614458 0.253012048192771 0.63855421686747
0.0303030303030303 0.181818181818182 0.106060606060606 1.21212121212121 1.28787878787879 2.1969696969697 2.16666666666667 1.37878787878788 1.66666666666667 1.36363636363636 2.46969696969697 1.33333333333333 0.545454545454545 0.212121212121212 0.242424242424242 1.56060606060606
0 0.0576923076923077 0.173076923076923 0.192307692307692 0.403846153846154 0.653846153846154 1.03846153846154 0.615384615384615 0.788461538461538 0.807692307692308 1.32692307692308 2.21153846153846 1.65384615384615 0.596153846153846 0.307692307692308 0.576923076923077
0.04 0.22 0.06 0.16 0.36 0.32 0.78 0.92 1.2 0.84 1.88 2.12 3.58 1.62 1.5 1.14
0 0.0333333333333333 0.166666666666667 0.0666666666666667 0.366666666666667 0.166666666666667 0.433333333333333 0.466666666666667 0.8 0.766666666666667 0.666666666666667 1.03333333333333 1.56666666666667 1.2 0.9 0.0666666666666667
0 0 0 0.388888888888889 0 0.0555555555555556 0 0.888888888888889 0.444444444444444 0.444444444444444 0.444444444444444 1 0.777777777777778 1.44444444444444 1.61111111111111 1.38888888888889
0 0 0.0555555555555556 0 0.277777777777778 0.166666666666667 0.166666666666667 0.0555555555555556 0.277777777777778 0.333333333333333 0.888888888888889 1.05555555555556 1.05555555555556 0.833333333333333 2.72222222222222 1.88888888888889
