0.65625 0.46875 0 0.0625 1.59375 1.03125 0.59375 0 0 0.15625 0.6875 0.53125 0.46875 0 0 0
0.228915662650602 11.2048192771084 1.08433734939759 0.0843373493975904 0.228915662650602 1.10843373493976 0.975903614457831 0.168674698795181 0.144578313253012 0.180722891566265 0.373493975903614 0.614457831325301 0.421686746987952 0.120481927710843 0.0240963855421687 0.036144578313253
0 0.606741573033708 21.0898876404494 1.24719101123595 0.573033707865168 0.741573033707865 1.40449438202247 1.10112359550562 0.741573033707865 0.258426966292135 0.202247191011236 0.146067415730337 0.359550561797753 0.123595505617978 0.224719101123595 0.112359550561798
0.0740740740740741 0.037037037037037 0.567901234567901 5.66666666666667 2.1358024691358 2.24691358024691 3.39506172839506 2.65432098765432 3 1.44444444444444 1.07407407407407 0.45679012345679 0.222222222222222 0.111111111111111 0.135802469135802 0.234567901234568
0.106060606060606 0.257575757575758 0.212121212121212 1.3030303030303 2.42424242424242 2.5 3.98484848484848 2.22727272727273 2.25757575757576 1.66666666666667 1.75757575757576 0.621212121212121 0.545454545454545 0.227272727272727 0.106060606060606 0.348484848484849
0.151162790697674 0.662790697674419 0.151162790697674 1.41860465116279 2.74418604651163 3.73255813953488 4.24418604651163 2.53488372093023 3.34883720930233 1.7093023255814 1.72093023255814 1.27906976744186 0.674418604651163 0.22093023255814 0.151162790697674 0.27906976744186
0.0447761194029851 0.358208955223881 0.582089552238806 0.925373134328358 1.64179104477612 2.41791044776119 3.64179104477612 2.44776119402985 2.83582089552239 1.2089552238806 1.1044776119403 0.940298507462687 0.417910447761194 0.223880597014925 0.0746268656716418 0.0746268656716418
0 0.153846153846154 0.446153846153846 1.26153846153846 1.81538461538462 2.56923076923077 3.47692307692308 2.27692307692308 2.86153846153846 1.55384615384615 0.969230769230769 0.276923076923077 0.584615384615385 0.307692307692308 0.138461538461538 0.0769230769230769
0 0.2125 0.3875 1.675 2.075 2.45 2.55 2.7625 2.8875 2.625 1.1875 0.5375 0.7375 0.3875 0.3875 0.125
0.036144578313253 0.132530120481928 0.228915662650602 1.24096385542169 2.27710843373494 1.79518072289157 3.10843373493976 2.6144578313253 3.19277108433735 2.57831325301205 2.4578313253012 1.28915662650602 0.493975903614458 0.590361445783133 0.36144578313253 0.457831325301205
0.0606060606060606 0.212121212121212 0.0454545454545455 0.515151515151515 1.15151515151515 1.45454545454545 1.31818181818182 1.01515151515152 1.21212121212121 1 2.24242424242424 1.22727272727273 0.621212121212121 1.40909090909091 0.575757575757576 1.03030303030303
0 0.0384615384615385 0.192307692307692 0.211538461538462 0.615384615384615 0.980769230769231 1.07692307692308 1.03846153846154 0.884615384615385 1.23076923076923 1.84615384615385 1.76923076923077 1.84615384615385 0.673076923076923 0.692307692307692 0.538461538461538
0 0.28 0.14 0.2 0.26 0.52 1.14 1.12 0.78 0.9 1.3 1.74 3.58 1.2 0.6 0.82
0 0.233333333333333 0.133333333333333 0.133333333333333 0.0666666666666667 0.233333333333333 0.6 0.766666666666667 0.7 0.366666666666667 0.5 1.46666666666667 2.1 1.96666666666667 1.66666666666667 0.433333333333333
0 0 0.111111111111111 0.0555555555555556 0 0 0.222222222222222 0.5 0.444444444444444 0.111111111111111 0.222222222222222 0.222222222222222 0.611111111111111 0.222222222222222 4.5 0.333333333333333
0 0 0 0 0.222222222222222 0.111111111111111 0.166666666666667 0.222222222222222 0 0.388888888888889 0.722222222222222 1 1.22222222222222 1.27777777777778 2.27777777777778 3
