1.1875 0.78125 0.0625 0.03125 0.78125 1.03125 0.8125 0.0625 0.03125 0.21875 0.53125 0.75 0.90625 0.125 0 0.15625
0.253012048192771 11 0.927710843373494 0.108433734939759 0.433734939759036 0.891566265060241 1.26506024096386 0.144578313253012 0.216867469879518 0.108433734939759 0.373493975903614 0.481927710843373 0.457831325301205 0.132530120481928 0.0240963855421687 0.036144578313253
0 1.26966292134831 20.1685393258427 1.19101123595506 0.348314606741573 0.561797752808989 1.26966292134831 1.14606741573034 0.595505617977528 0.258426966292135 0.235955056179775 0.123595505617978 0.337078651685393 0.0898876404494382 0.112359550561798 0.0674157303370786
0.0864197530864197 0.037037037037037 0.395061728395062 5.40740740740741 2.03703703703704 2.54320987654321 3.1358024691358 2.62962962962963 2.67901234567901 1.72839506172839 1.30864197530864 0.740740740740741 0.283950617283951 0.271604938271605 0.320987654320988 0.54320987654321
0.0454545454545455 0.0909090909090909 0.0454545454545455 1.42424242424242 2.31818181818182 2.74242424242424 3.46969696969697 2.1969696969697 2.96969696969697 2.12121212121212 1.87878787878788 1.57575757575758 0.757575757575758 0.590909090909091 0.287878787878788 0.560606060606061
0.13953488372093 0.720930232558139 0.209302325581395 1.76744186046512 2.90697674418605 4.93023255813953 4.93023255813953 3.05813953488372 3.69767441860465 2.15116279069767 1.95348837209302 0.953488372093023 0.581395348837209 0.186046511627907 0.186046511627907 0.197674418604651
0.0597014925373134 0.328358208955224 0.507462686567164 0.73134328358209 1.28358208955224 2.25373134328358 2.80597014925373 1.77611940298507 2.52238805970149 1.40298507462687 1.41791044776119 0.82089552238806 0.358208955223881 0.238805970149254 0.0597014925373134 0.0597014925373134
0 0.169230769230769 0.461538461538462 1.03076923076923 1.64615384615385 2.2 3.63076923076923 2.12307692307692 3.24615384615385 1.47692307692308 1.13846153846154 0.415384615384615 0.476923076923077 0.476923076923077 0.138461538461538 0.107692307692308
0 0.15 0.4375 1.5625 1.925 2.9375 2.6 2.525 2.9125 1.9875 1.35 0.35 0.475 0.325 0.3875 0.0875
0 0.120481927710843 0.409638554216867 1.12048192771084 1.75903614457831 1.72289156626506 3.36144578313253 2 2.34939759036145 2.5421686746988 1.28915662650602 1.10843373493976 0.530120481927711 0.44578313253012 0.216867469879518 0.72289156626506
0.0454545454545455 0.151515151515152 0.0606060606060606 0.439393939393939 0.742424242424242 0.893939393939394 1.48484848484848 0.545454545454545 1.09090909090909 1.24242424242424 1.93939393939394 0.696969696969697 0.303030303030303 2.13636363636364 0.151515151515152 0.166666666666667
0 0.0576923076923077 0.0961538461538462 0.365384615384615 1.15384615384615 1.23076923076923 1.30769230769231 1.40384615384615 1.38461538461538 1.46153846153846 1.44230769230769 1.78846153846154 1.78846153846154 0.538461538461538 0.173076923076923 0.461538461538462
0.02 0.1 0.22 0.12 0.56 0.26 1.1 0.84 0.84 0.66 1.58 1.16 3.9 0.8 0.48 0.68
0 0.266666666666667 0.2 0.0333333333333333 0.2 0.133333333333333 0.6 0.666666666666667 0.266666666666667 0.6 0.1 1.86666666666667 2 1.13333333333333 0.866666666666667 0.2
0 0.111111111111111 0 0.0555555555555556 0.222222222222222 0 0.166666666666667 0.555555555555556 0.555555555555556 0.222222222222222 0.944444444444444 1.61111111111111 1.33333333333333 0.5 1.11111111111111 1.27777777777778
0 0 0.166666666666667 0.222222222222222 0.0555555555555556 0.333333333333333 0.277777777777778 0.111111111111111 0.333333333333333 1 1.38888888888889 1.77777777777778 1.38888888888889 0.611111111111111 3.77777777777778 1.33333333333333
