0.59375 0.46875 0.125 0 0.78125 0.8125 0.96875 0.09375 0.03125 0.25 0.1875 0.75 0.6875 0.1875 0 0.125
0.265060240963855 10.3734939759036 1.06024096385542 0.168674698795181 0.493975903614458 1.06024096385542 1.06024096385542 0.337349397590361 0.168674698795181 0.072289156626506 0.301204819277108 0.469879518072289 0.542168674698795 0.0843373493975904 0.0120481927710843 0.0602409638554217
0 0.595505617977528 20.7865168539326 1.89887640449438 0.269662921348315 0.359550561797753 1.21348314606742 1.23595505617978 0.764044943820225 0.359550561797753 0.258426966292135 0.157303370786517 0.404494382022472 0.101123595505618 0.146067415730337 0.101123595505618
0.0493827160493827 0.037037037037037 1.32098765432099 5.38271604938272 2.28395061728395 2.91358024691358 3.11111111111111 2.90123456790123 3.28395061728395 1.8641975308642 1.25925925925926 0.54320987654321 0.148148148148148 0.148148148148148 0.185185185185185 0.308641975308642
0.0454545454545455 0.151515151515152 0.0909090909090909 1.16666666666667 3.1969696969697 2 2.87878787878788 1.96969696969697 2.12121212121212 1.87878787878788 1.33333333333333 0.46969696969697 0.409090909090909 0.242424242424242 0.0303030303030303 0.227272727272727
0.186046511627907 0.941860465116279 0.255813953488372 1.23255813953488 2.61627906976744 4.06976744186047 3.8953488372093 2.65116279069767 3.05813953488372 1.58139534883721 1.47674418604651 1.53488372093023 0.988372093023256 0.372093023255814 0.244186046511628 0.406976744186047
0.164179104477612 0.26865671641791 0.432835820895522 0.686567164179104 1.52238805970149 2.40298507462687 3.13432835820896 2.61194029850746 2.14925373134328 0.970149253731343 0.925373134328358 0.626865671641791 0.253731343283582 0.208955223880597 0.0597014925373134 0.0597014925373134
0 0.107692307692308 0.615384615384615 0.969230769230769 1.76923076923077 2.43076923076923 4.44615384615385 2.12307692307692 2.83076923076923 1.46153846153846 0.984615384615385 0.292307692307692 0.646153846153846 0.338461538461538 0.215384615384615 0.123076923076923
0 0.075 0.225 1.2625 1.5 2.05 2.4625 2.5875 2.4375 1.8625 0.775 0.275 0.325 0.2 0.175 0.0625
0.0120481927710843 0.192771084337349 0.397590361445783 1.04819277108434 1.69879518072289 1.49397590361446 3.1566265060241 2.1566265060241 2.44578313253012 1.78313253012048 1.66265060240964 1.24096385542169 0.55421686746988 0.626506024096386 0.289156626506024 0.578313253012048
0.0151515151515152 0.166666666666667 0.0454545454545455 0.560606060606061 0.96969696969697 1.43939393939394 1.39393939393939 1 1.3030303030303 1.15151515151515 2.71212121212121 1.46969696969697 0.287878787878788 1.04545454545455 0.121212121212121 2.07575757575758
0 0.153846153846154 0.153846153846154 0.0961538461538462 0.461538461538462 0.692307692307692 0.634615384615385 0.788461538461538 0.576923076923077 0.634615384615385 0.826923076923077 2.17307692307692 1.42307692307692 0.307692307692308 0.0192307692307692 0.461538461538462
0.1 0.2 0.12 0.2 0.56 0.46 0.92 1.02 1.48 1 1.68 1.6 3.28 1.42 1.38 0.66
0 0.266666666666667 0.166666666666667 0.133333333333333 0.166666666666667 0.1 0.633333333333333 0.9 0.366666666666667 1 0.666666666666667 1.86666666666667 1.76666666666667 1.23333333333333 0.933333333333333 0.333333333333333
0 0 0 0.111111111111111 0.111111111111111 0 0.277777777777778 0.277777777777778 0.555555555555556 0.222222222222222 0.555555555555556 1.66666666666667 1.66666666666667 1.66666666666667 1.5 0.555555555555556
0 0 0.166666666666667 0.111111111111111 0.388888888888889 0.333333333333333 0.333333333333333 0.166666666666667 0.333333333333333 1 2 1.77777777777778 1.5 0.888888888888889 2.5 3.38888888888889
