0.0625 0.03125 0.3125 0.0625 1.1875 0.78125 1.15625 0.1875 0.03125 0.1875 0.65625 0.5625 0.59375 0.21875 0 0.125
0.108433734939759 11.2771084337349 0.807228915662651 0.132530120481928 0.409638554216867 1.01204819277108 1.07228915662651 0.204819277108434 0.132530120481928 0.0481927710843374 0.265060240963855 0.433734939759036 0.36144578313253 0.192771084337349 0.0120481927710843 0.0843373493975904
0 1.31460674157303 20.561797752809 0.820224719101124 0.51685393258427 0.831460674157303 1.44943820224719 0.831460674157303 0.651685393258427 0.224719101123595 0.235955056179775 0.101123595505618 0.303370786516854 0.0449438202247191 0.146067415730337 0.0898876404494382
0.0493827160493827 0 0.37037037037037 5.66666666666667 1.88888888888889 2.77777777777778 3.2962962962963 2.48148148148148 2.8641975308642 1.59259259259259 1.25925925925926 0.518518518518518 0.222222222222222 0.197530864197531 0.246913580246914 0.407407407407407
0.0454545454545455 0.212121212121212 0.181818181818182 1.43939393939394 3.13636363636364 2.86363636363636 3.1969696969697 2.27272727272727 2.51515151515152 1.98484848484848 1.81818181818182 0.53030303030303 0.318181818181818 0.166666666666667 0.0454545454545455 0.227272727272727
0.174418604651163 0.523255813953488 0.325581395348837 1.73255813953488 3.13953488372093 4.3953488372093 4.5 2.65116279069767 3.74418604651163 2.2093023255814 2.23255813953488 0.965116279069767 0.27906976744186 0.174418604651163 0.0813953488372093 0.27906976744186
0.119402985074627 0.298507462686567 0.477611940298507 0.761194029850746 1.43283582089552 2.56716417910448 2.97014925373134 2.58208955223881 2.19402985074627 1.02985074626866 0.880597014925373 0.686567164179104 0.417910447761194 0.17910447761194 0.0746268656716418 0.0895522388059701
0 0.0615384615384615 0.723076923076923 1.49230769230769 2.12307692307692 2.92307692307692 4.01538461538462 3.12307692307692 3.27692307692308 1.90769230769231 1.16923076923077 0.338461538461538 0.492307692307692 0.384615384615385 0.246153846153846 0.0769230769230769
0 0.0875 0.375 1.775 2.15 2.9 2.7875 2.925 3.2875 1.9625 1.3 0.4875 0.45 0.3375 0.35 0.15
0.0240963855421687 0.108433734939759 0.253012048192771 0.807228915662651 1.56626506024096 1.63855421686747 2.18072289156627 1.67469879518072 1.91566265060241 1.86746987951807 1.79518072289157 1.5421686746988 0.91566265060241 0.759036144578313 0.55421686746988 0.674698795180723
0 0.196969696969697 0.0606060606060606 0.651515151515151 1.09090909090909 1.72727272727273 1.63636363636364 0.909090909090909 1.36363636363636 1.01515151515152 2.43939393939394 0.818181818181818 0.393939393939394 0.272727272727273 0.303030303030303 0.318181818181818
0 0.0769230769230769 0.173076923076923 0.115384615384615 0.423076923076923 0.615384615384615 1.11538461538462 0.519230769230769 0.673076923076923 0.538461538461538 1.82692307692308 2.09615384615385 1.65384615384615 0.403846153846154 0.230769230769231 0.326923076923077
0 0.32 0.04 0.22 0.18 0.4 1.04 0.66 0.72 0.42 1.12 1.9 3.98 0.96 0.78 0.6
0 0.0666666666666667 0.0666666666666667 0.0333333333333333 0.433333333333333 0.0333333333333333 0.233333333333333 0.566666666666667 0.633333333333333 0.3 0.566666666666667 1.1 2.03333333333333 1.23333333333333 0.9 0.333333333333333
0 0.0555555555555556 0.111111111111111 0.555555555555556 0.111111111111111 0.111111111111111 0.111111111111111 1 0.555555555555556 0.888888888888889 0.833333333333333 1.61111111111111 0.611111111111111 0.277777777777778 1.16666666666667 1.27777777777778
0 0 0 0.111111111111111 0.166666666666667 0.0555555555555556 0.333333333333333 0.0555555555555556 0.444444444444444 0.333333333333333 0.388888888888889 0.666666666666667 0.777777777777778 0.333333333333333 2.16666666666667 1.16666666666667
