1.25 0.8125 0.09375 0.125 0.78125 0.90625 0.59375 0.03125 0 0.09375 0.53125 0.59375 0.4375 0.125 0 0
0.265060240963855 9.37349397590361 0.891566265060241 0.144578313253012 0.469879518072289 1.14457831325301 0.963855421686747 0.301204819277108 0.216867469879518 0.120481927710843 0.289156626506024 0.55421686746988 0.44578313253012 0.168674698795181 0.036144578313253 0.0602409638554217
0 0.460674157303371 21.1685393258427 1.31460674157303 0.382022471910112 0.640449438202247 1.23595505617978 0.966292134831461 0.674157303370786 0.224719101123595 0.303370786516854 0.112359550561798 0.348314606741573 0.0898876404494382 0.146067415730337 0.0786516853932584
0.0864197530864197 0.0123456790123457 0.975308641975309 4.08641975308642 1.93827160493827 2.20987654320988 2.95061728395062 1.98765432098765 2.61728395061728 1.76543209876543 1.27160493827161 0.506172839506173 0.135802469135802 0.185185185185185 0.209876543209877 0.333333333333333
0.0303030303030303 0.212121212121212 0.227272727272727 1.39393939393939 2.54545454545455 3.15151515151515 4.39393939393939 2.51515151515152 2.5 1.98484848484848 2 1.60606060606061 0.984848484848485 0.742424242424242 0.242424242424242 0.590909090909091
0.127906976744186 0.697674418604651 0.0465116279069767 1.19767441860465 2.24418604651163 3.45348837209302 3.90697674418605 2.08139534883721 2.95348837209302 1.37209302325581 1.73255813953488 1.34883720930233 0.86046511627907 0.162790697674419 0.174418604651163 0.313953488372093
0.0597014925373134 0.194029850746269 0.477611940298507 0.522388059701492 0.865671641791045 1.8955223880597 2.14925373134328 1.55223880597015 1.50746268656716 0.537313432835821 0.73134328358209 0.701492537313433 0.328358208955224 0.149253731343284 0.0597014925373134 0.0746268656716418
0 0.138461538461538 0.523076923076923 0.846153846153846 1.2 1.84615384615385 2.12307692307692 1.75384615384615 2.66153846153846 0.923076923076923 0.707692307692308 0.338461538461538 0.661538461538462 0.461538461538462 0.215384615384615 0.107692307692308
0.0125 0.0625 0.5 2 2.575 3.075 3.45 3.3875 3.4125 2.0375 1.45 1.025 0.8625 0.5875 0.75 0.3125
0.0120481927710843 0.108433734939759 0.313253012048193 0.891566265060241 1.27710843373494 1.13253012048193 2.10843373493976 1.95180722891566 1.78313253012048 1.62650602409639 1.44578313253012 1.75903614457831 0.975903614457831 0.710843373493976 0.759036144578313 1
0.0151515151515152 0.181818181818182 0.0606060606060606 0.742424242424242 1.56060606060606 2.25757575757576 2.31818181818182 1.77272727272727 2.25757575757576 1.46969696969697 2.60606060606061 1.3030303030303 0.575757575757576 0.590909090909091 0.484848484848485 1.51515151515152
0.0576923076923077 0.0961538461538462 0.153846153846154 0.326923076923077 0.711538461538462 0.846153846153846 0.826923076923077 1.21153846153846 0.826923076923077 1.17307692307692 1.53846153846154 1.94230769230769 1.48076923076923 0.5 0.384615384615385 0.403846153846154
0 0.26 0.04 0.18 0.26 0.58 1.38 0.84 0.7 0.7 0.84 1.08 3.46 0.62 0.36 0.4
0 0.133333333333333 0.0666666666666667 0.2 0.466666666666667 0.433333333333333 0.533333333333333 0.866666666666667 0.966666666666667 1.43333333333333 0.933333333333333 1.8 1.46666666666667 1.63333333333333 1.13333333333333 0.366666666666667
0 0 0 0.0555555555555556 0.111111111111111 0 0.111111111111111 0.388888888888889 0.277777777777778 0.388888888888889 0.5 0.277777777777778 0.722222222222222 0.555555555555556 0.722222222222222 0.833333333333333
0 0 0.0555555555555556 0.111111111111111 0.166666666666667 0.277777777777778 0.222222222222222 0.0555555555555556 0.333333333333333 0.444444444444444 0.722222222222222 1 0.888888888888889 0.611111111111111 1.83333333333333 1.22222222222222
