0.65625 0.40625 0.125 0 0.75 0.78125 0.8125 0.09375 0 0.125 0.34375 0.40625 0.5 0.15625 0 0.125
0.72289156626506 12.421686746988 1.28915662650602 0.313253012048193 0.590361445783133 1.33734939759036 1.40963855421687 0.36144578313253 0.168674698795181 0.265060240963855 0.481927710843373 0.44578313253012 0.421686746987952 0.072289156626506 0.0240963855421687 0.0240963855421687
0 0.640449438202247 22.1685393258427 1.08988764044944 0.662921348314607 0.910112359550562 1.33707865168539 0.98876404494382 0.764044943820225 0.224719101123595 0.303370786516854 0.112359550561798 0.337078651685393 0.0674157303370786 0.112359550561798 0.112359550561798
0.0123456790123457 0 0.481481481481481 4.58024691358025 2.46913580246914 2.28395061728395 3.4320987654321 2.55555555555556 2.95061728395062 1.66666666666667 1.2962962962963 0.555555555555556 0.185185185185185 0.197530864197531 0.148148148148148 0.308641975308642
0.0454545454545455 0.181818181818182 0.166666666666667 1.06060606060606 2.5 2.15151515151515 3.09090909090909 1.62121212121212 2.36363636363636 1.68181818181818 1.71212121212121 0.803030303030303 0.515151515151515 0.242424242424242 0.121212121212121 0.272727272727273
0.13953488372093 0.63953488372093 0.313953488372093 1.67441860465116 2.47674418604651 4.11627906976744 5.19767441860465 2.8953488372093 3.55813953488372 1.91860465116279 2.08139534883721 0.593023255813954 0.290697674418605 0.162790697674419 0.104651162790698 0.104651162790698
0.0597014925373134 0.373134328358209 0.432835820895522 1.23880597014925 2.01492537313433 3.04477611940298 4.17910447761194 2.62686567164179 2.97014925373134 2.1044776119403 2.14925373134328 0.701492537313433 0.238805970149254 0.238805970149254 0.0746268656716418 0.119402985074627
0 0.292307692307692 0.446153846153846 0.846153846153846 1.55384615384615 1.98461538461538 3.2 2.16923076923077 2.84615384615385 0.784615384615385 0.784615384615385 0.323076923076923 0.784615384615385 0.507692307692308 0.215384615384615 0.2
0 0.1375 0.3375 1.4125 2.025 2.5125 2.825 2.55 3.0625 1.55 0.9375 0.4875 0.3375 0.2125 0.425 0.1375
0.0240963855421687 0.108433734939759 0.349397590361446 1.2289156626506 1.95180722891566 1.79518072289157 2.90361445783133 2.81927710843373 2.85542168674699 2.56626506024096 1.80722891566265 1.7710843373494 1.07228915662651 0.831325301204819 0.746987951807229 0.963855421686747
0.0454545454545455 0.0757575757575758 0.0606060606060606 0.712121212121212 1.09090909090909 1.54545454545455 1.74242424242424 1.28787878787879 1.62121212121212 1.37878787878788 1.86363636363636 1.28787878787879 0.53030303030303 1.01515151515152 0.5 0.712121212121212
0 0.0576923076923077 0.115384615384615 0.423076923076923 0.903846153846154 1.15384615384615 1.32692307692308 1.11538461538462 1.15384615384615 1.40384615384615 2.07692307692308 1.38461538461538 1.11538461538462 0.442307692307692 0.25 0.134615384615385
0.06 0.22 0.1 0.4 0.48 0.66 1.14 1.46 1.1 0.62 1.32 0.98 3.18 0.78 0.72 0.5
0 0.3 0.0666666666666667 0.133333333333333 0.333333333333333 0.166666666666667 0.6 0.666666666666667 0.5 1 0.566666666666667 1.3 2.2 0.9 1.06666666666667 0.233333333333333
0 0.0555555555555556 0.0555555555555556 0.388888888888889 0.111111111111111 0.111111111111111 0.222222222222222 0.888888888888889 0.388888888888889 0.444444444444444 0.333333333333333 1.27777777777778 0.888888888888889 0.833333333333333 0.777777777777778 0.111111111111111
0 0 0.166666666666667 0 0.166666666666667 0.388888888888889 0.0555555555555556 0.0555555555555556 0 0.611111111111111 1.61111111111111 1.33333333333333 1.22222222222222 0.666666666666667 3.27777777777778 2.5
