0.125 0.03125 0.0625 0 0.625 1.09375 1.03125 0.03125 0.03125 0.1875 0.53125 1 0.75 0.1875 0 0.0625
0.337349397590361 10.0963855421687 1.42168674698795 0.228915662650602 0.602409638554217 1.1566265060241 1.2289156626506 0.44578313253012 0.108433734939759 0.144578313253012 0.373493975903614 0.530120481927711 0.385542168674699 0.253012048192771 0.0120481927710843 0.036144578313253
0 0.730337078651685 18.9101123595506 0.629213483146067 0.415730337078652 0.584269662921348 1.32584269662921 0.831460674157303 0.707865168539326 0.325842696629214 0.179775280898876 0.0674157303370786 0.460674157303371 0.0898876404494382 0.213483146067416 0
0 0 0.790123456790123 7.54320987654321 2.80246913580247 3.66666666666667 4.12345679012346 3.22222222222222 4.06172839506173 2.12345679012346 1.76543209876543 0.851851851851852 0.259259259259259 0.283950617283951 0.37037037037037 0.654320987654321
0.0606060606060606 0.227272727272727 0.151515151515152 1.16666666666667 2.13636363636364 2.45454545454545 3.31818181818182 2.04545454545455 1.95454545454545 2.06060606060606 1.59090909090909 0.606060606060606 0.393939393939394 0.0757575757575758 0.0303030303030303 0.166666666666667
0.0813953488372093 0.63953488372093 0.302325581395349 1.73255813953488 2.80232558139535 5.02325581395349 4.98837209302326 3.34883720930233 4.12790697674419 2.63953488372093 2.33720930232558 0.930232558139535 0.465116279069767 0.348837209302326 0.127906976744186 0.244186046511628
0.134328358208955 0.26865671641791 0.507462686567164 0.835820895522388 1.74626865671642 2.44776119402985 3.04477611940298 2.73134328358209 2.61194029850746 1.41791044776119 1.7910447761194 0.925373134328358 0.417910447761194 0.134328358208955 0.0746268656716418 0.0895522388059701
0 0.107692307692308 0.738461538461539 0.753846153846154 1.58461538461538 2.49230769230769 3.09230769230769 2.18461538461538 2.56923076923077 1.32307692307692 0.723076923076923 0.307692307692308 0.753846153846154 0.338461538461538 0.307692307692308 0.0615384615384615
0 0.0625 0.325 1.7875 2.1625 2.95 3.025 2.725 3.2875 2.075 1.0875 0.8 0.55 0.5375 0.775 0.3375
0.0120481927710843 0.108433734939759 0.325301204819277 0.759036144578313 1.31325301204819 0.951807228915663 2.01204819277108 1.53012048192771 1.68674698795181 1.86746987951807 1.18072289156627 1.16867469879518 0.734939759036145 0.602409638554217 0.397590361445783 0.734939759036145
0.0303030303030303 0.181818181818182 0.106060606060606 1 1.48484848484848 2.15151515151515 2.01515151515152 1.27272727272727 1.92424242424242 1.22727272727273 2.33333333333333 0.787878787878788 0.575757575757576 0.257575757575758 0.333333333333333 0.393939393939394
0.0192307692307692 0.0961538461538462 0.0961538461538462 0.192307692307692 0.807692307692308 1 1.42307692307692 0.673076923076923 1.09615384615385 0.711538461538462 1.21153846153846 1.88461538461538 0.884615384615385 0.288461538461538 0.0384615384615385 0.346153846153846
0.02 0.12 0.02 0.04 0.16 0.28 0.86 0.62 0.58 0.6 1.08 1.3 2.64 1.04 0.74 0.52
0.0333333333333333 0.166666666666667 0.2 0.133333333333333 0.233333333333333 0.366666666666667 0.533333333333333 1.1 0.766666666666667 1.23333333333333 1.16666666666667 1.8 2.53333333333333 1.23333333333333 1.06666666666667 0.6
0 0.166666666666667 0.0555555555555556 0.277777777777778 0 0.0555555555555556 0.111111111111111 0.888888888888889 0.833333333333333 0.555555555555556 1.05555555555556 2.38888888888889 1.38888888888889 0.388888888888889 1 1
0 0 0.111111111111111 0.222222222222222 0.277777777777778 0.222222222222222 0.555555555555556 0.277777777777778 0.444444444444444 1.11111111111111 1.77777777777778 1.66666666666667 1.38888888888889 1.11111111111111 3.27777777777778 3.88888888888889
