0 0.0625 0.125 0 0.96875 1 0.875 0.03125 0 0.09375 0.28125 0.78125 0.5625 0.1875 0 0.03125
0.349397590361446 10.8795180722892 1.21686746987952 0.204819277108434 0.783132530120482 1.39759036144578 1.24096385542169 0.313253012048193 0.0843373493975904 0.120481927710843 0.530120481927711 0.433734939759036 0.397590361445783 0.0963855421686747 0.0120481927710843 0.036144578313253
0 0.101123595505618 21.5505617977528 0.460674157303371 0.224719101123595 0.415730337078652 1.07865168539326 0.98876404494382 0.674157303370786 0.370786516853933 0.213483146067416 0.101123595505618 0.337078651685393 0.0674157303370786 0.213483146067416 0.0449438202247191
0.0493827160493827 0.0246913580246914 1.69135802469136 4.61728395061728 1.97530864197531 2.62962962962963 2.91358024691358 2.62962962962963 2.75308641975309 1.66666666666667 1.32098765432099 0.691358024691358 0.197530864197531 0.234567901234568 0.234567901234568 0.444444444444444
0.0454545454545455 0.106060606060606 0.121212121212121 0.984848484848485 2.78787878787879 2.3030303030303 2.66666666666667 1.86363636363636 1.95454545454545 1.63636363636364 1.48484848484848 0.742424242424242 0.303030303030303 0.257575757575758 0.0909090909090909 0.227272727272727
0.174418604651163 0.825581395348837 0.127906976744186 1.59302325581395 2.59302325581395 3.7906976744186 3.68604651162791 2.5 2.87209302325581 2.15116279069767 1.62790697674419 1.18604651162791 0.662790697674419 0.116279069767442 0.151162790697674 0.244186046511628
0.0447761194029851 0.26865671641791 0.373134328358209 0.537313432835821 0.776119402985075 1.7910447761194 2.55223880597015 1.82089552238806 1.71641791044776 0.701492537313433 0.686567164179104 0.791044776119403 0.253731343283582 0.164179104477612 0 0.0149253731343284
0 0.153846153846154 0.6 0.953846153846154 1.6 1.92307692307692 2.84615384615385 1.93846153846154 2.8 1.35384615384615 1.01538461538462 0.446153846153846 0.784615384615385 0.723076923076923 0.261538461538462 0.215384615384615
0 0.1625 0.525 1.9625 2.1875 3.2625 3.3 2.975 3.15 2.6875 1.5125 0.6375 0.7375 0.45 0.525 0.2625
0.0240963855421687 0.192771084337349 0.349397590361446 1.30120481927711 1.71084337349398 1.62650602409639 2.75903614457831 2.20481927710843 2.69879518072289 1.68674698795181 1.71084337349398 1.10843373493976 0.542168674698795 0.397590361445783 0.337349397590361 0.566265060240964
0 0.121212121212121 0.0606060606060606 0.515151515151515 1.09090909090909 1.28787878787879 1.84848484848485 1.5 1.37878787878788 1.39393939393939 3.25757575757576 1.59090909090909 0.46969696969697 0.5 0.439393939393939 1.57575757575758
0 0.0384615384615385 0.0384615384615385 0.326923076923077 0.480769230769231 0.903846153846154 0.846153846153846 0.769230769230769 0.923076923076923 1.25 1.92307692307692 1.73076923076923 0.711538461538462 0.346153846153846 0.211538461538462 0.538461538461538
0.02 0.32 0.02 0.3 0.44 0.66 1.24 1.34 0.9 0.62 1.5 2.56 3.44 1.1 0.74 0.82
0 0.0666666666666667 0.2 0.1 0.0333333333333333 0.233333333333333 0.366666666666667 0.666666666666667 0.466666666666667 0.8 0.733333333333333 1.23333333333333 1.73333333333333 0.9 0.833333333333333 0.2
0 0 0.111111111111111 0.222222222222222 0.333333333333333 0 0.277777777777778 0.222222222222222 0.944444444444444 0.222222222222222 0.5 0.833333333333333 1.27777777777778 1.55555555555556 1.55555555555556 0.5
0 0 0 0 0.222222222222222 0.111111111111111 0.333333333333333 0.111111111111111 0.222222222222222 0.277777777777778 0.666666666666667 0.944444444444444 1.05555555555556 0.944444444444444 2.27777777777778 2.38888888888889
