0.0625 0.03125 0.15625 0 0.9375 0.9375 0.84375 0.09375 0.0625 0.3125 0.53125 1.4375 0.625 0.40625 0 0.1875
0.385542168674699 8.51807228915663 0.843373493975904 0.144578313253012 0.518072289156627 0.963855421686747 1.43373493975904 0.265060240963855 0.168674698795181 0.156626506024096 0.397590361445783 0.578313253012048 0.55421686746988 0.072289156626506 0 0.036144578313253
0 1.15730337078652 19.3707865168539 0.415730337078652 0.337078651685393 0.48314606741573 1.28089887640449 0.764044943820225 0.528089887640449 0.224719101123595 0.168539325842697 0.213483146067416 0.314606741573034 0.0449438202247191 0.213483146067416 0
0.037037037037037 0 0.555555555555556 4.64197530864198 2.64197530864198 3.14814814814815 4.23456790123457 3.5679012345679 3.66666666666667 2.14814814814815 1.46913580246914 0.37037037037037 0.135802469135802 0.123456790123457 0.185185185185185 0.209876543209877
0.0303030303030303 0.166666666666667 0.196969696969697 1.01515151515152 2.5 2.37878787878788 2.95454545454545 1.90909090909091 2.59090909090909 1.90909090909091 1.74242424242424 0.878787878787879 0.484848484848485 0.272727272727273 0.121212121212121 0.378787878787879
0.127906976744186 0.534883720930233 0.348837209302326 2.01162790697674 3.15116279069767 4.40697674418605 5.09302325581395 3.06976744186047 4.31395348837209 2.24418604651163 2.40697674418605 1.19767441860465 0.465116279069767 0.27906976744186 0.13953488372093 0.255813953488372
0.0447761194029851 0.358208955223881 0.26865671641791 0.940298507462687 1.52238805970149 2.64179104477612 3.44776119402985 2.32835820895522 2.44776119402985 1.88059701492537 1.74626865671642 0.597014925373134 0.328358208955224 0.238805970149254 0.0597014925373134 0.0447761194029851
0 0.0769230769230769 0.646153846153846 1.41538461538462 1.64615384615385 2.84615384615385 3.43076923076923 3.21538461538462 3.16923076923077 1.86153846153846 1.2 0.246153846153846 0.369230769230769 0.4 0.169230769230769 0.0615384615384615
0 0.2125 0.3 1.2625 1.6125 1.8875 2.275 2.2625 2.2625 1.4 1.05 0.2875 0.3375 0.2625 0.3125 0.1
0.0240963855421687 0.0843373493975904 0.349397590361446 1.04819277108434 1.69879518072289 1.24096385542169 2.49397590361446 2.14457831325301 2.21686746987952 2.06024096385542 2.16867469879518 1.09638554216867 0.686746987951807 0.55421686746988 0.44578313253012 0.578313253012048
0.0303030303030303 0.196969696969697 0.0454545454545455 0.515151515151515 1.27272727272727 1.48484848484848 2.04545454545455 1.51515151515152 1.66666666666667 1.92424242424242 3.06060606060606 1.40909090909091 0.348484848484849 0.560606060606061 0.333333333333333 1.1969696969697
0 0.0576923076923077 0.134615384615385 0.307692307692308 0.673076923076923 1.17307692307692 1.05769230769231 0.711538461538462 1 1.19230769230769 1.86538461538462 1.48076923076923 1.17307692307692 0.423076923076923 0.346153846153846 0.5
0 0.1 0.04 0.4 0.46 0.9 0.98 1.62 0.82 0.7 1.06 1.86 3.04 0.98 0.82 0.78
0 0.0333333333333333 0.166666666666667 0.1 0.1 0.166666666666667 0.3 0.366666666666667 0.266666666666667 0.833333333333333 0.866666666666667 0.7 1.7 0.966666666666667 0.866666666666667 0.0666666666666667
0 0.0555555555555556 0 0.0555555555555556 0 0 0.0555555555555556 0.388888888888889 0.388888888888889 0.388888888888889 0.777777777777778 1.16666666666667 0.555555555555556 0.5 2 0.333333333333333
0 0 0.0555555555555556 0.111111111111111 0.333333333333333 0.111111111111111 0.222222222222222 0.166666666666667 0.388888888888889 0.722222222222222 1.16666666666667 1.66666666666667 1.5 1.27777777777778 2 2.5
