0.71875 0.40625 0.125 0.09375 0.96875 1.15625 0.84375 0 0 0.0625 0.90625 1.21875 0.625 0.25 0 0.09375
0.144578313253012 8.79518072289157 1.34939759036145 0.180722891566265 0.518072289156627 1.12048192771084 1.24096385542169 0.337349397590361 0.144578313253012 0.120481927710843 0.373493975903614 0.493975903614458 0.289156626506024 0.144578313253012 0.0120481927710843 0.036144578313253
0 0.707865168539326 18.3483146067416 1.2247191011236 0.662921348314607 1.01123595505618 1.48314606741573 0.966292134831461 0.651685393258427 0.426966292134831 0.258426966292135 0.168539325842697 0.382022471910112 0.0786516853932584 0.146067415730337 0.0449438202247191
0.037037037037037 0.0123456790123457 0.469135802469136 4.77777777777778 2.07407407407407 2.40740740740741 3.16049382716049 2.87654320987654 2.95061728395062 1.53086419753086 1.28395061728395 0.481481481481481 0.283950617283951 0.135802469135802 0.111111111111111 0.209876543209877
0.0757575757575758 0.257575757575758 0.166666666666667 1.01515151515152 3 2.71212121212121 3.36363636363636 2.01515151515152 2.5 1.86363636363636 1.78787878787879 0.984848484848485 0.636363636363636 0.287878787878788 0.106060606060606 0.318181818181818
0.186046511627907 0.813953488372093 0.209302325581395 1.38372093023256 2.62790697674419 3.75581395348837 4.02325581395349 2.2906976744186 3 1.8953488372093 1.80232558139535 1.2093023255814 0.732558139534884 0.186046511627907 0.174418604651163 0.267441860465116
0.0895522388059701 0.328358208955224 0.611940298507463 0.671641791044776 1.58208955223881 2.41791044776119 2.70149253731343 2.05970149253731 2.37313432835821 1.02985074626866 1.43283582089552 0.522388059701492 0.328358208955224 0.238805970149254 0.134328358208955 0.0746268656716418
0 0.215384615384615 0.523076923076923 0.969230769230769 1.53846153846154 1.72307692307692 3.43076923076923 1.93846153846154 2.38461538461538 1.4 1.07692307692308 0.369230769230769 0.707692307692308 0.784615384615385 0.246153846153846 0.230769230769231
0 0.175 0.425 1.4875 2.025 2.2625 2.7625 2.4875 2.7875 2.075 1.2875 0.475 0.375 0.3625 0.325 0.175
0.0120481927710843 0.132530120481928 0.265060240963855 1.02409638554217 1.78313253012048 1.19277108433735 2.8433734939759 2.06024096385542 2.81927710843373 2.08433734939759 1.73493975903614 0.614457831325301 0.325301204819277 0.36144578313253 0.156626506024096 0.301204819277108
0.0303030303030303 0.136363636363636 0.0454545454545455 0.560606060606061 0.924242424242424 1.48484848484848 1.53030303030303 1.16666666666667 1.92424242424242 1.1969696969697 2.18181818181818 1.37878787878788 0.439393939393939 0.712121212121212 0.727272727272727 1.48484848484848
0.0384615384615385 0.0769230769230769 0.0769230769230769 0.403846153846154 0.942307692307692 1.48076923076923 1.73076923076923 1.09615384615385 1.09615384615385 1.46153846153846 2.07692307692308 1.82692307692308 1.40384615384615 0.634615384615385 0.326923076923077 0.980769230769231
0.02 0.22 0.06 0.1 0.34 0.4 0.72 0.62 1.04 0.32 1.36 2.3 4.76 1.26 1.16 1.16
0 0.2 0.166666666666667 0.133333333333333 0.1 0.0333333333333333 0.533333333333333 0.266666666666667 0.666666666666667 0.6 0.266666666666667 1.73333333333333 1.86666666666667 2.2 1.43333333333333 0.333333333333333
0 0.166666666666667 0 0.166666666666667 0 0 0.0555555555555556 0.777777777777778 0.5 0.277777777777778 1.22222222222222 2.22222222222222 1.83333333333333 0.777777777777778 2.66666666666667 0.277777777777778
0 0 0.111111111111111 0.111111111111111 0.222222222222222 0.222222222222222 0.555555555555556 0.166666666666667 0.5 0.833333333333333 1.61111111111111 1.83333333333333 1.72222222222222 1.05555555555556 2.94444444444444 3.16666666666667
