0.65625 0.375 0.0625 0 1.15625 0.875 0.625 0.03125 0 0.09375 0.40625 0.6875 0.4375 0.09375 0 0.09375
0.168674698795181 12.5060240963855 0.975903614457831 0.204819277108434 0.542168674698795 1.04819277108434 1.19277108433735 0.265060240963855 0.216867469879518 0.156626506024096 0.289156626506024 0.602409638554217 0.385542168674699 0.0963855421686747 0 0
0 0.606741573033708 20.7752808988764 0.853932584269663 0.157303370786517 0.337078651685393 1.14606741573034 0.98876404494382 0.528089887640449 0.269662921348315 0.146067415730337 0.157303370786517 0.359550561797753 0.146067415730337 0.134831460674157 0.0674157303370786
0.0864197530864197 0 2.2716049382716 4.12345679012346 2.17283950617284 2.2716049382716 3.2716049382716 2.67901234567901 2.93827160493827 1.80246913580247 1.4320987654321 0.432098765432099 0.111111111111111 0.0864197530864197 0.135802469135802 0.222222222222222
0.0606060606060606 0.227272727272727 0.121212121212121 1.06060606060606 2.48484848484848 2.78787878787879 3.51515151515152 1.98484848484848 2.22727272727273 1.75757575757576 1.77272727272727 0.53030303030303 0.318181818181818 0.166666666666667 0.0303030303030303 0.196969696969697
0.162790697674419 0.732558139534884 0.255813953488372 1.66279069767442 2.90697674418605 4.16279069767442 5.2906976744186 2.88372093023256 3.40697674418605 2.12790697674419 1.69767441860465 1 0.546511627906977 0.22093023255814 0.151162790697674 0.197674418604651
0.0597014925373134 0.477611940298507 0.373134328358209 0.746268656716418 1.6865671641791 1.8955223880597 2.98507462686567 1.59701492537313 2 0.850746268656716 0.746268656716418 0.746268656716418 0.462686567164179 0.0895522388059701 0.0447761194029851 0.0597014925373134
0 0.0769230769230769 0.584615384615385 0.892307692307692 1.69230769230769 1.90769230769231 3.21538461538462 2.04615384615385 2.46153846153846 1.29230769230769 0.984615384615385 0.415384615384615 0.707692307692308 0.507692307692308 0.138461538461538 0.123076923076923
0.025 0.0625 0.2375 1.1125 1.5 1.7125 2.4625 2.2875 2.175 1.525 0.8 0.625 0.3875 0.325 0.55 0.2375
0.0120481927710843 0.120481927710843 0.385542168674699 1.68674698795181 2.18072289156627 1.93975903614458 3.93975903614458 2.90361445783133 3.20481927710843 2.4578313253012 1.85542168674699 1.5421686746988 0.843373493975904 0.566265060240964 0.686746987951807 0.746987951807229
0.0454545454545455 0.136363636363636 0.0454545454545455 0.954545454545455 1.56060606060606 2.3030303030303 2.74242424242424 1.71212121212121 1.95454545454545 1.5 2.63636363636364 0.924242424242424 0.439393939393939 1.06060606060606 0.287878787878788 0.803030303030303
0 0.115384615384615 0.134615384615385 0.25 0.557692307692308 0.923076923076923 0.923076923076923 0.480769230769231 0.653846153846154 0.826923076923077 2.73076923076923 1.42307692307692 1.07692307692308 0.307692307692308 0.0961538461538462 0.0769230769230769
0.02 0.12 0.22 0.2 0.3 0.58 0.94 0.96 0.68 0.88 1.22 1.46 2.42 1.12 0.24 0.26
0 0.366666666666667 0.233333333333333 0.166666666666667 0.166666666666667 0.133333333333333 0.466666666666667 0.7 0.666666666666667 0.933333333333333 0.5 1.93333333333333 1.6 1.7 1.46666666666667 0.366666666666667
0 0 0 0 0.277777777777778 0 0.444444444444444 0.166666666666667 0.277777777777778 0.166666666666667 1.05555555555556 0.944444444444444 1.05555555555556 1.16666666666667 0.944444444444444 0.5
0 0 0.0555555555555556 0 0.222222222222222 0.277777777777778 0.222222222222222 0.111111111111111 0.111111111111111 0.444444444444444 1.05555555555556 1.27777777777778 1.22222222222222 1.16666666666667 2.22222222222222 2.77777777777778
