2.375 1.5 0 0.0625 1.1875 0.78125 0.84375 0.03125 0.03125 0.15625 0.53125 0.5 0.84375 0.09375 0 0.0625
0.0602409638554217 9.33734939759036 1.36144578313253 0.108433734939759 0.566265060240964 0.903614457831325 1.06024096385542 0.253012048192771 0.168674698795181 0.192771084337349 0.349397590361446 0.493975903614458 0.578313253012048 0.132530120481928 0.0120481927710843 0.0481927710843374
0 0.730337078651685 23.8202247191011 1.1123595505618 0.606741573033708 0.876404494382023 1.37078651685393 1.06741573033708 0.651685393258427 0.292134831460674 0.247191011235955 0.112359550561798 0.359550561797753 0.0674157303370786 0.134831460674157 0.0561797752808989
0.037037037037037 0.0123456790123457 0.604938271604938 4.81481481481481 2.4320987654321 2.55555555555556 3.54320987654321 2.77777777777778 3.25925925925926 1.75308641975309 1.24691358024691 0.283950617283951 0.135802469135802 0.148148148148148 0.160493827160494 0.172839506172839
0.0303030303030303 0.121212121212121 0.212121212121212 2.09090909090909 3.07575757575758 2.87878787878788 4.16666666666667 2.72727272727273 3.27272727272727 2.43939393939394 2.22727272727273 1.39393939393939 0.833333333333333 0.409090909090909 0.242424242424242 0.621212121212121
0.0697674418604651 0.627906976744186 0.267441860465116 1.56976744186047 2.38372093023256 4.11627906976744 4.90697674418605 2.77906976744186 3.19767441860465 2.12790697674419 1.69767441860465 0.976744186046512 0.383720930232558 0.267441860465116 0.0813953488372093 0.255813953488372
0.119402985074627 0.26865671641791 0.611940298507463 0.940298507462687 1.97014925373134 2.67164179104478 3.43283582089552 2.7910447761194 3.01492537313433 1.71641791044776 1.73134328358209 0.82089552238806 0.208955223880597 0.238805970149254 0.0597014925373134 0.0597014925373134
0 0.153846153846154 0.446153846153846 0.969230769230769 1.58461538461538 1.89230769230769 3.18461538461538 1.92307692307692 3.32307692307692 1.23076923076923 0.676923076923077 0.384615384615385 0.430769230769231 0.353846153846154 0.2 0.138461538461538
0.05 0.05 0.4625 1.7375 1.8625 2.625 2.925 2.7125 3.2625 2.375 1.3375 0.65 0.525 0.5375 0.4625 0.25
0.0240963855421687 0.168674698795181 0.204819277108434 1.02409638554217 1.85542168674699 1.27710843373494 2.72289156626506 1.90361445783133 2.27710843373494 1.86746987951807 2.04819277108434 1.83132530120482 1 0.63855421686747 0.44578313253012 0.927710843373494
0.0303030303030303 0.136363636363636 0.0454545454545455 0.560606060606061 1.33333333333333 1.60606060606061 2.40909090909091 1.53030303030303 1.78787878787879 1.15151515151515 3.15151515151515 1.45454545454545 0.590909090909091 1.53030303030303 0.606060606060606 1.40909090909091
0 0.0961538461538462 0.173076923076923 0.576923076923077 1.19230769230769 1.55769230769231 1.65384615384615 1.17307692307692 1.69230769230769 1.75 1.90384615384615 1.76923076923077 1.28846153846154 0.461538461538462 0.269230769230769 0.384615384615385
0 0.16 0.06 0.28 0.36 0.62 1.04 1.1 1.12 0.46 1.06 1.36 2.96 1.12 1.16 0.5
0 0.1 0.2 0.166666666666667 0.3 0.0333333333333333 0.5 0.533333333333333 0.533333333333333 0.366666666666667 0.166666666666667 1.33333333333333 2.03333333333333 2.5 1.36666666666667 0.333333333333333
0 0 0 0.111111111111111 0 0 0.222222222222222 0 0.5 0.277777777777778 0.166666666666667 1.94444444444444 2.11111111111111 1.72222222222222 1.61111111111111 0.555555555555556
0 0 0.0555555555555556 0.222222222222222 0.333333333333333 0.166666666666667 0.111111111111111 0.222222222222222 0.222222222222222 0.833333333333333 1.22222222222222 0.888888888888889 0.722222222222222 0.777777777777778 2.83333333333333 3.05555555555556
