1.78125 1.125 0.03125 0 1 1.09375 0.75 0.0625 0 0.15625 0.28125 0.59375 0.8125 0.09375 0 0.03125
0.132530120481928 9.81927710843373 1.14457831325301 0.0602409638554217 0.373493975903614 0.939759036144578 1.03614457831325 0.168674698795181 0.192771084337349 0.108433734939759 0.44578313253012 0.373493975903614 0.36144578313253 0.0602409638554217 0.0120481927710843 0.036144578313253
0 0.528089887640449 19.2808988764045 0.471910112359551 0.235955056179775 0.426966292134831 1.28089887640449 1.12359550561798 0.48314606741573 0.337078651685393 0.112359550561798 0.157303370786517 0.393258426966292 0.0786516853932584 0.303370786516854 0.0224719101123595
0.0864197530864197 0.0123456790123457 0.506172839506173 6.82716049382716 2.85185185185185 3.37037037037037 4.76543209876543 3.32098765432099 4.25925925925926 2.22222222222222 1.67901234567901 0.308641975308642 0.0740740740740741 0.0987654320987654 0.135802469135802 0.197530864197531
0.0757575757575758 0.151515151515152 0.121212121212121 2.18181818181818 3.27272727272727 2.57575757575758 3.78787878787879 2.12121212121212 2.53030303030303 1.63636363636364 2.16666666666667 0.757575757575758 0.287878787878788 0.0909090909090909 0.0606060606060606 0.212121212121212
0.186046511627907 0.709302325581395 0.337209302325581 1.2906976744186 2.54651162790698 3.72093023255814 4.05813953488372 2.43023255813953 2.83720930232558 1.63953488372093 1.90697674418605 1.02325581395349 0.511627906976744 0.22093023255814 0.127906976744186 0.162790697674419
0.0597014925373134 0.328358208955224 0.402985074626866 1.02985074626866 2.26865671641791 2.91044776119403 3.74626865671642 2.80597014925373 3.01492537313433 2.49253731343284 2.85074626865672 0.761194029850746 0.522388059701492 0.238805970149254 0.0597014925373134 0.149253731343284
0 0.184615384615385 0.461538461538462 1.16923076923077 1.15384615384615 1.70769230769231 2.92307692307692 1.84615384615385 3.15384615384615 0.984615384615385 0.784615384615385 0.261538461538462 0.307692307692308 0.323076923076923 0.184615384615385 0.0307692307692308
0.0125 0.1625 0.275 1.275 1.8375 2.4125 2.4125 2.925 2.1625 2.0625 1.2375 0.5875 0.4 0.3625 0.8125 0.35
0.0240963855421687 0.0963855421686747 0.373493975903614 1.30120481927711 1.81927710843373 1.74698795180723 2.75903614457831 1.96385542168675 2.67469879518072 2.10843373493976 1.46987951807229 1.95180722891566 1.04819277108434 0.698795180722892 0.602409638554217 0.987951807228916
0.0454545454545455 0.151515151515152 0.0606060606060606 0.53030303030303 1.13636363636364 1.3030303030303 1.78787878787879 1.12121212121212 1.74242424242424 1.12121212121212 2.10606060606061 0.96969696969697 0.409090909090909 0.833333333333333 0.606060606060606 0.590909090909091
0.0192307692307692 0.0192307692307692 0.115384615384615 0.230769230769231 0.557692307692308 0.769230769230769 1.11538461538462 0.769230769230769 1.03846153846154 0.788461538461538 1.34615384615385 1.86538461538462 1.07692307692308 0.596153846153846 0.307692307692308 0.461538461538462
0.04 0.14 0.12 0.18 0.36 0.5 1.04 0.96 0.88 0.66 1.36 1.72 3.58 1.1 1.02 0.64
0 0.1 0.166666666666667 0.3 0.2 0.166666666666667 0.566666666666667 0.7 0.8 0.6 0.533333333333333 0.6 1.53333333333333 0.966666666666667 0.733333333333333 0.2
0 0.222222222222222 0.0555555555555556 0.222222222222222 0 0.0555555555555556 0.0555555555555556 1 0.5 0.444444444444444 1.22222222222222 4 2.77777777777778 1.22222222222222 1.77777777777778 1.44444444444444
0 0 0 0.222222222222222 0.222222222222222 0.0555555555555556 0.277777777777778 0.166666666666667 0.277777777777778 0.666666666666667 0.555555555555556 0.5 0.333333333333333 0.388888888888889 1.44444444444444 1.33333333333333
