0.59375 0.4375 0.25 0.0625 1.15625 0.875 1 0.125 0.03125 0.0625 0.6875 1.125 0.625 0.28125 0 0.125
0.373493975903614 9.6144578313253 0.686746987951807 0.0843373493975904 0.373493975903614 1.04819277108434 1.07228915662651 0.313253012048193 0.144578313253012 0.120481927710843 0.349397590361446 0.578313253012048 0.518072289156626 0.132530120481928 0.036144578313253 0.0240963855421687
0 1.03370786516854 21.7752808988764 0.865168539325843 0.348314606741573 0.573033707865168 1.07865168539326 0.820224719101123 0.539325842696629 0.348314606741573 0.179775280898876 0.179775280898876 0.404494382022472 0.0561797752808989 0.179775280898876 0.0224719101123595
0.037037037037037 0.0123456790123457 1.03703703703704 4.39506172839506 2.22222222222222 2.55555555555556 3.20987654320988 2.79012345679012 2.92592592592593 1.55555555555556 1.14814814814815 0.45679012345679 0.333333333333333 0.197530864197531 0.222222222222222 0.283950617283951
0.0151515151515152 0.121212121212121 0.0909090909090909 0.863636363636364 1.87878787878788 1.98484848484848 2.37878787878788 1.56060606060606 2.15151515151515 1.22727272727273 1.40909090909091 1.81818181818182 0.96969696969697 0.712121212121212 0.318181818181818 0.590909090909091
0.151162790697674 0.755813953488372 0.151162790697674 1.30232558139535 2.1046511627907 3.02325581395349 3.91860465116279 2.23255813953488 2.67441860465116 1.59302325581395 1.67441860465116 1.18604651162791 0.604651162790698 0.162790697674419 0.13953488372093 0.267441860465116
0.0597014925373134 0.283582089552239 0.462686567164179 0.91044776119403 1.67164179104478 2.17910447761194 2.83582089552239 2.25373134328358 2.6865671641791 1.3134328358209 1.29850746268657 0.641791044776119 0.343283582089552 0.17910447761194 0.0746268656716418 0.119402985074627
0 0.138461538461538 0.538461538461538 1.27692307692308 1.95384615384615 2.86153846153846 3.46153846153846 2.27692307692308 2.8 1.41538461538462 0.938461538461538 0.384615384615385 0.969230769230769 0.692307692307692 0.4 0.276923076923077
0 0.1375 0.4125 1.5 2.025 2.8875 2.8 3.175 3.0375 2.3625 1.35 0.7125 0.55 0.5125 0.6125 0.2625
0.0240963855421687 0.132530120481928 0.253012048192771 1 1.66265060240964 1.40963855421687 2.54216867469879 2.02409638554217 2.27710843373494 2.30120481927711 2.01204819277108 1.7710843373494 0.891566265060241 0.674698795180723 0.421686746987952 0.951807228915662
0.0454545454545454 0.136363636363636 0 0.454545454545454 1.34848484848485 1.43939393939394 1.98484848484848 1.34848484848485 1.81818181818182 1.24242424242424 1.86363636363636 1.21212121212121 0.53030303030303 0.590909090909091 0.454545454545454 1.25757575757576
0.0384615384615385 0.0384615384615385 0.134615384615385 0.326923076923077 0.673076923076923 0.826923076923077 1.15384615384615 0.865384615384615 1.19230769230769 0.846153846153846 1.78846153846154 2.03846153846154 1.25 0.711538461538461 0.442307692307692 0.480769230769231
0 0.38 0.16 0.12 0.36 0.42 0.4 0.54 0.42 0.48 1.8 1.52 2.92 0.92 0.82 0.7
0.0666666666666667 0.0666666666666667 0.2 0.0333333333333333 0.233333333333333 0.333333333333333 0.533333333333333 0.533333333333333 0.6 1.26666666666667 1.03333333333333 1.26666666666667 1.5 1.1 1.4 0.533333333333333
0 0 0 0.333333333333333 0.166666666666667 0.0555555555555556 0.111111111111111 0.277777777777778 0.388888888888889 0.444444444444444 0.5 1.33333333333333 0.611111111111111 0.5 4.27777777777778 0.555555555555555
0 0 0.222222222222222 0.111111111111111 0.222222222222222 0.444444444444444 0.0555555555555556 0.111111111111111 0.222222222222222 1 1.94444444444444 2.16666666666667 1.88888888888889 1 2.33333333333333 2.11111111111111
