0 0.03125 0.03125 0.03125 0.5625 1.15625 0.9375 0.09375 0.0625 0.21875 0.3125 0.84375 0.875 0.21875 0 0.125
0.469879518072289 10.9036144578313 0.746987951807229 0.240963855421687 0.55421686746988 1.27710843373494 1.20481927710843 0.385542168674699 0.156626506024096 0.192771084337349 0.566265060240964 0.493975903614458 0.493975903614458 0.168674698795181 0.0240963855421687 0.0481927710843374
0 1.95505617977528 19.5842696629213 0.617977528089888 0.191011235955056 0.348314606741573 0.932584269662921 1.02247191011236 0.471910112359551 0.134831460674157 0.134831460674157 0.101123595505618 0.337078651685393 0.0786516853932584 0.191011235955056 0.0449438202247191
0.0493827160493827 0.0123456790123457 0.530864197530864 6.18518518518519 2.06172839506173 2.92592592592593 3.49382716049383 3.14814814814815 3.19753086419753 1.66666666666667 1.14814814814815 0.37037037037037 0.135802469135802 0.160493827160494 0.185185185185185 0.283950617283951
0.0454545454545455 0.136363636363636 0.0303030303030303 1.31818181818182 2.16666666666667 2.01515151515152 2.5 1.83333333333333 1.93939393939394 1.5 1.53030303030303 0.257575757575758 0.181818181818182 0.0303030303030303 0 0.0606060606060606
0.116279069767442 0.604651162790698 0.232558139534884 1.97674418604651 3.05813953488372 4.76744186046512 4.86046511627907 3.24418604651163 3.83720930232558 2.26744186046512 2.31395348837209 0.883720930232558 0.36046511627907 0.267441860465116 0.127906976744186 0.244186046511628
0.0895522388059701 0.328358208955224 0.388059701492537 0.641791044776119 1.19402985074627 2.22388059701493 2.92537313432836 2.05970149253731 2.22388059701493 1.34328358208955 1.37313432835821 0.582089552238806 0.373134328358209 0.283582089552239 0.0597014925373134 0.104477611940299
0 0.0923076923076923 0.569230769230769 1.32307692307692 1.67692307692308 2.26153846153846 3.32307692307692 2.32307692307692 3.07692307692308 1.35384615384615 0.784615384615385 0.338461538461538 0.692307692307692 0.292307692307692 0.230769230769231 0.123076923076923
0 0.1125 0.4125 1.6 1.7375 2.425 2.4875 2.05 2.6625 1.5625 1.2875 0.45 0.4875 0.4 0.5 0.1625
0 0.132530120481928 0.421686746987952 0.903614457831325 1.67469879518072 1.32530120481928 2.59036144578313 2.09638554216867 2.14457831325301 2.03614457831325 1.68674698795181 2.18072289156627 1.07228915662651 0.746987951807229 0.578313253012048 1.12048192771084
0.0303030303030303 0.181818181818182 0.121212121212121 0.651515151515151 1.16666666666667 1.74242424242424 1.40909090909091 1.10606060606061 1.22727272727273 1.16666666666667 1.81818181818182 0.939393939393939 0.378787878787879 2.24242424242424 0.409090909090909 0.666666666666667
0.0192307692307692 0.0576923076923077 0.115384615384615 0.25 0.480769230769231 1 1.23076923076923 0.557692307692308 0.846153846153846 0.980769230769231 2.19230769230769 1.40384615384615 0.75 0.173076923076923 0.0384615384615385 0.365384615384615
0 0.16 0.14 0.1 0.24 0.16 0.4 0.42 0.92 0.46 1.24 1.12 2.08 0.6 1.08 0.5
0.0333333333333333 0.233333333333333 0.166666666666667 0.2 0.366666666666667 0.1 0.366666666666667 0.433333333333333 1.16666666666667 1.03333333333333 0.833333333333333 2.1 2.13333333333333 2.13333333333333 1.56666666666667 0.833333333333333
0 0.111111111111111 0.0555555555555556 0.0555555555555556 0.111111111111111 0 0.222222222222222 0.5 0.722222222222222 0.444444444444444 0.666666666666667 1 1.44444444444444 0.833333333333333 3.77777777777778 0.277777777777778
0 0 0.0555555555555556 0.333333333333333 0.444444444444444 0.166666666666667 0.277777777777778 0.222222222222222 0.5 0.944444444444444 1.16666666666667 1.33333333333333 1.05555555555556 0.722222222222222 2.44444444444444 2.66666666666667
