0.59375 0.375 0.03125 0.0625 0.96875 0.78125 0.34375 0.0625 0.0625 0.375 0.4375 0.9375 0.4375 0.1875 0 0.125
0.108433734939759 9.85542168674699 1.07228915662651 0.072289156626506 0.27710843373494 0.807228915662651 0.867469879518072 0.204819277108434 0.27710843373494 0.156626506024096 0.349397590361446 0.578313253012048 0.385542168674699 0.132530120481928 0.0120481927710843 0.0120481927710843
0 0.898876404494382 21.2134831460674 0.887640449438202 0.51685393258427 0.853932584269663 1.35955056179775 1.17977528089888 0.550561797752809 0.303370786516854 0.191011235955056 0.146067415730337 0.449438202247191 0.112359550561798 0.191011235955056 0.0786516853932584
0.0617283950617284 0.0123456790123457 0.308641975308642 4.03703703703704 2.46913580246914 2.48148148148148 3.30864197530864 2.51851851851852 2.81481481481481 1.77777777777778 1.34567901234568 0.419753086419753 0.160493827160494 0.197530864197531 0.209876543209877 0.320987654320988
0 0.121212121212121 0.151515151515152 0.909090909090909 2.81818181818182 2.63636363636364 2.87878787878788 1.71212121212121 2.12121212121212 1.5 1.56060606060606 1.25757575757576 0.606060606060606 0.439393939393939 0.151515151515152 0.318181818181818
0.174418604651163 0.418604651162791 0.27906976744186 1.38372093023256 2.33720930232558 3.75581395348837 4.36046511627907 2.7906976744186 3.19767441860465 1.63953488372093 1.77906976744186 0.627906976744186 0.255813953488372 0.27906976744186 0.0348837209302326 0.197674418604651
0.119402985074627 0.298507462686567 0.343283582089552 0.611940298507463 1.22388059701493 1.74626865671642 2.53731343283582 1.3134328358209 1.34328358208955 0.746268656716418 0.895522388059702 0.701492537313433 0.328358208955224 0.253731343283582 0.0149253731343284 0.104477611940299
0 0.0461538461538462 0.707692307692308 1.46153846153846 2.07692307692308 2.81538461538462 4.12307692307692 3.10769230769231 2.69230769230769 2.26153846153846 1.2 0.523076923076923 1.18461538461538 0.646153846153846 0.292307692307692 0.353846153846154
0.0375 0.2 0.5 1.4625 2 3.1625 2.7375 3.1 3.1 2.0375 1.2875 0.7125 0.45 0.4 0.65 0.3125
0.0120481927710843 0.192771084337349 0.228915662650602 1.33734939759036 2.28915662650602 1.78313253012048 2.79518072289157 2.57831325301205 2.91566265060241 2.48192771084337 2.44578313253012 1.13253012048193 0.734939759036145 0.590361445783133 0.313253012048193 0.566265060240964
0.0606060606060606 0.166666666666667 0.0151515151515152 0.575757575757576 1 1.36363636363636 1.84848484848485 1.18181818181818 1.62121212121212 1.75757575757576 2.07575757575758 0.878787878787879 0.621212121212121 1.68181818181818 0.303030303030303 0.757575757575758
0.0384615384615385 0.0769230769230769 0.192307692307692 0.403846153846154 1.13461538461538 1.01923076923077 1.28846153846154 0.692307692307692 1.25 1.09615384615385 1.26923076923077 1.51923076923077 0.519230769230769 0.403846153846154 0.211538461538462 0.307692307692308
0 0.14 0.08 0.18 0.44 0.46 1.02 0.9 0.96 0.74 0.96 1.24 3.58 1.02 0.92 0.6
0 0.0666666666666667 0.1 0.166666666666667 0.266666666666667 0.333333333333333 0.6 0.733333333333333 0.866666666666667 0.833333333333333 0.766666666666667 1 1.26666666666667 1.26666666666667 1.96666666666667 0.366666666666667
0 0 0 0.166666666666667 0 0 0.166666666666667 0 0.388888888888889 0.388888888888889 0.111111111111111 1.88888888888889 1.44444444444444 1.27777777777778 3.94444444444444 0.611111111111111
0 0 0.0555555555555556 0 0.611111111111111 0.111111111111111 0.166666666666667 0.166666666666667 0.222222222222222 0.555555555555556 1.55555555555556 0.888888888888889 1.11111111111111 0.944444444444444 2.61111111111111 4.33333333333333
