1.25 0.75 0.03125 0 0.75 0.96875 0.46875 0.0625 0.03125 0.21875 0.40625 0.6875 0.8125 0.1875 0 0.09375
0.506024096385542 11.8915662650602 0.987951807228916 0.349397590361446 0.795180722891566 1.36144578313253 1.51807228915663 0.421686746987952 0.180722891566265 0.132530120481928 0.578313253012048 0.397590361445783 0.481927710843373 0.144578313253012 0.0240963855421687 0.0120481927710843
0 1.13483146067416 22.1573033707865 1.30337078651685 0.426966292134831 0.48314606741573 1.32584269662921 1.06741573033708 0.685393258426966 0.404494382022472 0.235955056179775 0.146067415730337 0.235955056179775 0.0337078651685393 0.112359550561798 0.0674157303370786
0.0740740740740741 0.0246913580246914 0.567901234567901 4.93827160493827 2.25925925925926 2.28395061728395 3.38271604938272 2.64197530864198 3 1.79012345679012 1.27160493827161 0.641975308641975 0.172839506172839 0.185185185185185 0.246913580246914 0.37037037037037
0.0757575757575758 0.181818181818182 0.106060606060606 1.43939393939394 2.6969696969697 2.92424242424242 3.83333333333333 2.40909090909091 2.86363636363636 2.1969696969697 2.09090909090909 1.12121212121212 0.742424242424242 0.409090909090909 0.181818181818182 0.409090909090909
0.232558139534884 0.651162790697674 0.406976744186047 1.94186046511628 3.77906976744186 5.02325581395349 5 3.80232558139535 4.34883720930233 2.38372093023256 2.48837209302326 1.32558139534884 0.674418604651163 0.27906976744186 0.174418604651163 0.27906976744186
0.0298507462686567 0.26865671641791 0.492537313432836 0.656716417910448 1.13432835820896 2.16417910447761 2.37313432835821 1.59701492537313 2.40298507462687 1.26865671641791 1.62686567164179 0.880597014925373 0.358208955223881 0.119402985074627 0.0298507462686567 0.0149253731343284
0 0.0769230769230769 0.6 1.43076923076923 1.86153846153846 2.73846153846154 4.09230769230769 2.87692307692308 2.92307692307692 1.56923076923077 0.907692307692308 0.215384615384615 0.553846153846154 0.353846153846154 0.276923076923077 0.0923076923076923
0.025 0.125 0.4375 1.9125 2.35 3.4 3.4375 3.2 3.375 2.4875 1.7875 0.4625 0.5375 0.325 0.375 0.1625
0.0120481927710843 0.072289156626506 0.301204819277108 1.19277108433735 2.01204819277108 1.1566265060241 3.13253012048193 2.24096385542169 2.50602409638554 1.91566265060241 2.09638554216867 1.49397590361446 1.02409638554217 0.63855421686747 0.590361445783133 0.819277108433735
0.0151515151515152 0.363636363636364 0.0606060606060606 0.863636363636364 1.90909090909091 2.16666666666667 2.22727272727273 1.60606060606061 1.8030303030303 1.33333333333333 2.5 0.666666666666667 0.363636363636364 1.28787878787879 0.151515151515152 0.409090909090909
0.0192307692307692 0.0384615384615385 0.153846153846154 0.307692307692308 0.884615384615385 0.865384615384615 1.32692307692308 1.19230769230769 1.03846153846154 0.961538461538462 1.51923076923077 2.07692307692308 1.78846153846154 0.596153846153846 0.25 0.365384615384615
0 0.18 0.08 0.08 0.36 0.3 0.74 0.54 0.88 0.76 1.46 1.86 3.58 1.48 0.88 0.96
0 0.0666666666666667 0.266666666666667 0.1 0.0666666666666667 0.1 0.266666666666667 0.366666666666667 0.633333333333333 0.366666666666667 0.5 1.4 1.46666666666667 1.23333333333333 1.46666666666667 0.333333333333333
0 0 0.0555555555555556 0 0 0 0.0555555555555556 0.388888888888889 0.222222222222222 0.0555555555555556 0.111111111111111 0.111111111111111 0.722222222222222 0.333333333333333 1.05555555555556 0.0555555555555556
0 0 0.111111111111111 0.222222222222222 0.222222222222222 0.277777777777778 0.277777777777778 0.277777777777778 0.277777777777778 1.22222222222222 1.55555555555556 2.61111111111111 2.38888888888889 1.94444444444444 2.16666666666667 3.33333333333333
