1.3125 0.8125 0.03125 0 0.90625 0.96875 0.53125 0 0 0.125 0.46875 0.75 0.375 0.125 0 0.09375
0.433734939759036 8.81927710843373 1.28915662650602 0.180722891566265 0.481927710843373 0.975903614457831 1.14457831325301 0.253012048192771 0.216867469879518 0.228915662650602 0.397590361445783 0.481927710843373 0.481927710843373 0.120481927710843 0.036144578313253 0
0 0.337078651685393 19.6516853932584 1.1123595505618 0.651685393258427 0.764044943820225 1.46067415730337 1.1123595505618 0.943820224719101 0.51685393258427 0.370786516853932 0.0449438202247191 0.49438202247191 0.101123595505618 0.179775280898876 0
0.0864197530864197 0.0617283950617284 0.864197530864197 4.98765432098765 1.98765432098765 2.48148148148148 2.5679012345679 2.03703703703704 2.71604938271605 1.51851851851852 1.14814814814815 0.469135802469136 0.172839506172839 0.123456790123457 0.185185185185185 0.259259259259259
0.0606060606060606 0.136363636363636 0.136363636363636 1.31818181818182 2.6969696969697 2.54545454545454 3.48484848484848 2.04545454545454 3.01515151515151 1.90909090909091 2.03030303030303 0.742424242424242 0.575757575757576 0.242424242424242 0.151515151515151 0.409090909090909
0.0697674418604651 0.674418604651163 0.255813953488372 1.24418604651163 2.05813953488372 3.52325581395349 4.08139534883721 2.1046511627907 2.56976744186046 1.31395348837209 1.53488372093023 0.755813953488372 0.604651162790698 0.220930232558139 0.0813953488372093 0.209302325581395
0.0597014925373134 0.388059701492537 0.507462686567164 0.746268656716418 1.73134328358209 2.26865671641791 3.28358208955224 1.8955223880597 2.2089552238806 1.16417910447761 1.26865671641791 0.582089552238806 0.238805970149254 0.208955223880597 0.0597014925373134 0.0597014925373134
0 0.169230769230769 0.584615384615385 0.876923076923077 1.55384615384615 1.70769230769231 3.09230769230769 1.67692307692308 2.6 0.923076923076923 0.876923076923077 0.4 0.738461538461538 0.553846153846154 0.307692307692308 0.323076923076923
0.0125 0.05 0.2875 1.6125 2.15 2.8 3.075 2.8625 2.9625 1.9125 1 0.975 0.7375 0.4875 0.7 0.2875
0 0.0843373493975904 0.301204819277108 0.987951807228916 1.86746987951807 1.49397590361446 2.40963855421687 2.36144578313253 2.55421686746988 2.49397590361446 2.4578313253012 0.939759036144578 0.542168674698795 0.397590361445783 0.301204819277108 0.554216867469879
0 0.196969696969697 0.0606060606060606 0.818181818181818 1.43939393939394 2.18181818181818 2.24242424242424 1.48484848484848 1.96969696969697 1.34848484848485 2.74242424242424 1.24242424242424 0.5 0.727272727272727 0.742424242424242 0.575757575757576
0.0192307692307692 0.0769230769230769 0.115384615384615 0.25 0.75 0.980769230769231 1.26923076923077 0.75 0.942307692307692 1.03846153846154 1.59615384615385 1.65384615384615 1.09615384615385 0.384615384615385 0.230769230769231 0.384615384615385
0 0.24 0.16 0.24 0.5 0.38 0.94 1.22 0.98 0.82 1.7 1.74 3.9 1.12 0.58 0.82
0 0.233333333333333 0.133333333333333 0.166666666666667 0.233333333333333 0.233333333333333 0.733333333333333 0.8 1.26666666666667 0.766666666666666 0.466666666666667 1.36666666666667 2.2 1.6 1.23333333333333 0.5
0 0.111111111111111 0.111111111111111 0.444444444444444 0.111111111111111 0.111111111111111 0.111111111111111 0.944444444444444 0.611111111111111 0.722222222222222 1.11111111111111 2.33333333333333 1.05555555555556 0.444444444444444 1.05555555555556 0.666666666666667
0 0 0 0.111111111111111 0.388888888888889 0.0555555555555556 0.333333333333333 0.166666666666667 0.388888888888889 0.5 0.833333333333333 1.44444444444444 1.22222222222222 1.16666666666667 2.22222222222222 2.5
