0.0625 0.03125 0.0625 0 0.59375 1 0.8125 0.125 0.0625 0.28125 0.375 1 0.65625 0.3125 0 0.125
0.108433734939759 10.0481927710843 1.16867469879518 0.072289156626506 0.325301204819277 0.939759036144578 1.08433734939759 0.204819277108434 0.144578313253012 0.132530120481928 0.36144578313253 0.433734939759036 0.746987951807229 0.156626506024096 0 0.0240963855421687
0 0.797752808988764 19.9213483146067 1.29213483146067 0.359550561797753 0.528089887640449 1.2247191011236 0.910112359550562 0.662921348314607 0.348314606741573 0.224719101123595 0.134831460674157 0.258426966292135 0.0337078651685393 0.123595505617978 0.0449438202247191
0 0.037037037037037 0.148148148148148 5.81481481481481 2.14814814814815 2 3.01234567901235 2.34567901234568 2.97530864197531 1.44444444444444 1.04938271604938 0.790123456790123 0.246913580246914 0.308641975308642 0.296296296296296 0.407407407407407
0.0606060606060606 0.166666666666667 0.303030303030303 1.84848484848485 3.18181818181818 3.06060606060606 4.16666666666667 2.83333333333333 2.63636363636364 1.96969696969697 2.37878787878788 0.409090909090909 0.333333333333333 0.196969696969697 0.0151515151515152 0.181818181818182
0.127906976744186 0.732558139534884 0.244186046511628 1.30232558139535 2.41860465116279 3.74418604651163 4.46511627906977 2.27906976744186 3.18604651162791 1.67441860465116 2.02325581395349 1.30232558139535 0.720930232558139 0.22093023255814 0.174418604651163 0.290697674418605
0.0895522388059701 0.238805970149254 0.402985074626866 0.985074626865672 1.59701492537313 2.2089552238806 2.58208955223881 1.86567164179104 2.59701492537313 1.28358208955224 1.28358208955224 0.73134328358209 0.358208955223881 0.164179104477612 0.0597014925373134 0.0746268656716418
0 0.0923076923076923 0.630769230769231 1.32307692307692 1.64615384615385 2.64615384615385 3.70769230769231 2.53846153846154 3.09230769230769 1.55384615384615 1.01538461538462 0.338461538461538 0.553846153846154 0.4 0.169230769230769 0.138461538461538
0 0.0375 0.2875 1.8625 1.775 3.05 2.8 2.9 2.875 2.05 1.2 0.7625 0.6375 0.375 0.575 0.275
0.0240963855421687 0.168674698795181 0.27710843373494 1.18072289156627 1.80722891566265 1.6144578313253 2.26506024096386 2.19277108433735 2.57831325301205 2.55421686746988 2.28915662650602 1.46987951807229 0.91566265060241 0.698795180722892 0.481927710843373 1.04819277108434
0 0.181818181818182 0.0151515151515152 0.712121212121212 1.1969696969697 1.81818181818182 1.90909090909091 1.43939393939394 1.87878787878788 1.40909090909091 2.39393939393939 1.42424242424242 0.333333333333333 1.15151515151515 0.318181818181818 1.78787878787879
0.0192307692307692 0.0576923076923077 0.211538461538462 0.288461538461538 0.576923076923077 1 1.17307692307692 0.884615384615385 0.75 1.09615384615385 2.34615384615385 1.98076923076923 1.21153846153846 0.346153846153846 0.230769230769231 0.173076923076923
0 0.18 0.2 0.14 0.48 0.28 0.94 1.02 0.94 0.88 1.7 2.26 4.3 1.38 1.16 0.86
0 0.1 0.233333333333333 0.233333333333333 0.166666666666667 0.133333333333333 0.433333333333333 0.633333333333333 0.966666666666667 0.3 0.266666666666667 1.2 1.56666666666667 1.93333333333333 1.9 0.2
0 0.111111111111111 0 0.222222222222222 0 0.0555555555555556 0 0.666666666666667 0.555555555555556 0.388888888888889 1 2.11111111111111 1.72222222222222 1.11111111111111 1.16666666666667 1.5
0 0 0.111111111111111 0 0.222222222222222 0.333333333333333 0.111111111111111 0 0.111111111111111 0.388888888888889 1.11111111111111 1.38888888888889 1.16666666666667 0.666666666666667 2.38888888888889 1.33333333333333
