0.71875 0.4375 0.0625 0 1.5625 0.84375 0.65625 0.0625 0 0.15625 0.625 0.28125 0.5625 0.03125 0 0.03125
0.602409638554217 12.9638554216867 1.28915662650602 0.289156626506024 0.626506024096386 1.37349397590361 1.03614457831325 0.433734939759036 0.168674698795181 0.144578313253012 0.397590361445783 0.783132530120482 0.469879518072289 0.0602409638554217 0 0.0120481927710843
0 1 21.876404494382 0.719101123595506 0.404494382022472 0.51685393258427 1.01123595505618 0.842696629213483 0.674157303370786 0.292134831460674 0.146067415730337 0.157303370786517 0.280898876404494 0.0674157303370786 0.146067415730337 0.0224719101123595
0.037037037037037 0 0.592592592592593 4.74074074074074 2.48148148148148 2.51851851851852 3.18518518518519 2.7283950617284 3.11111111111111 1.64197530864198 1.14814814814815 0.481481481481481 0.283950617283951 0.185185185185185 0.185185185185185 0.283950617283951
0.0303030303030303 0.181818181818182 0.166666666666667 1.3030303030303 3.06060606060606 2.90909090909091 3.1969696969697 2.21212121212121 2.21212121212121 1.86363636363636 1.96969696969697 0.696969696969697 0.439393939393939 0.227272727272727 0.0909090909090909 0.196969696969697
0.127906976744186 0.720930232558139 0.290697674418605 1.51162790697674 2.47674418604651 4.15116279069767 5.06976744186047 2.97674418604651 3.93023255813953 1.76744186046512 1.96511627906977 1.05813953488372 0.5 0.174418604651163 0.209302325581395 0.255813953488372
0.119402985074627 0.253731343283582 0.686567164179104 0.850746268656716 1.6865671641791 2.34328358208955 2.62686567164179 2.43283582089552 2.83582089552239 0.91044776119403 1 0.761194029850746 0.238805970149254 0.223880597014925 0.134328358208955 0.0895522388059701
0 0.123076923076923 0.538461538461538 0.861538461538462 1.2 1.4 2.6 2.09230769230769 2.66153846153846 0.938461538461538 0.676923076923077 0.215384615384615 0.861538461538462 0.507692307692308 0.246153846153846 0.230769230769231
0.0125 0.1 0.4125 1.7875 1.8375 2.925 3.15 2.7125 3.3125 2.2375 1.55 0.35 0.6875 0.325 0.3375 0.1125
0 0.108433734939759 0.27710843373494 1.14457831325301 1.7710843373494 1.25301204819277 2.44578313253012 2.27710843373494 2.32530120481928 2.18072289156627 1.93975903614458 1.78313253012048 0.987951807228916 0.674698795180723 0.493975903614458 0.91566265060241
0 0.257575757575758 0.0454545454545455 0.590909090909091 1.3030303030303 1.3030303030303 2 1.25757575757576 1.36363636363636 1.21212121212121 2.51515151515152 1.37878787878788 0.5 1.28787878787879 0.393939393939394 1.66666666666667
0.0192307692307692 0.0576923076923077 0.211538461538462 0.153846153846154 0.365384615384615 0.615384615384615 0.942307692307692 0.788461538461538 0.807692307692308 0.865384615384615 1.25 1.65384615384615 1.34615384615385 0.653846153846154 0.25 0.307692307692308
0 0.18 0.12 0.26 0.38 0.38 0.64 0.94 0.64 0.8 1.66 1.54 2.58 0.7 0.86 1
0.0333333333333333 0.2 0.3 0.0666666666666667 0.366666666666667 0.0666666666666667 0.633333333333333 0.766666666666667 0.4 0.7 0.466666666666667 0.533333333333333 1.53333333333333 1.2 0.8 0.333333333333333
0 0.0555555555555556 0.0555555555555556 0.0555555555555556 0.222222222222222 0 0.166666666666667 0.277777777777778 0.611111111111111 0.222222222222222 0.555555555555556 0.888888888888889 1.11111111111111 0.611111111111111 0.944444444444444 1.11111111111111
0 0 0.0555555555555556 0.222222222222222 0.333333333333333 0.166666666666667 0.388888888888889 0.277777777777778 0.388888888888889 0.944444444444444 1.38888888888889 1.16666666666667 1.11111111111111 1 2.5 3.72222222222222
