0 0.09375 0.15625 0.09375 0.71875 1.0625 0.71875 0.03125 0 0.15625 0.40625 1 0.40625 0.25 0 0.03125
0.144578313253012 11.5301204819277 1.56626506024096 0.0602409638554217 0.397590361445783 0.91566265060241 0.975903614457831 0.240963855421687 0.168674698795181 0.192771084337349 0.313253012048193 0.469879518072289 0.265060240963855 0.108433734939759 0.0120481927710843 0.072289156626506
0 1.7752808988764 21.561797752809 1 0.314606741573034 0.48314606741573 1.41573033707865 0.808988764044944 0.539325842696629 0.258426966292135 0.146067415730337 0.213483146067416 0.393258426966292 0.0898876404494382 0.123595505617978 0.0337078651685393
0.0246913580246914 0.037037037037037 0.925925925925926 5.8641975308642 1.66666666666667 1.34567901234568 2.54320987654321 1.74074074074074 2.46913580246914 1.18518518518519 0.876543209876543 0.358024691358025 0.185185185185185 0.172839506172839 0.172839506172839 0.308641975308642
0.0151515151515152 0.0606060606060606 0.106060606060606 1.48484848484848 2.66666666666667 2.07575757575758 3.72727272727273 2.07575757575758 2.5 1.87878787878788 1.74242424242424 0.757575757575758 0.454545454545455 0.257575757575758 0.106060606060606 0.272727272727273
0.104651162790698 0.86046511627907 0.27906976744186 1.86046511627907 2.96511627906977 5.34883720930233 4.75581395348837 3.37209302325581 3.93023255813953 2.52325581395349 2.33720930232558 0.988372093023256 0.22093023255814 0.197674418604651 0.0813953488372093 0.22093023255814
0.0447761194029851 0.283582089552239 0.402985074626866 1.02985074626866 1.49253731343284 2.6865671641791 3.05970149253731 2.55223880597015 2.86567164179104 1.70149253731343 1.86567164179104 0.716417910447761 0.492537313432836 0.283582089552239 0.0895522388059701 0.0746268656716418
0 0.153846153846154 0.553846153846154 0.953846153846154 1.50769230769231 1.66153846153846 3.13846153846154 2.24615384615385 3.04615384615385 1.21538461538462 0.876923076923077 0.2 0.969230769230769 0.4 0.215384615384615 0.2
0.0125 0.0625 0.4125 1.6375 2.275 2.7375 2.8375 3.0125 3.2125 2.2 1.3875 0.55 0.6 0.4375 0.2875 0.1375
0.0120481927710843 0.144578313253012 0.253012048192771 1.13253012048193 1.80722891566265 1.67469879518072 3.06024096385542 1.87951807228916 2.93975903614458 1.97590361445783 1.30120481927711 1.33734939759036 0.72289156626506 0.590361445783133 0.240963855421687 0.481927710843373
0.0606060606060606 0.166666666666667 0.0606060606060606 0.666666666666667 1.13636363636364 1.60606060606061 1.71212121212121 1.37878787878788 1.42424242424242 1.63636363636364 3.28787878787879 1.3030303030303 0.318181818181818 0.772727272727273 0.363636363636364 0.742424242424242
0 0.0384615384615385 0.153846153846154 0.115384615384615 0.557692307692308 0.788461538461538 1.05769230769231 0.653846153846154 0.5 0.865384615384615 0.884615384615385 1.46153846153846 0.961538461538462 0.442307692307692 0.326923076923077 0.384615384615385
0 0.18 0.14 0.1 0.22 0.24 0.62 0.8 0.9 0.58 1.38 1.76 3.56 1.16 1 0.72
0 0.166666666666667 0.233333333333333 0.233333333333333 0.166666666666667 0.2 0.666666666666667 0.8 1.03333333333333 0.466666666666667 0.266666666666667 1.66666666666667 1.3 1.8 2.46666666666667 0.3
0 0.0555555555555556 0 0.222222222222222 0.222222222222222 0 0.222222222222222 0.388888888888889 1.11111111111111 0.5 0.777777777777778 1.72222222222222 2.05555555555556 2.16666666666667 1.61111111111111 0.388888888888889
0 0 0.111111111111111 0.111111111111111 0.166666666666667 0.277777777777778 0.0555555555555556 0.111111111111111 0.111111111111111 0.722222222222222 1.16666666666667 1.44444444444444 1.22222222222222 0.777777777777778 3.05555555555556 1.61111111111111
