0.65625 0.46875 0.0625 0.03125 0.5625 1.40625 0.53125 0.03125 0 0.0625 0.25 0.75 0.59375 0.125 0 0
0.397590361445783 9.6144578313253 1 0.156626506024096 0.397590361445783 0.987951807228916 1.03614457831325 0.289156626506024 0.156626506024096 0.120481927710843 0.373493975903614 0.373493975903614 0.578313253012048 0.144578313253012 0.0240963855421687 0.0240963855421687
0 0.606741573033708 22.5842696629213 1.06741573033708 0.382022471910112 0.662921348314607 1.31460674157303 0.932584269662921 0.460674157303371 0.202247191011236 0.146067415730337 0.191011235955056 0.415730337078652 0.179775280898876 0.213483146067416 0.0224719101123595
0.0740740740740741 0.0123456790123457 0.925925925925926 5.44444444444444 2.55555555555556 2.61728395061728 3.50617283950617 3.17283950617284 3.14814814814815 1.75308641975309 1.28395061728395 0.432098765432099 0.222222222222222 0.160493827160494 0.185185185185185 0.283950617283951
0.0303030303030303 0.242424242424242 0.242424242424242 1.54545454545455 3.42424242424242 2.83333333333333 3.95454545454545 2.66666666666667 2.77272727272727 2 2.01515151515152 0.454545454545455 0.424242424242424 0.166666666666667 0.0454545454545455 0.303030303030303
0.0930232558139535 0.918604651162791 0.313953488372093 1.95348837209302 3.26744186046512 4.77906976744186 5.5 3.37209302325581 4.23255813953488 2.46511627906977 2.40697674418605 0.988372093023256 0.465116279069767 0.209302325581395 0.13953488372093 0.13953488372093
0.0597014925373134 0.328358208955224 0.447761194029851 0.865671641791045 1.40298507462687 2.83582089552239 4.05970149253731 2.23880597014925 2.61194029850746 2.29850746268657 2.16417910447761 0.671641791044776 0.373134328358209 0.0895522388059701 0.0149253731343284 0.0746268656716418
0 0.184615384615385 0.538461538461538 1.13846153846154 1.6 2.27692307692308 3.50769230769231 2.56923076923077 2.90769230769231 1.29230769230769 1.07692307692308 0.384615384615385 0.723076923076923 0.538461538461538 0.338461538461538 0.2
0.0125 0.075 0.3875 1.725 1.9875 2.8875 3.2625 3.0125 3.075 2.175 1.1 0.4875 0.3875 0.275 0.225 0.15
0.036144578313253 0.072289156626506 0.493975903614458 1.48192771084337 1.68674698795181 1.85542168674699 2.90361445783133 2.4578313253012 2.83132530120482 2.16867469879518 1.48192771084337 1.89156626506024 0.734939759036145 0.602409638554217 0.409638554216867 0.710843373493976
0 0.212121212121212 0.0606060606060606 0.818181818181818 1.66666666666667 2.03030303030303 1.89393939393939 1.46969696969697 1.68181818181818 1.04545454545455 2.27272727272727 0.939393939393939 0.545454545454545 0.878787878787879 0.318181818181818 0.833333333333333
0.0192307692307692 0.0384615384615385 0.134615384615385 0.480769230769231 1.25 1.59615384615385 1.88461538461538 1.40384615384615 1.21153846153846 1.30769230769231 2.38461538461538 1.92307692307692 1.13461538461538 0.596153846153846 0.423076923076923 0.461538461538462
0 0.24 0.04 0.1 0.1 0.22 0.74 0.56 0.64 0.64 1.36 1.16 2.74 0.66 0.32 0.46
0.0333333333333333 0.466666666666667 0.2 0.233333333333333 0.3 0.533333333333333 1.16666666666667 1.43333333333333 1.43333333333333 1.2 0.7 2.43333333333333 2.63333333333333 2.33333333333333 1.53333333333333 0.733333333333333
0 0 0 0.111111111111111 0 0 0.111111111111111 0 0.388888888888889 0.222222222222222 0.277777777777778 0.277777777777778 0.388888888888889 0.444444444444444 1.88888888888889 0.666666666666667
0 0 0 0.111111111111111 0.388888888888889 0 0.166666666666667 0.222222222222222 0.111111111111111 0.611111111111111 0.944444444444444 1.11111111111111 1.05555555555556 1.11111111111111 2.22222222222222 3.55555555555556
