0.59375 0.4375 0.125 0.0625 0.875 0.59375 0.75 0.125 0.03125 0.1875 0.3125 0.59375 0.625 0.125 0 0.0625
0.072289156626506 12.144578313253 1.43373493975904 0.0602409638554217 0.385542168674699 1.03614457831325 1.2289156626506 0.228915662650602 0.0963855421686747 0.168674698795181 0.301204819277108 0.578313253012048 0.457831325301205 0.0843373493975904 0.0120481927710843 0.0240963855421687
0 0.325842696629214 19.6966292134831 1.10112359550562 0.370786516853933 0.51685393258427 1.17977528089888 1.21348314606742 0.539325842696629 0.292134831460674 0.179775280898876 0.0674157303370786 0.269662921348315 0.0112359550561798 0.202247191011236 0.0449438202247191
0.0246913580246914 0.0123456790123457 0.555555555555556 3.95061728395062 2.60493827160494 2.32098765432099 3.25925925925926 3 3.20987654320988 1.83950617283951 1.33333333333333 0.481481481481481 0.172839506172839 0.197530864197531 0.246913580246914 0.246913580246914
0.0454545454545455 0.181818181818182 0.303030303030303 1.3030303030303 2.87878787878788 2.98484848484848 3.84848484848485 2.31818181818182 2.28787878787879 1.78787878787879 2.25757575757576 1.63636363636364 0.96969696969697 0.651515151515151 0.242424242424242 0.575757575757576
0.116279069767442 0.825581395348837 0.255813953488372 1.2906976744186 2.44186046511628 3.66279069767442 4.16279069767442 2.15116279069767 2.7906976744186 1.40697674418605 1.54651162790698 0.872093023255814 0.5 0.209302325581395 0.104651162790698 0.174418604651163
0.0597014925373134 0.238805970149254 0.417910447761194 0.970149253731343 1.3134328358209 2.22388059701493 3.07462686567164 1.8955223880597 2.19402985074627 1.14925373134328 1.04477611940298 0.656716417910448 0.388059701492537 0.17910447761194 0 0.0298507462686567
0 0.123076923076923 0.492307692307692 0.830769230769231 1.10769230769231 2.07692307692308 2.44615384615385 1.66153846153846 2.30769230769231 1.03076923076923 0.723076923076923 0.246153846153846 0.384615384615385 0.292307692307692 0.184615384615385 0.0461538461538462
0.0125 0.0875 0.4 1.4125 1.75 2.7125 2.2 2.825 2.575 1.9375 1.1875 0.5375 0.5 0.3625 0.6125 0.2
0.0120481927710843 0.0843373493975904 0.240963855421687 0.710843373493976 1.34939759036145 1.16867469879518 2.07228915662651 1.56626506024096 2.2289156626506 2.10843373493976 1.51807228915663 1.73493975903614 0.746987951807229 0.518072289156627 0.385542168674699 0.975903614457831
0.0303030303030303 0.121212121212121 0.0454545454545455 0.651515151515151 1.16666666666667 1.68181818181818 1.6969696969697 1.62121212121212 1.8030303030303 1.86363636363636 3.34848484848485 1.34848484848485 0.454545454545455 1.28787878787879 0.454545454545455 1.45454545454545
0 0.115384615384615 0.0576923076923077 0.288461538461538 0.884615384615385 1.21153846153846 1.48076923076923 0.961538461538462 1 1.42307692307692 1.53846153846154 2.01923076923077 1.48076923076923 0.576923076923077 0.480769230769231 0.365384615384615
0.02 0.36 0.06 0.34 0.46 0.56 0.88 1.34 0.92 0.82 1.76 1.66 3.22 0.9 0.9 1.28
0 0.3 0.1 0.133333333333333 0.333333333333333 0.2 0.5 0.833333333333333 0.566666666666667 1.03333333333333 0.5 2.06666666666667 1.36666666666667 1.76666666666667 1.13333333333333 0.366666666666667
0 0.0555555555555556 0 0.166666666666667 0 0 0.277777777777778 0.5 0.555555555555556 0.388888888888889 0.722222222222222 2.5 1.66666666666667 1.27777777777778 4 0.666666666666667
0 0 0 0.222222222222222 0.333333333333333 0.0555555555555556 0.166666666666667 0.166666666666667 0.333333333333333 0.555555555555556 0.722222222222222 0.777777777777778 0.666666666666667 0.722222222222222 3.38888888888889 2.77777777777778
