0 0.0625 0.0625 0.03125 0.875 0.78125 0.53125 0.15625 0.0625 0.40625 0.46875 0.53125 0.65625 0.25 0 0.15625
0.734939759036145 10.710843373494 0.698795180722892 0.265060240963855 0.590361445783133 1.55421686746988 0.855421686746988 0.433734939759036 0.265060240963855 0.180722891566265 0.626506024096386 0.626506024096386 0.518072289156627 0.108433734939759 0.0240963855421687 0.0602409638554217
0 0.134831460674157 21.9550561797753 0.865168539325843 0.247191011235955 0.471910112359551 1.23595505617978 1.03370786516854 0.48314606741573 0.269662921348315 0.202247191011236 0.134831460674157 0.393258426966292 0.146067415730337 0.112359550561798 0.0224719101123595
0.0493827160493827 0.0123456790123457 0.62962962962963 5.17283950617284 1.98765432098765 2.33333333333333 3.80246913580247 2.77777777777778 3.08641975308642 1.82716049382716 1.20987654320988 0.481481481481481 0.222222222222222 0.172839506172839 0.172839506172839 0.308641975308642
0.0303030303030303 0.166666666666667 0.136363636363636 1.31818181818182 2.34848484848485 2.46969696969697 3.15151515151515 2.43939393939394 2.25757575757576 1.65151515151515 1.90909090909091 0.712121212121212 0.53030303030303 0.348484848484849 0.106060606060606 0.272727272727273
0.151162790697674 0.709302325581395 0.244186046511628 1.88372093023256 2.58139534883721 4.40697674418605 4.26744186046512 2.8953488372093 3.5 2.6046511627907 2.15116279069767 1.30232558139535 0.616279069767442 0.313953488372093 0.186046511627907 0.395348837209302
0.0895522388059701 0.388059701492537 0.432835820895522 0.91044776119403 2.16417910447761 2.65671641791045 3.28358208955224 2.16417910447761 2.65671641791045 1.65671641791045 1.6865671641791 0.82089552238806 0.283582089552239 0.238805970149254 0.0895522388059701 0.119402985074627
0 0.153846153846154 0.507692307692308 0.984615384615385 1.4 2.07692307692308 2.98461538461538 1.75384615384615 3.12307692307692 1.2 0.923076923076923 0.430769230769231 0.738461538461539 0.523076923076923 0.353846153846154 0.2
0.0125 0.1625 0.4625 2.0125 2.325 2.9125 3.15 2.75 3.45 2.7 1.3875 0.6875 0.625 0.55 0.4 0.2
0.036144578313253 0.0843373493975904 0.397590361445783 0.843373493975904 1.6144578313253 1.2289156626506 2.19277108433735 2.14457831325301 2.5421686746988 1.78313253012048 1.5421686746988 2.01204819277108 1.10843373493976 0.879518072289157 0.63855421686747 0.951807228915663
0.0151515151515152 0.196969696969697 0.0606060606060606 0.424242424242424 0.757575757575758 1.07575757575758 1.16666666666667 0.787878787878788 1.06060606060606 1.24242424242424 1.27272727272727 0.863636363636364 0.53030303030303 0.378787878787879 0.393939393939394 0.787878787878788
0.0769230769230769 0.0192307692307692 0.0961538461538462 0.211538461538462 0.557692307692308 0.673076923076923 0.923076923076923 0.692307692307692 0.730769230769231 0.692307692307692 1.30769230769231 1.84615384615385 1.15384615384615 0.423076923076923 0.269230769230769 0.230769230769231
0.04 0.18 0.16 0.2 0.24 0.44 0.68 0.82 0.92 0.34 1.1 0.8 3.58 0.94 0.56 0.52
0 0.233333333333333 0.166666666666667 0.1 0.133333333333333 0.433333333333333 0.9 1 1.2 1.7 1.4 1.46666666666667 2.03333333333333 1.3 1.03333333333333 0.5
0 0.0555555555555556 0.0555555555555556 0.166666666666667 0 0 0.111111111111111 0.611111111111111 0.611111111111111 0.111111111111111 0.777777777777778 1.33333333333333 0.888888888888889 0.444444444444444 0.888888888888889 0.388888888888889
0 0 0.0555555555555556 0.111111111111111 0.222222222222222 0.111111111111111 0.0555555555555556 0.111111111111111 0.111111111111111 0.611111111111111 0.944444444444444 0.611111111111111 0.666666666666667 0.388888888888889 2.16666666666667 2.27777777777778
