0.71875 0.4375 0.03125 0.0625 0.75 0.90625 0.78125 0.0625 0.0625 0.1875 0.75 0.9375 0.75 0.25 0 0.1875
0.397590361445783 11.1686746987952 1.37349397590361 0.253012048192771 0.626506024096386 1.26506024096386 1.1566265060241 0.373493975903614 0.132530120481928 0.108433734939759 0.397590361445783 0.650602409638554 0.469879518072289 0.144578313253012 0 0.036144578313253
0 1.55056179775281 18.1460674157303 0.51685393258427 0.449438202247191 0.775280898876405 1.34831460674157 0.853932584269663 0.629213483146067 0.359550561797753 0.168539325842697 0.146067415730337 0.168539325842697 0.112359550561798 0.134831460674157 0.0112359550561798
0.0493827160493827 0 0.432098765432099 4.34567901234568 1.82716049382716 2.02469135802469 3.14814814814815 2.07407407407407 2.61728395061728 1.76543209876543 1.17283950617284 0.518518518518518 0.259259259259259 0.185185185185185 0.148148148148148 0.185185185185185
0.0606060606060606 0.166666666666667 0.121212121212121 1.15151515151515 2.81818181818182 2.56060606060606 3.68181818181818 2.04545454545455 2.51515151515152 1.81818181818182 1.98484848484848 0.818181818181818 0.606060606060606 0.318181818181818 0.121212121212121 0.272727272727273
0.13953488372093 0.767441860465116 0.255813953488372 1.90697674418605 3.06976744186047 4.53488372093023 4.46511627906977 3.11627906976744 3.73255813953488 1.96511627906977 1.7093023255814 1.18604651162791 0.732558139534884 0.162790697674419 0.162790697674419 0.27906976744186
0.194029850746269 0.328358208955224 0.432835820895522 0.716417910447761 1.8955223880597 2.53731343283582 2.76119402985075 2.49253731343284 1.94029850746269 1.13432835820896 1.28358208955224 0.641791044776119 0.194029850746269 0.119402985074627 0.0447761194029851 0.0447761194029851
0 0.215384615384615 0.553846153846154 0.830769230769231 1.46153846153846 1.90769230769231 2.96923076923077 1.72307692307692 3.12307692307692 1.09230769230769 0.846153846153846 0.323076923076923 0.446153846153846 0.507692307692308 0.276923076923077 0.169230769230769
0.0125 0.15 0.425 1.5625 1.9125 2.5625 2.7375 2.55 3.15 1.675 1.0375 0.45 0.275 0.3875 0.4 0.2125
0.0240963855421687 0.120481927710843 0.265060240963855 1.39759036144578 2.13253012048193 1.86746987951807 3.27710843373494 2.20481927710843 2.49397590361446 2.48192771084337 1.73493975903614 1.62650602409639 1.09638554216867 0.879518072289157 0.566265060240964 0.674698795180723
0 0.106060606060606 0.0606060606060606 0.560606060606061 1.1969696969697 1.37878787878788 2.13636363636364 1.28787878787879 1.72727272727273 1.39393939393939 2.42424242424242 0.924242424242424 0.621212121212121 0.454545454545455 0.424242424242424 0.46969696969697
0 0.0384615384615385 0.173076923076923 0.230769230769231 0.711538461538462 0.884615384615385 1.13461538461538 0.673076923076923 0.961538461538462 0.788461538461538 1.26923076923077 1.88461538461538 1.55769230769231 0.5 0.192307692307692 0.442307692307692
0.02 0.2 0.04 0.06 0.28 0.32 0.88 0.42 0.9 0.5 0.86 1.64 3.06 1.3 1.12 0.74
0 0.0666666666666667 0.166666666666667 0.1 0.433333333333333 0.0333333333333333 0.366666666666667 0.366666666666667 0.533333333333333 0.333333333333333 0.3 1.86666666666667 1.76666666666667 1.96666666666667 1.36666666666667 0.5
0 0.0555555555555556 0 0.277777777777778 0 0.0555555555555556 0 0.611111111111111 0.444444444444444 0.666666666666667 0.388888888888889 2.77777777777778 1.66666666666667 1.22222222222222 1.33333333333333 0.5
0 0 0.166666666666667 0.222222222222222 0.166666666666667 0.333333333333333 0.222222222222222 0.222222222222222 0.222222222222222 1.22222222222222 1.72222222222222 2.11111111111111 1.66666666666667 1.16666666666667 3.94444444444444 2.61111111111111
