0.0625 0.03125 0.125 0.03125 0.625 1.0625 0.71875 0.15625 0.03125 0.09375 0.3125 0.4375 0.5625 0.1875 0 0.09375
0.265060240963855 11.0240963855422 0.493975903614458 0.0963855421686747 0.506024096385542 1.09638554216867 1.07228915662651 0.27710843373494 0.240963855421687 0.156626506024096 0.337349397590361 0.602409638554217 0.457831325301205 0.120481927710843 0 0.072289156626506
0 0.730337078651685 23.438202247191 1.30337078651685 0.224719101123595 0.269662921348315 1.15730337078652 0.662921348314607 0.595505617977528 0.280898876404494 0.191011235955056 0.112359550561798 0.202247191011236 0.0561797752808989 0.146067415730337 0.146067415730337
0 0.0246913580246914 2.04938271604938 4.01234567901235 2.1358024691358 2.33333333333333 3.51851851851852 2.79012345679012 3.16049382716049 1.85185185185185 1.40740740740741 0.481481481481481 0.185185185185185 0.185185185185185 0.197530864197531 0.320987654320988
0.0454545454545455 0.0454545454545455 0.121212121212121 1.34848484848485 2.8030303030303 2.83333333333333 3.04545454545455 2.28787878787879 2.51515151515152 2.09090909090909 1.72727272727273 0.772727272727273 0.393939393939394 0.272727272727273 0.0909090909090909 0.212121212121212
0.13953488372093 0.627906976744186 0.313953488372093 1.90697674418605 3.19767441860465 4.66279069767442 5.16279069767442 3.45348837209302 4.03488372093023 2.01162790697674 2.25581395348837 1.01162790697674 0.395348837209302 0.13953488372093 0.127906976744186 0.186046511627907
0.119402985074627 0.238805970149254 0.447761194029851 0.835820895522388 1.19402985074627 2.55223880597015 3.46268656716418 2.07462686567164 2.65671641791045 1.14925373134328 1.34328358208955 0.746268656716418 0.298507462686567 0.358208955223881 0.0149253731343284 0.0298507462686567
0 0.153846153846154 0.6 0.8 1.38461538461538 1.8 3.4 1.98461538461538 2.44615384615385 1.27692307692308 0.861538461538462 0.369230769230769 1.18461538461538 0.784615384615385 0.415384615384615 0.384615384615385
0.0125 0.225 0.4 1.625 2.25 2.9125 3.5375 2.85 3.2375 2.2625 1.25 0.6125 0.55 0.275 0.4125 0.225
0.0481927710843374 0.156626506024096 0.349397590361446 1.1566265060241 1.8433734939759 1.25301204819277 2.66265060240964 2.30120481927711 2.83132530120482 2.07228915662651 1.32530120481928 1.51807228915663 0.734939759036145 0.602409638554217 0.493975903614458 0.879518072289157
0 0.181818181818182 0.0757575757575758 0.787878787878788 1.37878787878788 1.56060606060606 2.01515151515152 1.31818181818182 1.3030303030303 1.28787878787879 1.90909090909091 1.03030303030303 0.409090909090909 0.257575757575758 0.378787878787879 0.621212121212121
0 0.0961538461538462 0.134615384615385 0.307692307692308 0.692307692307692 1 1.01923076923077 0.653846153846154 0.673076923076923 1.03846153846154 1.86538461538462 1.63461538461538 1.07692307692308 0.480769230769231 0.134615384615385 0.211538461538462
0.02 0.1 0.08 0.1 0.3 0.28 0.96 0.76 0.76 0.82 1.48 1.42 3.76 1.02 0.4 0.36
0.0333333333333333 0.3 0.233333333333333 0.0333333333333333 0.0666666666666667 0.233333333333333 0.7 0.8 1 1.1 0.866666666666667 1.53333333333333 1.96666666666667 1.56666666666667 0.566666666666667 0.633333333333333
0 0.0555555555555556 0 0.0555555555555556 0 0 0.0555555555555556 0.555555555555556 0.444444444444444 0.277777777777778 2 2.94444444444444 1.72222222222222 1.27777777777778 1.05555555555556 2.16666666666667
0 0 0 0.111111111111111 0.277777777777778 0.0555555555555556 0.277777777777778 0.222222222222222 0.166666666666667 0.611111111111111 0.944444444444444 0.666666666666667 0.888888888888889 0.944444444444444 2.22222222222222 3.44444444444444
