0.71875 0.375 0.0625 0 1.40625 0.78125 0.8125 0.09375 0.03125 0.125 0.6875 0.6875 0.59375 0.09375 0 0.09375
0.168674698795181 9.56626506024096 1.28915662650602 0.301204819277108 0.506024096385542 1.33734939759036 1.42168674698795 0.44578313253012 0.156626506024096 0.144578313253012 0.373493975903614 0.469879518072289 0.469879518072289 0.120481927710843 0 0.0240963855421687
0 1.19101123595506 18.5056179775281 1.15730337078652 0.50561797752809 0.775280898876405 1.40449438202247 1.0561797752809 0.853932584269663 0.359550561797753 0.314606741573034 0.101123595505618 0.348314606741573 0.0786516853932584 0.112359550561798 0.0337078651685393
0.037037037037037 0 0.54320987654321 3.1358024691358 2.7037037037037 2.41975308641975 3 2.7283950617284 2.82716049382716 1.30864197530864 1.14814814814815 0.320987654320988 0.222222222222222 0.172839506172839 0.160493827160494 0.172839506172839
0.0606060606060606 0.121212121212121 0.333333333333333 1.8030303030303 3.37878787878788 2.90909090909091 3.77272727272727 2.65151515151515 2.95454545454545 2.10606060606061 2.13636363636364 1.01515151515152 0.636363636363636 0.409090909090909 0.181818181818182 0.53030303030303
0.0581395348837209 0.523255813953488 0.197674418604651 1.53488372093023 2.68604651162791 4.02325581395349 4.16279069767442 3.04651162790698 3.44186046511628 2.22093023255814 1.6046511627907 0.941860465116279 0.441860465116279 0.151162790697674 0.0697674418604651 0.186046511627907
0.149253731343284 0.328358208955224 0.388059701492537 1.04477611940298 1.76119402985075 2.28358208955224 3.53731343283582 2.43283582089552 2.50746268656716 1.6865671641791 1.58208955223881 0.641791044776119 0.343283582089552 0.134328358208955 0.0447761194029851 0.0895522388059701
0 0.107692307692308 0.446153846153846 1.24615384615385 1.84615384615385 2.47692307692308 3.35384615384615 2.53846153846154 3 1.21538461538462 0.892307692307692 0.446153846153846 0.707692307692308 0.646153846153846 0.369230769230769 0.138461538461538
0.025 0.1875 0.3625 1.625 2.0625 2.875 2.6125 2.475 3.0125 2.0375 1.1875 0.625 0.475 0.3625 0.525 0.225
0.0120481927710843 0.144578313253012 0.421686746987952 1.25301204819277 1.67469879518072 1.53012048192771 2.85542168674699 1.89156626506024 2.27710843373494 2.13253012048193 1.78313253012048 1.37349397590361 0.746987951807229 0.614457831325301 0.325301204819277 0.602409638554217
0.0303030303030303 0.136363636363636 0.0303030303030303 0.651515151515151 1.31818181818182 1.54545454545455 1.92424242424242 1.25757575757576 1.74242424242424 1.24242424242424 2.43939393939394 0.984848484848485 0.712121212121212 1.83333333333333 0.5 0.848484848484849
0 0.0576923076923077 0.0769230769230769 0.365384615384615 0.788461538461538 1.26923076923077 1.51923076923077 0.980769230769231 1.19230769230769 1.23076923076923 1.25 2.21153846153846 1.57692307692308 0.538461538461538 0.230769230769231 0.173076923076923
0 0.22 0.02 0.24 0.44 0.42 1.22 1.32 0.94 0.9 1.7 1.36 3.84 0.78 0.64 0.52
0.0333333333333333 0.1 0.2 0.266666666666667 0.233333333333333 0.4 0.633333333333333 0.9 0.966666666666667 1.43333333333333 0.866666666666667 1.2 1.76666666666667 2 1 0.366666666666667
0 0.0555555555555556 0 0 0 0 0.0555555555555556 0.333333333333333 0.444444444444444 0.388888888888889 1.16666666666667 1.77777777777778 1.44444444444444 0.833333333333333 2.55555555555556 1.16666666666667
0 0 0.166666666666667 0.222222222222222 0.222222222222222 0.277777777777778 0.166666666666667 0.166666666666667 0.333333333333333 0.888888888888889 1.27777777777778 1.11111111111111 1 0.555555555555556 3 2.22222222222222
