0.259259259259259 0.777777777777778 0.0740740740740741 1.66666666666667 2.33333333333333 2.11111111111111 2 0.333333333333333 0.296296296296296 2 2.40740740740741 1.11111111111111 0.777777777777778 0.111111111111111 0.37037037037037 0.555555555555556
0.208791208791209 0.659340659340659 0.417582417582418 0.505494505494505 0.527472527472527 2.59340659340659 3.16483516483516 1.0989010989011 0.824175824175824 0.747252747252747 0.681318681318681 1.34065934065934 1.21978021978022 0.208791208791209 0.0989010989010989 0.285714285714286
0.0892857142857143 0.732142857142857 0.678571428571429 0.642857142857143 0.428571428571429 1.23214285714286 1.55357142857143 2.28571428571429 2.73214285714286 1 0.875 0.75 1.05357142857143 0.464285714285714 0.410714285714286 0.660714285714286
0.173913043478261 0.608695652173913 0.739130434782609 1.69565217391304 1.63768115942029 1.3768115942029 1.02898550724638 2.15942028985507 2.39130434782609 1.73913043478261 1.92753623188406 0.797101449275362 0.391304347826087 0.492753623188406 0.333333333333333 0.797101449275362
0.375 1.05357142857143 0.446428571428571 1.75 2.17857142857143 1.78571428571429 1.82142857142857 1.58928571428571 1.28571428571429 2.375 2.05357142857143 0.607142857142857 0.660714285714286 0.392857142857143 0.321428571428571 0.553571428571429
0.851351351351351 2.55405405405405 0.324324324324324 1.13513513513514 1.55405405405405 3.36486486486486 3.52702702702703 1.06756756756757 0.986486486486487 1.47297297297297 1.40540540540541 1.68918918918919 1.17567567567568 0.108108108108108 0.108108108108108 0.216216216216216
0.508771929824561 1.75438596491228 0.859649122807018 1.01754385964912 0.894736842105263 5.49122807017544 5.52631578947368 1.31578947368421 1.17543859649123 0.894736842105263 1.01754385964912 1.40350877192982 1.31578947368421 0.298245614035088 0.12280701754386 0.263157894736842
0.509090909090909 1.63636363636364 1.12727272727273 1.03636363636364 0.963636363636364 1.94545454545455 1.89090909090909 2.32727272727273 1.98181818181818 0.509090909090909 0.363636363636364 0.854545454545454 0.745454545454545 0.290909090909091 0.145454545454545 0.218181818181818
0.376811594202899 1.76811594202899 1.88405797101449 1.91304347826087 0.971014492753623 1.40579710144928 1.76811594202899 2.66666666666667 2.66666666666667 1.1304347826087 0.956521739130435 0.840579710144927 0.884057971014493 0.623188405797101 0.652173913043478 1.31884057971015
0.422535211267606 1.42253521126761 0.971830985915493 2.33802816901408 1.61971830985915 1.80281690140845 1.45070422535211 1.95774647887324 1.92957746478873 3.52112676056338 2.88732394366197 0.774647887323944 0.647887323943662 0.859154929577465 0.985915492957746 1.83098591549296
0.232142857142857 0.785714285714286 0.142857142857143 1.44642857142857 1.55357142857143 2.76785714285714 2.60714285714286 1.25 1.17857142857143 2.76785714285714 2.28571428571429 2.14285714285714 1.58928571428571 0.339285714285714 0.214285714285714 0.428571428571429
0.227272727272727 1 0.431818181818182 1.18181818181818 0.704545454545455 1.75 1.36363636363636 0.454545454545455 0.681818181818182 1.15909090909091 1.93181818181818 1.5 0.931818181818182 0.113636363636364 0.136363636363636 0.477272727272727
0.19047619047619 0.666666666666667 0.761904761904762 0.714285714285714 0.261904761904762 1.5 1.78571428571429 1.16666666666667 1.04761904761905 0.642857142857143 0.833333333333333 1.5 1.35714285714286 0.0476190476190476 0.0476190476190476 0.0714285714285714
0.192307692307692 0.615384615384615 0.269230769230769 0.923076923076923 0.538461538461538 1.30769230769231 1.34615384615385 1.96153846153846 1.42307692307692 0.846153846153846 0.423076923076923 0.692307692307692 1.19230769230769 0.192307692307692 0.153846153846154 0.307692307692308
0 0.2 0.6 0.933333333333333 0.933333333333333 0.8 0.733333333333333 1.53333333333333 2 1.66666666666667 1.4 0.2 0.133333333333333 0.0666666666666667 0.2 0.4
0.266666666666667 0.533333333333333 0.0666666666666667 1.13333333333333 1.06666666666667 1.13333333333333 0.733333333333333 1.4 1.53333333333333 2.66666666666667 2.4 0.466666666666667 0.733333333333333 0.133333333333333 0.466666666666667 0.733333333333333
