0.111111111111111 0.481481481481481 0.111111111111111 1.03703703703704 1.74074074074074 2.18518518518519 2 0.148148148148148 0.185185185185185 1.25925925925926 0.851851851851852 0.962962962962963 1.03703703703704 0.444444444444444 0.259259259259259 0.481481481481481
0.225352112676056 0.661971830985915 0.52112676056338 0.690140845070423 0.985915492957746 2.73239436619718 2.76056338028169 1.05633802816901 0.802816901408451 0.816901408450704 0.76056338028169 1.38028169014085 1.40845070422535 0.0704225352112676 0.0845070422535211 0.0704225352112676
0.263157894736842 0.618421052631579 0.947368421052632 0.552631578947368 0.276315789473684 1.46052631578947 1.84210526315789 2.35526315789474 2.03947368421053 0.815789473684211 0.578947368421053 0.723684210526316 1.18421052631579 0.315789473684211 0.236842105263158 0.473684210526316
0.188405797101449 0.869565217391304 0.739130434782609 1.85507246376812 1.72463768115942 1.3768115942029 1.40579710144928 1.91304347826087 1.98550724637681 1.53623188405797 1.39130434782609 1.02898550724638 0.594202898550725 0.27536231884058 0.463768115942029 0.666666666666667
0.446428571428571 1.30357142857143 0.625 2.10714285714286 2.19642857142857 1.69642857142857 1.75 1.125 1.55357142857143 2.58928571428571 2.28571428571429 1.28571428571429 1.26785714285714 0.321428571428571 0.178571428571429 0.375
1 2.2027027027027 0.405405405405405 1.08108108108108 1.27027027027027 3.66216216216216 2.87837837837838 0.959459459459459 0.878378378378378 1.62162162162162 1.72972972972973 2 1.22972972972973 0.162162162162162 0.175675675675676 0.243243243243243
0.298245614035088 1.40350877192982 1.52631578947368 1.26315789473684 0.87719298245614 4.75438596491228 4.47368421052632 1.52631578947368 1.35087719298246 1 1.19298245614035 1.35087719298246 1.57894736842105 0.43859649122807 0.228070175438596 0.701754385964912
0.4 1.03636363636364 1.65454545454545 0.763636363636364 0.727272727272727 1.36363636363636 1.6 2.58181818181818 2 0.509090909090909 0.472727272727273 0.909090909090909 1.09090909090909 0.236363636363636 0.254545454545455 0.381818181818182
0.36231884057971 1.04347826086957 2.47826086956522 1.73913043478261 1.04347826086957 1.59420289855072 1.76811594202899 3.04347826086957 3.14492753623188 1.78260869565217 1.63768115942029 0.869565217391304 0.869565217391304 1.05797101449275 0.826086956521739 1.42028985507246
0.323943661971831 1.1830985915493 1.63380281690141 2.28169014084507 2.22535211267606 1.69014084507042 1.94366197183099 2.07042253521127 2.63380281690141 2.98591549295775 2.77464788732394 0.915492957746479 0.76056338028169 0.633802816901408 0.929577464788732 1.83098591549296
0.125 0.625 0.357142857142857 1.5 1.23214285714286 3.46428571428571 2.78571428571429 1.21428571428571 1.26785714285714 2.44642857142857 2.21428571428571 1.44642857142857 1.53571428571429 0.267857142857143 0.232142857142857 0.571428571428571
0.431818181818182 0.909090909090909 0.954545454545455 0.931818181818182 1.02272727272727 2.54545454545455 2.20454545454545 0.522727272727273 0.363636363636364 1.02272727272727 1.36363636363636 2.04545454545455 1.5 0.204545454545455 0.204545454545455 0.863636363636364
0.0952380952380952 0.5 0.69047619047619 0.452380952380952 0.380952380952381 1.66666666666667 2 1.07142857142857 0.880952380952381 0.714285714285714 0.857142857142857 1.64285714285714 1.5 0.0238095238095238 0.0952380952380952 0.0714285714285714
0.269230769230769 0.884615384615385 0.846153846153846 0.923076923076923 0.615384615384615 1.42307692307692 1.57692307692308 2.03846153846154 2.19230769230769 0.461538461538462 0.5 0.692307692307692 0.769230769230769 1.07692307692308 0.846153846153846 1.46153846153846
0.333333333333333 0.466666666666667 0.333333333333333 1.86666666666667 1.13333333333333 0.666666666666667 0.466666666666667 1.93333333333333 1.93333333333333 2 1.46666666666667 0.133333333333333 0.133333333333333 1.06666666666667 0.6 1.6
0.133333333333333 0.866666666666667 0.266666666666667 0.6 1 0.933333333333333 1.4 1 0.733333333333333 2.2 2.53333333333333 0.8 0.2 0.2 0.4 0.4
