0.148148148148148 0.407407407407407 0.148148148148148 1.07407407407407 1.96296296296296 2 1.51851851851852 0.111111111111111 0.222222222222222 1.22222222222222 1.22222222222222 1.18518518518519 1 0.296296296296296 0.148148148148148 0.259259259259259
0.197183098591549 0.492957746478873 0.225352112676056 0.591549295774648 0.647887323943662 2.53521126760563 3.30985915492958 0.774647887323944 0.605633802816901 0.690140845070423 0.690140845070423 1.43661971830986 1.08450704225352 0.126760563380282 0.0845070422535211 0.169014084507042
0.131578947368421 0.710526315789474 0.947368421052632 0.631578947368421 0.526315789473684 1.61842105263158 2.13157894736842 2.21052631578947 2.07894736842105 1 0.605263157894737 0.842105263157895 0.776315789473684 0.381578947368421 0.210526315789474 0.592105263157895
0.289855072463768 0.855072463768116 0.840579710144927 1.81159420289855 1.60869565217391 1.1304347826087 1.42028985507246 2.76811594202899 2.39130434782609 1.65217391304348 1.34782608695652 0.927536231884058 0.565217391304348 0.318840579710145 0.231884057971014 0.594202898550725
0.464285714285714 1.42857142857143 0.607142857142857 1.98214285714286 1.89285714285714 1.55357142857143 1.26785714285714 1.33928571428571 1 1.78571428571429 1.92857142857143 0.75 0.785714285714286 0.321428571428571 0.267857142857143 0.392857142857143
0.608108108108108 1.72972972972973 0.851351351351351 1.27027027027027 1.74324324324324 3.02702702702703 2.82432432432432 1.09459459459459 0.837837837837838 1.56756756756757 1.81081081081081 1.33783783783784 1.21621621621622 0.148648648648649 0.121621621621622 0.256756756756757
0.456140350877193 1.21052631578947 1.7719298245614 1.28070175438596 0.736842105263158 4.50877192982456 5.52631578947368 1.64912280701754 1.29824561403509 1 1.12280701754386 1.6140350877193 1.87719298245614 0.456140350877193 0.228070175438596 0.631578947368421
0.381818181818182 0.654545454545455 1.52727272727273 1.27272727272727 0.672727272727273 1.14545454545455 1.18181818181818 2.4 2.2 0.563636363636364 0.236363636363636 0.872727272727273 1.49090909090909 0.272727272727273 0.2 0.436363636363636
0.36231884057971 0.898550724637681 2.10144927536232 1.79710144927536 1.1304347826087 1.39130434782609 1.3768115942029 2.97101449275362 3.11594202898551 1.88405797101449 1.76811594202899 0.782608695652174 0.811594202898551 0.884057971014493 0.565217391304348 1.69565217391304
0.394366197183099 1.23943661971831 1.85915492957746 2.97183098591549 2.25352112676056 2.66197183098592 1.88732394366197 1.90140845070423 2.12676056338028 3.19718309859155 2.97183098591549 1.19718309859155 1.02816901408451 1.12676056338028 1.16901408450704 2.25352112676056
0.375 0.642857142857143 0.357142857142857 1.375 1.55357142857143 2.42857142857143 2.14285714285714 1.78571428571429 1.58928571428571 2 2.10714285714286 1.17857142857143 1.19642857142857 0.392857142857143 0.160714285714286 0.410714285714286
0.340909090909091 0.522727272727273 0.159090909090909 0.477272727272727 0.613636363636364 2.15909090909091 1.59090909090909 0.272727272727273 0.340909090909091 0.795454545454545 0.931818181818182 2.02272727272727 1.61363636363636 0.136363636363636 0.159090909090909 0.431818181818182
0.19047619047619 0.523809523809524 0.571428571428571 0.595238095238095 0.404761904761905 1.4047619047619 1.4047619047619 1.04761904761905 1.0952380952381 0.571428571428571 0.738095238095238 1.76190476190476 1.9047619047619 0.166666666666667 0.119047619047619 0.30952380952381
0.307692307692308 0.692307692307692 0.807692307692308 0.884615384615385 0.807692307692308 1.19230769230769 1.19230769230769 1.73076923076923 1.23076923076923 0.807692307692308 0.653846153846154 0.384615384615385 0.230769230769231 0.615384615384615 0.461538461538462 0.961538461538462
0.133333333333333 0.533333333333333 0.533333333333333 1.06666666666667 1.53333333333333 1.13333333333333 1.26666666666667 1.2 1.6 2.2 1.4 0.4 0.6 0.333333333333333 0.266666666666667 0.266666666666667
0.466666666666667 0.533333333333333 0.2 0.866666666666667 0.866666666666667 1.26666666666667 1.06666666666667 0.6 0.333333333333333 2.4 2.46666666666667 0.8 0.466666666666667 0.133333333333333 0.333333333333333 1
