0.259259259259259 0.740740740740741 0.0740740740740741 1.18518518518519 1.74074074074074 1.55555555555556 1.40740740740741 0.111111111111111 0.222222222222222 1.44444444444444 1.44444444444444 1.92592592592593 1.07407407407407 0.407407407407407 0.481481481481481 0.333333333333333
0.175824175824176 0.736263736263736 0.417582417582418 0.593406593406593 0.736263736263736 2.61538461538462 3.02197802197802 1.1978021978022 0.879120879120879 0.802197802197802 0.912087912087912 1.36263736263736 1.1978021978022 0.285714285714286 0.175824175824176 0.428571428571429
0.232142857142857 0.875 0.392857142857143 0.875 0.785714285714286 0.892857142857143 1.14285714285714 2.69642857142857 2.32142857142857 1.51785714285714 1.14285714285714 0.982142857142857 0.839285714285714 0.571428571428571 0.321428571428571 0.732142857142857
0.304347826086957 0.797101449275362 0.521739130434783 1.68115942028985 1.57971014492754 1.55072463768116 1.30434782608696 2.15942028985507 2.53623188405797 1.59420289855072 1.55072463768116 1.01449275362319 0.463768115942029 0.449275362318841 0.36231884057971 0.782608695652174
0.285714285714286 1.42857142857143 0.535714285714286 2 2.10714285714286 1.58928571428571 1.67857142857143 1.25 1 2.16071428571429 1.69642857142857 0.625 0.732142857142857 0.285714285714286 0.214285714285714 0.357142857142857
1 2.27027027027027 0.472972972972973 1.39189189189189 1.93243243243243 3.54054054054054 3.72972972972973 1.06756756756757 0.932432432432432 1.32432432432432 1.59459459459459 1.32432432432432 0.945945945945946 0.148648648648649 0.0945945945945946 0.202702702702703
0.263157894736842 1.78947368421053 1.08771929824561 1.29824561403509 1.36842105263158 4 4.36842105263158 1.6140350877193 1.40350877192982 1.03508771929825 1.21052631578947 1.2280701754386 1.82456140350877 0.245614035087719 0.333333333333333 0.315789473684211
0.290909090909091 1.30909090909091 0.745454545454545 0.745454545454545 0.563636363636364 1.63636363636364 1.14545454545455 2.47272727272727 2.89090909090909 0.636363636363636 0.309090909090909 1.63636363636364 1.65454545454545 0.272727272727273 0.0545454545454545 0.181818181818182
0.449275362318841 1.84057971014493 1.85507246376812 1.82608695652174 1.21739130434783 1.65217391304348 2.02898550724638 3.43478260869565 3.11594202898551 2.26086956521739 2.2463768115942 0.797101449275362 0.72463768115942 1.02898550724638 0.826086956521739 2.1304347826087
0.154929577464789 0.563380281690141 0.732394366197183 2.29577464788732 1.50704225352113 1.54929577464789 1.49295774647887 2.16901408450704 2.30985915492958 2.35211267605634 2.38028169014085 0.661971830985915 0.52112676056338 0.704225352112676 0.535211267605634 1.42253521126761
0.178571428571429 0.660714285714286 0.196428571428571 1.35714285714286 1.23214285714286 2.64285714285714 2.64285714285714 1.71428571428571 1.85714285714286 2.23214285714286 2.125 1.01785714285714 1.16071428571429 0.321428571428571 0.267857142857143 0.5
0.227272727272727 0.659090909090909 0.159090909090909 0.795454545454545 0.659090909090909 1.54545454545455 2.06818181818182 0.454545454545455 0.272727272727273 1.34090909090909 2.02272727272727 2.11363636363636 1.18181818181818 0.295454545454545 0.295454545454545 0.659090909090909
0.119047619047619 0.714285714285714 0.619047619047619 0.666666666666667 0.476190476190476 1.83333333333333 2.11904761904762 1.19047619047619 0.976190476190476 0.714285714285714 0.785714285714286 2.0952380952381 1.66666666666667 0.30952380952381 0.142857142857143 0.19047619047619
0.346153846153846 1.07692307692308 0.576923076923077 0.769230769230769 0.846153846153846 1.46153846153846 1.96153846153846 2 1.76923076923077 0.576923076923077 0.384615384615385 0.692307692307692 0.923076923076923 1.03846153846154 0.884615384615385 1.42307692307692
0.0666666666666667 1.06666666666667 1.26666666666667 1 1.2 0.866666666666667 1.4 1.86666666666667 2.06666666666667 1.06666666666667 1.93333333333333 0.266666666666667 0.533333333333333 0.133333333333333 0.333333333333333 0.4
0 0.666666666666667 0.466666666666667 0.933333333333333 1.46666666666667 1.2 0.866666666666667 1 1.13333333333333 2.13333333333333 2.06666666666667 1.26666666666667 0.533333333333333 0.0666666666666667 0.4 0.533333333333333
