0.259259259259259 0.37037037037037 0.0740740740740741 0.962962962962963 1.66666666666667 2.59259259259259 1.66666666666667 0.444444444444444 0.222222222222222 1.48148148148148 1.33333333333333 0.925925925925926 0.666666666666667 0.259259259259259 0.222222222222222 0.185185185185185
0.263736263736264 0.604395604395604 0.43956043956044 0.637362637362637 0.626373626373626 2.6043956043956 2.97802197802198 1.36263736263736 0.945054945054945 0.725274725274725 0.593406593406593 1.74725274725275 1.34065934065934 0.0659340659340659 0.0879120879120879 0.142857142857143
0.142857142857143 0.642857142857143 0.517857142857143 0.767857142857143 0.553571428571429 1.05357142857143 2.46428571428571 2.35714285714286 2.375 0.625 0.214285714285714 0.821428571428571 0.625 0.446428571428571 0.267857142857143 0.357142857142857
0.159420289855072 0.695652173913043 0.681159420289855 1.65217391304348 1.40579710144928 1.36231884057971 1.65217391304348 2.10144927536232 2.20289855072464 1.72463768115942 1.8695652173913 0.855072463768116 0.695652173913043 0.289855072463768 0.565217391304348 0.623188405797101
0.535714285714286 1.46428571428571 0.392857142857143 1.73214285714286 2.07142857142857 1.55357142857143 1.35714285714286 1.17857142857143 1.08928571428571 1.91071428571429 1.75 0.892857142857143 0.928571428571429 0.303571428571429 0.0892857142857143 0.535714285714286
1.09459459459459 2.21621621621622 0.310810810810811 1.05405405405405 1.47297297297297 3.75675675675676 3.36486486486486 1.18918918918919 0.689189189189189 1.27027027027027 1.25675675675676 1.24324324324324 0.905405405405405 0.175675675675676 0.108108108108108 0.27027027027027
0.385964912280702 1.57894736842105 0.807017543859649 1.45614035087719 1.21052631578947 3.80701754385965 4.17543859649123 1.87719298245614 1.50877192982456 1.17543859649123 0.982456140350877 1.73684210526316 1.59649122807018 0.421052631578947 0.315789473684211 0.631578947368421
0.4 1.32727272727273 1.18181818181818 0.927272727272727 0.709090909090909 1.41818181818182 2 1.98181818181818 2.09090909090909 0.309090909090909 0.472727272727273 1.38181818181818 1.65454545454545 0.145454545454545 0.163636363636364 0.290909090909091
0.36231884057971 1.63768115942029 1.79710144927536 2.39130434782609 1.2463768115942 1.57971014492754 1.66666666666667 3.21739130434783 2.94202898550725 1.95652173913043 1.76811594202899 0.768115942028985 0.753623188405797 0.869565217391304 0.739130434782609 1.63768115942029
0.23943661971831 0.788732394366197 0.774647887323944 2.12676056338028 1.6056338028169 1.69014084507042 1.47887323943662 1.77464788732394 1.90140845070423 2.1830985915493 2.23943661971831 0.591549295774648 0.47887323943662 0.563380281690141 0.690140845070423 1.28169014084507
0.196428571428571 0.660714285714286 0.160714285714286 1.14285714285714 1.14285714285714 2.48214285714286 2.19642857142857 1.44642857142857 1.14285714285714 2.26785714285714 2.01785714285714 1.78571428571429 1.58928571428571 0.232142857142857 0.321428571428571 0.571428571428571
0.25 1.02272727272727 0.454545454545455 0.545454545454545 0.454545454545455 1.97727272727273 1.86363636363636 0.522727272727273 0.5 0.772727272727273 0.977272727272727 1.54545454545455 0.909090909090909 0.25 0.113636363636364 0.545454545454545
0.119047619047619 0.523809523809524 0.619047619047619 0.761904761904762 0.523809523809524 1.64285714285714 1.80952380952381 1.0952380952381 0.904761904761905 0.880952380952381 0.928571428571429 1.66666666666667 1.38095238095238 0.19047619047619 0.0476190476190476 0.238095238095238
0.153846153846154 0.615384615384615 0.461538461538462 1 0.653846153846154 1.34615384615385 1.34615384615385 2.5 2.69230769230769 0.653846153846154 0.461538461538462 0.923076923076923 0.884615384615385 0.384615384615385 0.346153846153846 0.576923076923077
0 0.533333333333333 0.266666666666667 0.933333333333333 1.26666666666667 0.866666666666667 0.8 1 1.73333333333333 1 2.2 0.133333333333333 0.333333333333333 0.266666666666667 0.533333333333333 0.466666666666667
0.0666666666666667 0.133333333333333 0.2 0.733333333333333 1.2 0.6 0.933333333333333 0.466666666666667 0.466666666666667 3.86666666666667 2.4 0.4 0.6 0.2 0.333333333333333 0.6
