0.185185185185185 0.444444444444444 0.259259259259259 0.740740740740741 1.2962962962963 2.59259259259259 2.22222222222222 0.259259259259259 0.296296296296296 1.07407407407407 1.18518518518519 1.77777777777778 1.44444444444444 0.148148148148148 0.111111111111111 0.333333333333333
0.154929577464789 0.28169014084507 0.436619718309859 0.704225352112676 0.816901408450704 2.71830985915493 2.80281690140845 1.30985915492958 1 0.563380281690141 0.619718309859155 1.50704225352113 1.38028169014085 0.0845070422535211 0.0845070422535211 0.197183098591549
0.0263157894736842 0.236842105263158 0.842105263157895 0.565789473684211 0.223684210526316 1.46052631578947 1.61842105263158 2.14473684210526 2.38157894736842 0.907894736842105 0.815789473684211 0.539473684210526 0.75 0.368421052631579 0.394736842105263 0.447368421052632
0.101449275362319 0.565217391304348 0.884057971014493 1.71014492753623 1.79710144927536 1.6231884057971 1.42028985507246 2.02898550724638 2.40579710144928 1.53623188405797 1.69565217391304 0.681159420289855 0.652173913043478 0.304347826086957 0.347826086956522 0.608695652173913
0.696428571428571 1.17857142857143 0.785714285714286 2.16071428571429 2.25 1.69642857142857 1.60714285714286 1.42857142857143 1.30357142857143 2.21428571428571 1.94642857142857 1.01785714285714 0.678571428571429 0.392857142857143 0.357142857142857 0.357142857142857
0.689189189189189 1.74324324324324 0.608108108108108 1.10810810810811 1.37837837837838 2.52702702702703 2.82432432432432 0.945945945945946 0.675675675675676 1.04054054054054 1.21621621621622 1.51351351351351 1.21621621621622 0.148648648648649 0.0675675675675676 0.256756756756757
0.333333333333333 1.28070175438596 1.63157894736842 1.56140350877193 1.12280701754386 3.87719298245614 4.70175438596491 1.7719298245614 1.56140350877193 1.29824561403509 1.6140350877193 1.57894736842105 1.64912280701754 0.333333333333333 0.508771929824561 0.631578947368421
0.418181818181818 1.14545454545455 1.23636363636364 1.52727272727273 0.963636363636364 1.81818181818182 2.56363636363636 2.36363636363636 1.94545454545455 0.490909090909091 0.381818181818182 1.16363636363636 1.45454545454545 0.2 0.127272727272727 0.290909090909091
0.333333333333333 0.942028985507246 2.44927536231884 1.57971014492754 1.17391304347826 1.07246376811594 1.66666666666667 2.60869565217391 2.94202898550725 1.81159420289855 2.08695652173913 0.855072463768116 0.826086956521739 1.07246376811594 0.782608695652174 2.11594202898551
0.352112676056338 0.774647887323944 1.28169014084507 2.08450704225352 1.66197183098592 1.57746478873239 1.50704225352113 1.71830985915493 2 2.92957746478873 2.70422535211268 0.676056338028169 0.661971830985915 0.690140845070423 0.633802816901408 1.40845070422535
0.196428571428571 0.392857142857143 0.482142857142857 1.07142857142857 0.982142857142857 2.48214285714286 2.26785714285714 1.92857142857143 2 1.67857142857143 2.46428571428571 1.67857142857143 1.66071428571429 0.321428571428571 0.232142857142857 0.642857142857143
0.477272727272727 0.522727272727273 0.272727272727273 0.363636363636364 0.522727272727273 1.63636363636364 1.88636363636364 0.795454545454545 0.5 1.09090909090909 1.27272727272727 1.77272727272727 1.56818181818182 0.272727272727273 0.363636363636364 0.636363636363636
0.142857142857143 0.476190476190476 0.642857142857143 0.523809523809524 0.380952380952381 1.85714285714286 2.14285714285714 0.857142857142857 0.380952380952381 0.69047619047619 0.571428571428571 1.80952380952381 2.04761904761905 0.166666666666667 0.0952380952380952 0.333333333333333
0.0769230769230769 0.538461538461538 0.730769230769231 0.961538461538462 0.846153846153846 1 1.15384615384615 1.96153846153846 2 0.692307692307692 0.423076923076923 0.153846153846154 0.230769230769231 0.269230769230769 0.115384615384615 0.384615384615385
0.133333333333333 0.666666666666667 0.733333333333333 0.8 0.933333333333333 0.8 1.2 2.13333333333333 1.4 1.2 1.06666666666667 0.533333333333333 0.2 0.4 0.266666666666667 1.8
0 0.133333333333333 0.266666666666667 0.6 0.533333333333333 0.266666666666667 0.866666666666667 1.53333333333333 1 2.26666666666667 1.8 0.666666666666667 0.466666666666667 0.0666666666666667 0.333333333333333 0.733333333333333
