0.37037037037037 0.666666666666667 0.148148148148148 1.2962962962963 1.66666666666667 2.44444444444444 1.59259259259259 0.185185185185185 0.259259259259259 1.66666666666667 1.55555555555556 1.37037037037037 0.703703703703704 0.518518518518518 0.148148148148148 0.259259259259259
0.241758241758242 0.736263736263736 0.263736263736264 0.538461538461538 0.725274725274725 2.3956043956044 2.74725274725275 1.05494505494505 0.593406593406593 0.659340659340659 0.736263736263736 1.15384615384615 1.23076923076923 0.142857142857143 0.164835164835165 0.252747252747253
0.160714285714286 0.5 0.535714285714286 0.75 0.535714285714286 1.05357142857143 1.39285714285714 2.21428571428571 2.26785714285714 1.21428571428571 0.857142857142857 0.642857142857143 0.821428571428571 0.285714285714286 0.303571428571429 0.392857142857143
0.27536231884058 1.02898550724638 0.565217391304348 1.97101449275362 1.65217391304348 1.2463768115942 1.11594202898551 2.15942028985507 2.15942028985507 1.78260869565217 1.56521739130435 0.753623188405797 0.608695652173913 0.246376811594203 0.27536231884058 0.681159420289855
0.767857142857143 1.30357142857143 0.446428571428571 2.625 2.85714285714286 1.75 1.66071428571429 1.08928571428571 1.39285714285714 2.33928571428571 1.73214285714286 0.839285714285714 0.517857142857143 0.357142857142857 0.357142857142857 0.517857142857143
0.689189189189189 2.02702702702703 0.378378378378378 1.05405405405405 1.33783783783784 2.74324324324324 2.27027027027027 1.22972972972973 0.608108108108108 1.33783783783784 1.45945945945946 1.51351351351351 1.22972972972973 0.121621621621622 0.108108108108108 0.202702702702703
0.385964912280702 1.85964912280702 1.19298245614035 1.14035087719298 0.807017543859649 3.84210526315789 4.05263157894737 1.26315789473684 1.40350877192982 1.15789473684211 1.33333333333333 1.56140350877193 1.59649122807018 0.368421052631579 0.333333333333333 0.736842105263158
0.436363636363636 1.41818181818182 1.18181818181818 1.38181818181818 1.09090909090909 2.07272727272727 2.12727272727273 2.12727272727273 1.8 0.581818181818182 0.563636363636364 1.27272727272727 1.36363636363636 0.145454545454545 0.145454545454545 0.345454545454545
0.420289855072464 1.59420289855072 2.18840579710145 1.65217391304348 1.20289855072464 1.88405797101449 1.55072463768116 2.66666666666667 2.94202898550725 1.71014492753623 1.59420289855072 0.942028985507246 1.07246376811594 0.91304347826087 0.855072463768116 1.7536231884058
0.253521126760563 0.732394366197183 1.02816901408451 2.12676056338028 1.84507042253521 2.09859154929577 1.83098591549296 2.30985915492958 2.3943661971831 3.19718309859155 2.54929577464789 0.436619718309859 0.366197183098592 0.647887323943662 0.563380281690141 1.35211267605634
0.321428571428571 0.696428571428571 0.428571428571429 1.125 1.5 1.92857142857143 1.46428571428571 1.42857142857143 1.17857142857143 2.32142857142857 2.19642857142857 1.30357142857143 1.125 0.321428571428571 0.267857142857143 0.553571428571429
0.454545454545455 0.727272727272727 0.0227272727272727 0.613636363636364 0.568181818181818 1.5 1.72727272727273 0.409090909090909 0.272727272727273 1.02272727272727 1.04545454545455 2.38636363636364 1.70454545454545 0.181818181818182 0.181818181818182 0.568181818181818
0.142857142857143 0.666666666666667 0.642857142857143 0.80952380952381 0.357142857142857 1.92857142857143 1.85714285714286 1.38095238095238 1.14285714285714 0.666666666666667 0.976190476190476 1.85714285714286 1.83333333333333 0.142857142857143 0.0952380952380952 0.214285714285714
0.346153846153846 0.923076923076923 0.153846153846154 0.461538461538462 0.230769230769231 1.38461538461538 1.61538461538462 2.96153846153846 2.34615384615385 0.423076923076923 0.538461538461538 0.653846153846154 0.884615384615385 0.653846153846154 0.538461538461538 0.807692307692308
0.266666666666667 0.4 0.0666666666666667 1.13333333333333 0.733333333333333 0.4 1.2 2.2 2.06666666666667 1 1.13333333333333 0 0.0666666666666667 1.06666666666667 0.6 1.46666666666667
0.333333333333333 0.666666666666667 0.133333333333333 1.8 1.6 1 1 0.4 0.8 3.13333333333333 2.06666666666667 0.333333333333333 0.533333333333333 0.133333333333333 0 0.333333333333333
