0.0740740740740741 0.407407407407407 0.0740740740740741 1.07407407407407 1.55555555555556 1.88888888888889 2.14814814814815 0.259259259259259 0.0740740740740741 0.962962962962963 1.22222222222222 1.25925925925926 1.03703703703704 0.296296296296296 0.37037037037037 0.259259259259259
0.267605633802817 0.450704225352113 0.366197183098592 1.04225352112676 1.14084507042254 2.33802816901408 2.88732394366197 1.05633802816901 0.971830985915493 0.661971830985915 0.633802816901408 1.50704225352113 1.45070422535211 0.154929577464789 0.0704225352112676 0.267605633802817
0.276315789473684 0.447368421052632 0.723684210526316 0.763157894736842 0.5 1.60526315789474 1.88157894736842 2.07894736842105 2.22368421052632 1.22368421052632 0.934210526315789 0.75 0.986842105263158 0.434210526315789 0.328947368421053 0.671052631578947
0.173913043478261 0.420289855072464 0.72463768115942 1.36231884057971 1.53623188405797 1.2463768115942 1.63768115942029 1.6231884057971 2.15942028985507 1.81159420289855 1.71014492753623 0.768115942028985 0.898550724637681 0.260869565217391 0.333333333333333 0.492753623188406
0.517857142857143 1.14285714285714 0.803571428571429 2.82142857142857 2.94642857142857 1.89285714285714 1.82142857142857 1.75 1.41071428571429 1.98214285714286 1.92857142857143 1 0.839285714285714 0.196428571428571 0.196428571428571 0.571428571428571
0.581081081081081 2.02702702702703 0.391891891891892 1.17567567567568 1.24324324324324 4.41891891891892 4.04054054054054 0.986486486486487 0.837837837837838 1.62162162162162 1.36486486486486 1.47297297297297 1.21621621621622 0.189189189189189 0.189189189189189 0.351351351351351
0.421052631578947 1.56140350877193 1.59649122807018 1.40350877192982 1 3.84210526315789 4.45614035087719 1.43859649122807 0.824561403508772 0.947368421052632 1 2.07017543859649 1.66666666666667 0.315789473684211 0.245614035087719 0.385964912280702
0.327272727272727 0.6 1.4 1.10909090909091 1.05454545454545 1.69090909090909 2.14545454545455 2.14545454545455 2.4 0.727272727272727 0.545454545454545 1.4 1.2 0.181818181818182 0.236363636363636 0.363636363636364
0.202898550724638 0.565217391304348 2.31884057971015 1.59420289855072 0.797101449275362 1.28985507246377 1.14492753623188 2.85507246376812 2.20289855072464 0.768115942028985 0.884057971014493 0.681159420289855 0.72463768115942 0.63768115942029 0.536231884057971 1.30434782608696
0.408450704225352 0.591549295774648 1.50704225352113 2.49295774647887 1.61971830985915 1.54929577464789 1.52112676056338 1.54929577464789 2.02816901408451 2.43661971830986 2.43661971830986 0.633802816901408 0.380281690140845 0.985915492957746 0.661971830985915 1.38028169014085
0.160714285714286 0.410714285714286 0.464285714285714 1.51785714285714 1.44642857142857 3.5 3.23214285714286 2.21428571428571 2.42857142857143 2.60714285714286 2.75 1.64285714285714 1.66071428571429 0.428571428571429 0.267857142857143 0.678571428571429
0.318181818181818 0.863636363636364 0.477272727272727 0.613636363636364 0.931818181818182 2.13636363636364 1.90909090909091 0.522727272727273 0.795454545454545 1 1.18181818181818 1.70454545454545 1.86363636363636 0.0909090909090909 0.204545454545455 0.318181818181818
0.19047619047619 0.0952380952380952 0.857142857142857 0.595238095238095 0.642857142857143 1.5952380952381 1.47619047619048 1.66666666666667 1.61904761904762 0.714285714285714 0.880952380952381 1.5952380952381 1.45238095238095 0.166666666666667 0.166666666666667 0.261904761904762
0.0769230769230769 0.423076923076923 0.538461538461538 0.230769230769231 0.269230769230769 0.846153846153846 1.57692307692308 1.69230769230769 1.73076923076923 0.307692307692308 0.384615384615385 0.615384615384615 0.923076923076923 0.615384615384615 0.307692307692308 0.846153846153846
0 0.2 0.666666666666667 0.4 0.533333333333333 1 0.533333333333333 2.66666666666667 1.6 1.13333333333333 1.06666666666667 0.266666666666667 0.133333333333333 0.533333333333333 0.2 0.333333333333333
0.0666666666666667 0.4 0.466666666666667 0.666666666666667 0.466666666666667 1 1.13333333333333 0.8 0.8 2.2 1.53333333333333 0.733333333333333 0.466666666666667 0 0.2 0.266666666666667
