0 0.0740740740740741 0 0 1.03703703703704 0.62962962962963 0.37037037037037 0 0 0.148148148148148 0.296296296296296 0.037037037037037 0.037037037037037 0 0 0
0 0.0549450549450549 0.010989010989011 0.021978021978022 0.120879120879121 0.395604395604396 0.813186813186813 0.384615384615385 0.032967032967033 0.0549450549450549 0.0659340659340659 0.120879120879121 0.0989010989010989 0.043956043956044 0.010989010989011 0
0 0 0 0.0178571428571429 0.0535714285714286 0.0714285714285714 0.464285714285714 0.625 0.392857142857143 0.267857142857143 0.0714285714285714 0 0.0357142857142857 0.107142857142857 0.0714285714285714 0
0.0434782608695652 0.0434782608695652 0.0144927536231884 0.217391304347826 0.101449275362319 0.173913043478261 0.0579710144927536 0.376811594202899 0.550724637681159 0.507246376811594 0.289855072463768 0.0289855072463768 0 0.0144927536231884 0.0434782608695652 0.0144927536231884
0.160714285714286 0.214285714285714 0.0714285714285714 0.0892857142857143 0.553571428571429 0.928571428571429 0.642857142857143 0.232142857142857 0.125 0.285714285714286 0.267857142857143 0.125 0.0892857142857143 0 0 0
0.148648648648649 0.418918918918919 0.0540540540540541 0.121621621621622 0.378378378378378 0.878378378378378 0.5 0.0135135135135135 0.121621621621622 0.189189189189189 0.0945945945945946 0.256756756756757 0.0810810810810811 0 0 0
0.0175438596491228 0.578947368421053 0.298245614035088 0.0526315789473684 0.0526315789473684 2.64912280701754 3.15789473684211 0.315789473684211 0 0.0175438596491228 0.0526315789473684 0.0350877192982456 0.087719298245614 0.157894736842105 0 0
0.0727272727272727 0.290909090909091 0.181818181818182 0.0545454545454545 0.163636363636364 0.254545454545455 0.363636363636364 0.381818181818182 0.127272727272727 0 0.0363636363636364 0.109090909090909 0.2 0.0181818181818182 0.0181818181818182 0.0363636363636364
0 0.115942028985507 0.391304347826087 0.333333333333333 0.115942028985507 0.289855072463768 0.347826086956522 0.188405797101449 0.434782608695652 0.144927536231884 0.0434782608695652 0.0144927536231884 0.130434782608696 0.115942028985507 0.101449275362319 0.217391304347826
0 0.0140845070422535 0.0985915492957746 0.492957746478873 0.225352112676056 0.140845070422535 0.183098591549296 0.0704225352112676 0.422535211267606 0.690140845070423 0.183098591549296 0.0563380281690141 0.0140845070422535 0.0422535211267606 0.169014084507042 0.126760563380282
0.0357142857142857 0.0357142857142857 0 0.107142857142857 0.25 0.428571428571429 0.0178571428571429 0.125 0.0357142857142857 0.214285714285714 0.428571428571429 0.214285714285714 0.0178571428571429 0 0 0
0 0.0681818181818182 0 0.0454545454545455 0.272727272727273 0.136363636363636 0.181818181818182 0.0909090909090909 0 0.0454545454545455 0.318181818181818 0.522727272727273 0.113636363636364 0 0 0.0909090909090909
0 0.0952380952380952 0 0 0 0.0714285714285714 0.142857142857143 0.0952380952380952 0 0 0.238095238095238 0.452380952380952 0.285714285714286 0 0 0
0 0.0769230769230769 0.0384615384615385 0.269230769230769 0.0769230769230769 0.0769230769230769 0.269230769230769 0.615384615384615 0.192307692307692 0.230769230769231 0.0769230769230769 0 0.0769230769230769 0.230769230769231 0 0
0 0.0666666666666667 0.333333333333333 0 0.133333333333333 0 0.466666666666667 0.133333333333333 0.2 0.666666666666667 0.333333333333333 0 0 0 0 0
0 0.2 0 0.133333333333333 0.2 0.2 0.2 0.2 0.2 0.0666666666666667 0.133333333333333 0.333333333333333 0 0 0 0.2
