0.185185185185185 0.407407407407407 0.111111111111111 1.44444444444444 1.62962962962963 2.11111111111111 1.37037037037037 0.333333333333333 0.148148148148148 1.11111111111111 1 1.03703703703704 0.962962962962963 0.148148148148148 0.0740740740740741 0.259259259259259
0.225352112676056 0.492957746478873 0.591549295774648 1.08450704225352 1.1830985915493 2.8169014084507 3.14084507042254 1.19718309859155 0.943661971830986 0.887323943661972 0.788732394366197 1.42253521126761 1.49295774647887 0.154929577464789 0.183098591549296 0.225352112676056
0.289473684210526 0.565789473684211 1.05263157894737 0.75 0.315789473684211 1.39473684210526 1.80263157894737 2.17105263157895 2.06578947368421 1.07894736842105 0.815789473684211 0.881578947368421 0.947368421052632 0.434210526315789 0.381578947368421 0.5
0.260869565217391 0.594202898550725 0.623188405797101 1.36231884057971 1.10144927536232 1.43478260869565 1.28985507246377 2.31884057971015 2.49275362318841 1.78260869565217 1.42028985507246 0.652173913043478 0.333333333333333 0.333333333333333 0.434782608695652 0.579710144927536
0.553571428571429 0.946428571428571 0.964285714285714 2.07142857142857 2.35714285714286 2.33928571428571 2.05357142857143 1.44642857142857 1.10714285714286 1.98214285714286 2.17857142857143 1.35714285714286 1.21428571428571 0.410714285714286 0.196428571428571 0.321428571428571
0.918918918918919 2.33783783783784 0.635135135135135 1.25675675675676 1.37837837837838 3.98648648648649 3.93243243243243 1.02702702702703 0.783783783783784 1.2972972972973 1.08108108108108 1.25675675675676 1.05405405405405 0.108108108108108 0.121621621621622 0.297297297297297
0.456140350877193 1.36842105263158 1.54385964912281 1.66666666666667 0.807017543859649 4.03508771929825 3.89473684210526 1.57894736842105 1.21052631578947 0.631578947368421 0.912280701754386 1.73684210526316 1.52631578947368 0.12280701754386 0.192982456140351 0.491228070175439
0.509090909090909 1.18181818181818 0.981818181818182 1.34545454545455 1.01818181818182 1.76363636363636 1.94545454545455 2.61818181818182 2.03636363636364 0.527272727272727 0.454545454545455 1.29090909090909 1.23636363636364 0.218181818181818 0.109090909090909 0.290909090909091
0.449275362318841 1.23188405797101 2.52173913043478 1.79710144927536 1.26086956521739 1.78260869565217 1.46376811594203 2.59420289855072 2.8695652173913 1.34782608695652 1.28985507246377 0.927536231884058 0.942028985507246 0.811594202898551 0.521739130434783 1.66666666666667
0.464788732394366 1.12676056338028 1.49295774647887 2.76056338028169 1.73239436619718 2.32394366197183 1.8169014084507 2.09859154929577 1.92957746478873 3.49295774647887 2.94366197183099 0.830985915492958 0.52112676056338 0.887323943661972 1.22535211267606 1.64788732394366
0.178571428571429 0.196428571428571 0.410714285714286 1.10714285714286 1.17857142857143 2.5 2.07142857142857 1.46428571428571 1.5 2.55357142857143 1.89285714285714 1.42857142857143 1.375 0.357142857142857 0.142857142857143 0.446428571428571
0.181818181818182 0.613636363636364 0.181818181818182 0.704545454545455 0.454545454545455 1.84090909090909 1.52272727272727 0.522727272727273 0.681818181818182 1.81818181818182 1.72727272727273 1.36363636363636 1.27272727272727 0.295454545454545 0.159090909090909 0.681818181818182
0.0952380952380952 0.476190476190476 0.880952380952381 0.738095238095238 0.30952380952381 1.30952380952381 1.85714285714286 1.07142857142857 1.07142857142857 0.642857142857143 0.80952380952381 2.11904761904762 1.76190476190476 0.0714285714285714 0.142857142857143 0.261904761904762
0.423076923076923 0.692307692307692 1.11538461538462 0.653846153846154 0.769230769230769 1.23076923076923 1.11538461538462 3.46153846153846 2.61538461538462 0.576923076923077 0.461538461538462 0.538461538461538 0.576923076923077 0.461538461538462 0.269230769230769 0.807692307692308
0.133333333333333 0.733333333333333 1 1.2 0.866666666666667 1.73333333333333 1.2 1 1.66666666666667 1.2 1.06666666666667 0.6 0.2 0.333333333333333 0.466666666666667 0.466666666666667
0.2 0.333333333333333 0.4 0.8 1.06666666666667 0.933333333333333 1.06666666666667 0.533333333333333 0.4 3.06666666666667 2.26666666666667 0.466666666666667 0.466666666666667 0.133333333333333 0.133333333333333 0.2
