0.111111111111111 0.62962962962963 0.037037037037037 0.851851851851852 1.44444444444444 2.18518518518519 1.77777777777778 0.185185185185185 0.222222222222222 0.925925925925926 1 1.33333333333333 0.888888888888889 0.111111111111111 0.37037037037037 0.407407407407407
0.183098591549296 0.619718309859155 0.225352112676056 0.436619718309859 0.492957746478873 2.36619718309859 2.45070422535211 1.29577464788732 0.873239436619718 0.605633802816901 0.492957746478873 1.30985915492958 1.3943661971831 0.126760563380282 0.126760563380282 0.169014084507042
0.223684210526316 0.31578947368421 0.842105263157895 0.605263157894737 0.276315789473684 1.47368421052632 1.63157894736842 2.35526315789474 2.35526315789474 1.13157894736842 1.01315789473684 0.723684210526316 0.802631578947368 0.342105263157895 0.236842105263158 0.513157894736842
0.144927536231884 1.05797101449275 0.956521739130435 1.57971014492754 1.17391304347826 1.30434782608696 1.49275362318841 2.55072463768116 2.46376811594203 1.85507246376812 1.55072463768116 0.898550724637681 0.739130434782609 0.260869565217391 0.391304347826087 0.36231884057971
0.464285714285714 1.10714285714286 0.517857142857143 2.92857142857143 2.82142857142857 1.96428571428571 2.19642857142857 1.25 1.5 2.26785714285714 2.125 0.964285714285714 0.839285714285714 0.267857142857143 0.214285714285714 0.303571428571428
0.472972972972973 1.55405405405405 0.513513513513513 1.10810810810811 1.47297297297297 2.71621621621622 2.37837837837838 0.891891891891892 0.702702702702703 1.63513513513513 1.2972972972973 1.72972972972973 1.16216216216216 0.135135135135135 0.0810810810810811 0.148648648648649
0.456140350877193 1.17543859649123 1.66666666666667 1.54385964912281 0.947368421052631 5 4.71929824561403 1.57894736842105 1.40350877192982 1.24561403508772 1 1.35087719298246 1.45614035087719 0.31578947368421 0.228070175438596 0.526315789473684
0.454545454545454 0.818181818181818 1.38181818181818 1.07272727272727 0.818181818181818 1.30909090909091 1.2 2.07272727272727 1.96363636363636 0.581818181818182 0.381818181818182 1.25454545454545 1.69090909090909 0.309090909090909 0.272727272727273 0.490909090909091
0.492753623188406 1.18840579710145 2.98550724637681 1.84057971014493 0.91304347826087 1.68115942028985 1.52173913043478 3.60869565217391 3.42028985507246 1.40579710144928 1.57971014492754 0.710144927536232 0.681159420289855 0.927536231884058 0.710144927536232 2.11594202898551
0.295774647887324 0.873239436619718 1.14084507042254 2.32394366197183 1.64788732394366 1.70422535211268 1.92957746478873 2.43661971830986 2.36619718309859 3.6056338028169 3.36619718309859 0.422535211267606 0.323943661971831 0.746478873239437 0.71830985915493 1.33802816901408
0.0714285714285714 0.196428571428571 0.375 1.07142857142857 1 2.48214285714286 2.21428571428571 2 1.71428571428571 1.76785714285714 1.85714285714286 1.21428571428571 1.10714285714286 0.321428571428571 0.392857142857143 0.732142857142857
0.227272727272727 0.568181818181818 0.181818181818182 0.363636363636364 0.477272727272727 1.93181818181818 1.68181818181818 0.590909090909091 0.522727272727273 0.840909090909091 1.27272727272727 1.81818181818182 1.75 0.295454545454545 0.159090909090909 0.590909090909091
0.166666666666667 0.428571428571428 0.357142857142857 0.523809523809524 0.380952380952381 1.73809523809524 1.80952380952381 0.666666666666667 0.833333333333333 0.833333333333333 0.785714285714286 2.19047619047619 2.09523809523809 0.238095238095238 0.0952380952380952 0.238095238095238
0.115384615384615 0.5 0.846153846153846 1.38461538461538 0.692307692307692 0.769230769230769 1.11538461538462 1.76923076923077 2.23076923076923 0.769230769230769 0.692307692307692 0.307692307692308 0.538461538461538 0.730769230769231 0.230769230769231 0.423076923076923
0 0 0.333333333333333 1.4 1.26666666666667 0.0666666666666667 0.666666666666667 1.26666666666667 2.26666666666667 2.06666666666667 1.66666666666667 0 0 0.0666666666666667 0 0.2
0.0666666666666667 0.2 0 0.933333333333333 0.866666666666667 0.266666666666667 0.133333333333333 0.6 1 1.33333333333333 1.66666666666667 0.466666666666667 0.466666666666667 0.2 0.133333333333333 0.6
