0 0.037037037037037 0 0 0.703703703703704 0.814814814814815 0.259259259259259 0 0 0.185185185185185 0.407407407407407 0.296296296296296 0.0740740740740741 0 0 0
0 0.0879120879120879 0.021978021978022 0.021978021978022 0.186813186813187 0.538461538461538 0.736263736263736 0.263736263736264 0.043956043956044 0.0549450549450549 0.0549450549450549 0.120879120879121 0.164835164835165 0.021978021978022 0 0
0 0 0 0 0.0892857142857143 0.142857142857143 0.410714285714286 0.482142857142857 0.482142857142857 0.339285714285714 0.0178571428571429 0 0.0535714285714286 0.0535714285714286 0.0535714285714286 0
0 0.130434782608696 0 0.188405797101449 0.159420289855072 0.072463768115942 0.0579710144927536 0.434782608695652 0.565217391304348 0.478260869565217 0.173913043478261 0 0 0.0289855072463768 0.0434782608695652 0.0434782608695652
0.107142857142857 0.214285714285714 0.0357142857142857 0.803571428571429 1.10714285714286 0.785714285714286 0.75 0.0535714285714286 0.214285714285714 0.196428571428571 0.178571428571429 0.0178571428571429 0.0357142857142857 0 0 0
0.189189189189189 0.405405405405405 0.0675675675675676 0.108108108108108 0.243243243243243 0.527027027027027 0.418918918918919 0.0945945945945946 0.0675675675675676 0.135135135135135 0.0675675675675676 0.324324324324324 0.0810810810810811 0 0 0
0.087719298245614 0.56140350877193 0.0701754385964912 0.192982456140351 0.245614035087719 0.807017543859649 1.31578947368421 0.157894736842105 0 0.087719298245614 0.228070175438596 0.0350877192982456 0.105263157894737 0.157894736842105 0 0
0.0545454545454545 0.290909090909091 0.181818181818182 0.145454545454545 0.181818181818182 0.272727272727273 0.509090909090909 0.290909090909091 0.163636363636364 0 0.0181818181818182 0.0545454545454545 0.2 0.0363636363636364 0.0181818181818182 0.0363636363636364
0 0.173913043478261 0.289855072463768 0.420289855072464 0.0289855072463768 0.0579710144927536 0.0434782608695652 0.217391304347826 0.550724637681159 0.478260869565217 0.347826086956522 0.0289855072463768 0.144927536231884 0.492753623188406 0.202898550724638 0.550724637681159
0.0422535211267606 0 0.126760563380282 0.352112676056338 0.380281690140845 0.183098591549296 0.211267605633803 0.0845070422535211 0.52112676056338 0.619718309859155 0.267605633802817 0.154929577464789 0.0422535211267606 0.0422535211267606 0.211267605633803 0.0704225352112676
0.0178571428571429 0.0357142857142857 0 0.0714285714285714 0.196428571428571 0.357142857142857 0.0178571428571429 0.107142857142857 0.0714285714285714 0.125 0.339285714285714 0.589285714285714 0.0714285714285714 0 0 0
0.0227272727272727 0.0454545454545455 0 0 0.159090909090909 0.136363636363636 0.181818181818182 0.0454545454545455 0 0.0454545454545455 0.340909090909091 0.590909090909091 0.0681818181818182 0 0 0.181818181818182
0 0.119047619047619 0 0 0 0.142857142857143 0.214285714285714 0.0476190476190476 0.19047619047619 0 0.0476190476190476 0.571428571428571 0.238095238095238 0.0476190476190476 0 0
0.0769230769230769 0.0769230769230769 0.0769230769230769 0.269230769230769 0 0.153846153846154 0.538461538461538 0.346153846153846 0.461538461538462 0.115384615384615 0.0384615384615385 0.0384615384615385 0.192307692307692 0.153846153846154 0 0
0 0 0.266666666666667 0 0.133333333333333 0 0.333333333333333 0.0666666666666667 0.2 0.866666666666667 0.266666666666667 0 0 0 0 0
0 0.133333333333333 0 0 0.333333333333333 0.133333333333333 0.133333333333333 0.133333333333333 0.133333333333333 0.266666666666667 0.133333333333333 0.2 0 0 0 0.2
