0.185185185185185 0.555555555555556 0 1.7037037037037 2.25925925925926 1.7037037037037 1.37037037037037 0.296296296296296 0.296296296296296 1.59259259259259 1.66666666666667 0.703703703703704 0.592592592592593 0.259259259259259 0.185185185185185 0.37037037037037
0.252747252747253 0.692307692307692 0.450549450549451 0.637362637362637 0.648351648351648 2.72527472527473 3.02197802197802 1.53846153846154 1.25274725274725 0.747252747252747 0.637362637362637 1.45054945054945 1.7032967032967 0.197802197802198 0.142857142857143 0.307692307692308
0.214285714285714 0.696428571428571 0.5 0.571428571428571 0.428571428571429 0.892857142857143 1.42857142857143 2.75 2.51785714285714 0.821428571428571 0.642857142857143 0.857142857142857 1.10714285714286 0.357142857142857 0.392857142857143 0.535714285714286
0.144927536231884 0.652173913043478 0.579710144927536 1.59420289855072 1.82608695652174 0.985507246376812 1.08695652173913 2.1304347826087 2.39130434782609 1.94202898550725 1.40579710144928 0.753623188405797 0.492753623188406 0.521739130434783 0.608695652173913 0.811594202898551
0.660714285714286 1.44642857142857 0.357142857142857 1.82142857142857 1.69642857142857 1.80357142857143 1.53571428571429 0.964285714285714 1.07142857142857 2.01785714285714 2.53571428571429 1.10714285714286 0.714285714285714 0.321428571428571 0.160714285714286 0.357142857142857
0.72972972972973 2.28378378378378 0.5 1.05405405405405 1.48648648648649 3.12162162162162 2.77027027027027 1.18918918918919 0.77027027027027 1.27027027027027 0.905405405405405 1.41891891891892 1.10810810810811 0.121621621621622 0.0540540540540541 0.148648648648649
0.421052631578947 1.73684210526316 0.807017543859649 1.14035087719298 0.859649122807018 3.49122807017544 3.64912280701754 1.47368421052632 1.28070175438596 1.05263157894737 0.736842105263158 1.36842105263158 1.68421052631579 0.210526315789474 0.210526315789474 0.315789473684211
0.272727272727273 1.56363636363636 0.890909090909091 1.14545454545455 0.8 1.69090909090909 1.52727272727273 2.12727272727273 1.87272727272727 0.6 0.254545454545455 1.21818181818182 1.49090909090909 0.181818181818182 0.327272727272727 0.254545454545455
0.492753623188406 1.88405797101449 2.18840579710145 1.81159420289855 0.942028985507246 1.71014492753623 1.6231884057971 3.04347826086957 3.23188405797101 1.26086956521739 1.34782608695652 0.869565217391304 0.91304347826087 0.927536231884058 0.739130434782609 1.43478260869565
0.52112676056338 1.33802816901408 0.971830985915493 2.3943661971831 1.94366197183099 1.14084507042254 1.43661971830986 2.01408450704225 2.05633802816901 3.47887323943662 3.26760563380282 0.732394366197183 0.873239436619718 0.802816901408451 0.774647887323944 1.46478873239437
0.160714285714286 0.428571428571429 0.178571428571429 1.17857142857143 1.07142857142857 1.98214285714286 2.41071428571429 1.71428571428571 1.375 2.28571428571429 1.82142857142857 1.08928571428571 1.17857142857143 0.428571428571429 0.285714285714286 0.464285714285714
0.409090909090909 0.772727272727273 0.295454545454545 0.704545454545455 0.772727272727273 1.5 1.84090909090909 0.613636363636364 0.568181818181818 0.840909090909091 1.27272727272727 1.65909090909091 1.43181818181818 0.340909090909091 0.25 0.5
0.166666666666667 0.619047619047619 0.30952380952381 0.619047619047619 0.452380952380952 2.04761904761905 1.95238095238095 1 1.0952380952381 0.69047619047619 1 1.5 1.61904761904762 0.0714285714285714 0.0952380952380952 0.19047619047619
0.423076923076923 0.923076923076923 0.730769230769231 0.730769230769231 0.730769230769231 1.65384615384615 1.69230769230769 2.65384615384615 2.61538461538462 0.653846153846154 0.307692307692308 1.34615384615385 1.30769230769231 1.03846153846154 0.692307692307692 1.84615384615385
0 0.2 0.4 0.866666666666667 0.8 1.2 1.06666666666667 1.46666666666667 1.93333333333333 1.26666666666667 1.33333333333333 0.333333333333333 0.266666666666667 0.2 0.4 0.6
0 0.133333333333333 0.0666666666666667 1.26666666666667 1 0.333333333333333 0.2 1.26666666666667 1.53333333333333 1.8 1.4 0.6 0.4 0.0666666666666667 0.133333333333333 0.4
