0.296296296296296 0.37037037037037 0.0740740740740741 0.703703703703704 0.851851851851852 2.66666666666667 1.88888888888889 0.111111111111111 0.111111111111111 0.962962962962963 0.740740740740741 1.74074074074074 1.51851851851852 0.333333333333333 0.444444444444444 0.185185185185185
0.21978021978022 0.692307692307692 0.285714285714286 0.637362637362637 0.593406593406593 2.57142857142857 3.0989010989011 1.59340659340659 1.15384615384615 0.703296703296703 0.89010989010989 1.65934065934066 1.31868131868132 0.175824175824176 0.10989010989011 0.186813186813187
0.232142857142857 0.714285714285714 0.553571428571429 1.01785714285714 0.660714285714286 1.60714285714286 1.83928571428571 1.91071428571429 2.57142857142857 1.35714285714286 0.982142857142857 0.696428571428571 0.660714285714286 0.25 0.303571428571429 0.535714285714286
0.289855072463768 0.898550724637681 0.811594202898551 1.68115942028985 1.49275362318841 1.30434782608696 1.20289855072464 2.26086956521739 2.27536231884058 1.98550724637681 1.49275362318841 0.72463768115942 0.666666666666667 0.304347826086957 0.449275362318841 0.710144927536232
0.696428571428571 1.25 0.446428571428571 2.60714285714286 3.08928571428571 1.89285714285714 2.42857142857143 1.60714285714286 1.39285714285714 2.08928571428571 1.96428571428571 0.910714285714286 1.05357142857143 0.267857142857143 0.125 0.357142857142857
0.945945945945946 1.94594594594595 0.256756756756757 1.16216216216216 1.2027027027027 3.39189189189189 3.05405405405405 0.864864864864865 0.554054054054054 1.47297297297297 1.43243243243243 1.2972972972973 0.932432432432432 0.0945945945945946 0.0945945945945946 0.189189189189189
0.421052631578947 1.17543859649123 1.08771929824561 1.57894736842105 1.29824561403509 5.29824561403509 5 1.85964912280702 1.54385964912281 1.14035087719298 0.982456140350877 1.66666666666667 1.91228070175439 0.456140350877193 0.210526315789474 0.736842105263158
0.563636363636364 1.87272727272727 1.09090909090909 0.654545454545455 0.636363636363636 1.78181818181818 1.6 2.70909090909091 2.52727272727273 0.236363636363636 0.381818181818182 1.54545454545455 1.85454545454545 0.327272727272727 0.236363636363636 0.254545454545455
0.347826086956522 1.42028985507246 1.55072463768116 2.26086956521739 0.971014492753623 1.55072463768116 1.28985507246377 3.30434782608696 3.97101449275362 2.49275362318841 2.34782608695652 0.985507246376812 0.797101449275362 0.985507246376812 0.550724637681159 1.85507246376812
0.183098591549296 0.633802816901408 0.802816901408451 1.88732394366197 1.77464788732394 1.83098591549296 1.59154929577465 1.67605633802817 1.53521126760563 2.69014084507042 2.35211267605634 0.352112676056338 0.197183098591549 0.619718309859155 0.71830985915493 1.25352112676056
0.25 0.392857142857143 0.285714285714286 1.32142857142857 1.30357142857143 2.91071428571429 2.64285714285714 1.55357142857143 1.35714285714286 1.98214285714286 2.14285714285714 1.66071428571429 1.30357142857143 0.321428571428571 0.232142857142857 0.482142857142857
0.204545454545455 0.840909090909091 0.136363636363636 0.318181818181818 0.659090909090909 1.88636363636364 1.72727272727273 0.727272727272727 0.659090909090909 0.590909090909091 0.840909090909091 2 1.84090909090909 0.113636363636364 0.318181818181818 0.659090909090909
0.142857142857143 0.547619047619048 0.404761904761905 0.761904761904762 0.30952380952381 1.35714285714286 1.33333333333333 0.904761904761905 1.04761904761905 0.928571428571429 1.0952380952381 1.76190476190476 1.11904761904762 0.142857142857143 0.0238095238095238 0.166666666666667
0.269230769230769 0.961538461538462 0.807692307692308 1.19230769230769 0.730769230769231 1.23076923076923 2.26923076923077 2.88461538461538 3 0.230769230769231 0.5 0.846153846153846 0.730769230769231 0.961538461538462 0.307692307692308 1.30769230769231
0.266666666666667 1.33333333333333 0.6 1.2 0.533333333333333 0.6 1.06666666666667 1.86666666666667 3.26666666666667 1.13333333333333 1.33333333333333 0.4 0.266666666666667 1.2 1.13333333333333 2
0.2 0.533333333333333 0.133333333333333 1 1.33333333333333 1 0.8 0.533333333333333 0.8 2.33333333333333 2.73333333333333 0.6 0.0666666666666667 0.2 0.266666666666667 0.466666666666667
