0 0.037037037037037 0 0.037037037037037 0.925925925925926 0.555555555555556 0.296296296296296 0 0 0.296296296296296 0.296296296296296 0.185185185185185 0.111111111111111 0 0.037037037037037 0
0 0 0.021978021978022 0 0.153846153846154 0.505494505494505 0.824175824175824 0.285714285714286 0.043956043956044 0.10989010989011 0.0879120879120879 0.10989010989011 0.197802197802198 0.0659340659340659 0 0
0 0 0 0.0357142857142857 0.125 0.0178571428571429 0.464285714285714 0.357142857142857 0.464285714285714 0.428571428571429 0.0892857142857143 0 0.0714285714285714 0.160714285714286 0.0535714285714286 0
0.0289855072463768 0.0289855072463768 0.0434782608695652 0.188405797101449 0.072463768115942 0.130434782608696 0.101449275362319 0.173913043478261 0.695652173913043 0.492753623188406 0.246376811594203 0.0579710144927536 0 0 0.0289855072463768 0.0144927536231884
0.160714285714286 0.267857142857143 0.0357142857142857 0.517857142857143 0.803571428571429 1.39285714285714 1.375 0.125 0.178571428571429 0.214285714285714 0.214285714285714 0.107142857142857 0.125 0 0 0
0.162162162162162 0.445945945945946 0.027027027027027 0.148648648648649 0.472972972972973 0.891891891891892 0.432432432432432 0.0945945945945946 0.0675675675675676 0.135135135135135 0.0675675675675676 0.162162162162162 0.148648648648649 0 0 0
0.0526315789473684 0.543859649122807 0.192982456140351 0.315789473684211 0.280701754385965 1.40350877192982 1.73684210526316 0.228070175438596 0 0.175438596491228 0.0350877192982456 0.0701754385964912 0.105263157894737 0.12280701754386 0 0
0.0545454545454545 0.454545454545455 0.109090909090909 0.0727272727272727 0.163636363636364 0.345454545454545 0.509090909090909 0.381818181818182 0.309090909090909 0.109090909090909 0.127272727272727 0.127272727272727 0.363636363636364 0.0363636363636364 0 0
0 0.144927536231884 0.376811594202899 0.492753623188406 0.0869565217391304 0.521739130434783 0.449275362318841 0.333333333333333 0.492753623188406 0.405797101449275 0.246376811594203 0.130434782608696 0.217391304347826 0.231884057971014 0.217391304347826 0.434782608695652
0.0140845070422535 0 0.197183098591549 0.47887323943662 0.154929577464789 0.154929577464789 0.183098591549296 0.338028169014085 0.422535211267606 0.619718309859155 0.323943661971831 0.0422535211267606 0 0.0140845070422535 0.0704225352112676 0.112676056338028
0.0535714285714286 0.125 0 0.0892857142857143 0.25 0.339285714285714 0 0.125 0.0535714285714286 0.232142857142857 0.464285714285714 0.267857142857143 0.0357142857142857 0 0 0
0.0227272727272727 0.0454545454545455 0 0.0454545454545455 0.0227272727272727 0.181818181818182 0.159090909090909 0.0227272727272727 0 0.0454545454545455 0.318181818181818 0.386363636363636 0.204545454545455 0 0 0.113636363636364
0 0.0952380952380952 0 0 0 0.0714285714285714 0.119047619047619 0.0476190476190476 0.0952380952380952 0 0.166666666666667 0.428571428571429 0.166666666666667 0.0476190476190476 0 0
0 0.0769230769230769 0.153846153846154 0.115384615384615 0 0.115384615384615 0.269230769230769 0.807692307692308 0.230769230769231 0.115384615384615 0.0384615384615385 0 0.192307692307692 0.115384615384615 0 0
0 0.0666666666666667 0.0666666666666667 0.0666666666666667 0.133333333333333 0 0 0.2 0.466666666666667 0.533333333333333 0.4 0 0 0.0666666666666667 0 0
0 0.133333333333333 0 0.133333333333333 0.4 0.133333333333333 0.133333333333333 0.133333333333333 0.4 0.0666666666666667 0.266666666666667 0.133333333333333 0 0 0 0.0666666666666667
