0.148148148148148 0.407407407407407 0.111111111111111 1.40740740740741 1.92592592592593 1.85185185185185 1.51851851851852 0.185185185185185 0.111111111111111 1.25925925925926 1.2962962962963 1.11111111111111 0.888888888888889 0.37037037037037 0.333333333333333 0.555555555555556
0.197183098591549 0.633802816901408 0.436619718309859 0.746478873239437 0.746478873239437 2.57746478873239 3.22535211267606 1.25352112676056 0.943661971830986 0.309859154929577 0.436619718309859 1.3943661971831 1.54929577464789 0.225352112676056 0.0704225352112676 0.169014084507042
0.25 0.789473684210526 0.894736842105263 0.552631578947368 0.486842105263158 1.21052631578947 2.07894736842105 2.11842105263158 2.11842105263158 0.973684210526316 0.684210526315789 0.855263157894737 0.960526315789474 0.328947368421053 0.302631578947368 0.434210526315789
0.159420289855072 0.710144927536232 0.971014492753623 1.44927536231884 1.56521739130435 1.50724637681159 1.28985507246377 2.79710144927536 2.89855072463768 1.44927536231884 1.34782608695652 0.63768115942029 0.492753623188406 0.27536231884058 0.318840579710145 0.72463768115942
0.464285714285714 0.946428571428571 0.857142857142857 1.32142857142857 1.875 2.60714285714286 1.94642857142857 1.10714285714286 1.23214285714286 2.01785714285714 1.98214285714286 1.71428571428571 1.375 0.214285714285714 0.142857142857143 0.357142857142857
0.716216216216216 1.94594594594595 0.5 0.986486486486487 1.27027027027027 3.78378378378378 3.58108108108108 0.878378378378378 0.783783783783784 1.37837837837838 1.44594594594595 1.36486486486486 0.891891891891892 0.148648648648649 0.108108108108108 0.216216216216216
0.43859649122807 1.03508771929825 1.6140350877193 1.3859649122807 0.842105263157895 3.78947368421053 3.84210526315789 1.36842105263158 1.3859649122807 1.10526315789474 1.01754385964912 1.68421052631579 1.40350877192982 0.350877192982456 0.298245614035088 0.719298245614035
0.418181818181818 1.2 1.76363636363636 1 0.763636363636364 2.14545454545455 1.65454545454545 2.43636363636364 2.32727272727273 0.472727272727273 0.345454545454545 1.41818181818182 1.29090909090909 0.163636363636364 0.0727272727272727 0.218181818181818
0.594202898550725 1.3768115942029 2.63768115942029 1.89855072463768 1.14492753623188 1.71014492753623 1.50724637681159 3.11594202898551 2.79710144927536 1.34782608695652 1.52173913043478 1.04347826086957 0.797101449275362 0.797101449275362 0.768115942028985 1.31884057971015
0.507042253521127 1.11267605633803 1.74647887323944 2.80281690140845 1.98591549295775 2.3943661971831 2.71830985915493 2.87323943661972 3.53521126760563 3.43661971830986 3.28169014084507 1.02816901408451 1 0.774647887323944 0.943661971830986 1.52112676056338
0.196428571428571 0.607142857142857 0.428571428571429 1.48214285714286 1.64285714285714 1.85714285714286 1.57142857142857 1.75 1.44642857142857 2.25 2.60714285714286 1.32142857142857 1.35714285714286 0.392857142857143 0.107142857142857 0.589285714285714
0.227272727272727 0.522727272727273 0.25 0.590909090909091 0.568181818181818 1.95454545454545 1.84090909090909 0.977272727272727 0.613636363636364 0.863636363636364 1.31818181818182 1.77272727272727 1.25 0.181818181818182 0.113636363636364 0.454545454545455
0.19047619047619 0.404761904761905 0.738095238095238 0.619047619047619 0.5 1.92857142857143 1.5 1.35714285714286 1.0952380952381 0.80952380952381 1.0952380952381 1.80952380952381 1.47619047619048 0.166666666666667 0.119047619047619 0.238095238095238
0.230769230769231 0.5 0.615384615384615 0.846153846153846 0.230769230769231 1.07692307692308 1.73076923076923 1.57692307692308 1.69230769230769 0.384615384615385 0.346153846153846 0.5 0.423076923076923 0.461538461538462 0.230769230769231 0.269230769230769
0 0.2 0.333333333333333 1.46666666666667 1.06666666666667 0.533333333333333 0.6 0.733333333333333 1.06666666666667 2.33333333333333 2.2 0.333333333333333 0.133333333333333 0.2 0.0666666666666667 0.2
0.2 0.333333333333333 0.466666666666667 0.866666666666667 1.33333333333333 0.733333333333333 0.866666666666667 1.06666666666667 1.06666666666667 2.26666666666667 1.53333333333333 0.6 0.6 0.0666666666666667 0 0.266666666666667
