0.111111111111111 0.37037037037037 0.111111111111111 0.925925925925926 1.85185185185185 2.11111111111111 0.888888888888889 0.222222222222222 0.296296296296296 1.44444444444444 0.962962962962963 1.11111111111111 0.555555555555556 0.444444444444444 0.259259259259259 0.37037037037037
0.0985915492957746 0.563380281690141 0.295774647887324 0.450704225352113 0.549295774647887 2.57746478873239 2.67605633802817 1.36619718309859 0.971830985915493 0.633802816901408 0.732394366197183 1.32394366197183 1.59154929577465 0.183098591549296 0.154929577464789 0.169014084507042
0.421052631578947 0.75 1.07894736842105 1.11842105263158 0.947368421052632 2.32894736842105 2.69736842105263 2.31578947368421 1.78947368421053 0.907894736842105 0.763157894736842 0.657894736842105 0.776315789473684 0.210526315789474 0.184210526315789 0.368421052631579
0.115942028985507 0.536231884057971 0.710144927536232 1.63768115942029 1.65217391304348 1.18840579710145 1.60869565217391 1.94202898550725 2.10144927536232 1.79710144927536 1.55072463768116 0.840579710144927 0.594202898550725 0.318840579710145 0.246376811594203 0.492753623188406
0.428571428571429 1.03571428571429 0.642857142857143 2.55357142857143 2.85714285714286 1.94642857142857 1.875 1.33928571428571 1.30357142857143 1.78571428571429 1.83928571428571 1.10714285714286 0.839285714285714 0.285714285714286 0.267857142857143 0.375
0.824324324324324 2.04054054054054 0.432432432432432 1.17567567567568 1.32432432432432 3.43243243243243 3.31081081081081 0.635135135135135 0.72972972972973 1.25675675675676 1.2027027027027 1.08108108108108 1.09459459459459 0.162162162162162 0.162162162162162 0.202702702702703
0.526315789473684 1.01754385964912 1.64912280701754 1.35087719298246 0.87719298245614 3.59649122807018 3.87719298245614 1.15789473684211 0.947368421052632 1.10526315789474 1.21052631578947 1.3859649122807 1.50877192982456 0.228070175438596 0.263157894736842 0.631578947368421
0.472727272727273 1.16363636363636 1.21818181818182 0.836363636363636 0.727272727272727 1.52727272727273 1.54545454545455 2.67272727272727 2.29090909090909 0.418181818181818 0.327272727272727 1.01818181818182 0.890909090909091 0.2 0.181818181818182 0.418181818181818
0.376811594202899 1.07246376811594 2.76811594202899 1.8695652173913 1.14492753623188 1.30434782608696 1.78260869565217 3.2463768115942 3.59420289855072 1.21739130434783 1.17391304347826 0.927536231884058 0.63768115942029 0.594202898550725 0.608695652173913 1.68115942028985
0.154929577464789 0.873239436619718 1.52112676056338 2.32394366197183 1.74647887323944 1.85915492957746 1.87323943661972 2.36619718309859 2.76056338028169 3.30985915492958 3.22535211267606 0.661971830985915 0.436619718309859 0.661971830985915 0.591549295774648 1.47887323943662
0.285714285714286 0.446428571428571 0.25 1.625 1.48214285714286 2.21428571428571 2 1.33928571428571 1.96428571428571 2.76785714285714 2.375 1.48214285714286 1.625 0.25 0.142857142857143 0.464285714285714
0.272727272727273 0.977272727272727 0.568181818181818 0.75 0.977272727272727 1.90909090909091 1.81818181818182 0.863636363636364 0.590909090909091 1.36363636363636 1.54545454545455 1.95454545454545 1.77272727272727 0.272727272727273 0.295454545454545 0.727272727272727
0.0952380952380952 0.547619047619048 0.666666666666667 0.523809523809524 0.261904761904762 1.57142857142857 1.88095238095238 0.833333333333333 0.80952380952381 0.714285714285714 0.904761904761905 1.88095238095238 1.5 0.333333333333333 0.166666666666667 0.404761904761905
0.153846153846154 0.346153846153846 1.19230769230769 1.11538461538462 0.730769230769231 1.03846153846154 0.846153846153846 1.96153846153846 2.42307692307692 0.884615384615385 0.807692307692308 0.884615384615385 0.846153846153846 0.769230769230769 0.346153846153846 0.884615384615385
0.133333333333333 0.533333333333333 0.733333333333333 0.933333333333333 1.53333333333333 0.866666666666667 0.733333333333333 1.73333333333333 1.73333333333333 1.93333333333333 2.66666666666667 0 0.133333333333333 0.333333333333333 0.533333333333333 1.6
0.2 0.333333333333333 0.266666666666667 1.13333333333333 0.933333333333333 1 1 0.8 0.933333333333333 3.8 4.4 0.6 0.6 0.6 0.733333333333333 1.2
