0 0 0 0 1.03703703703704 0.481481481481481 0.37037037037037 0 0 0.185185185185185 0.259259259259259 0.111111111111111 0.037037037037037 0 0 0
0 0.0769230769230769 0 0.032967032967033 0.230769230769231 0.428571428571429 0.736263736263736 0.230769230769231 0.021978021978022 0.0769230769230769 0.10989010989011 0.153846153846154 0.142857142857143 0.0549450549450549 0.032967032967033 0
0 0 0 0.0178571428571429 0.0892857142857143 0.0178571428571429 0.5 0.339285714285714 0.339285714285714 0.482142857142857 0.142857142857143 0 0.232142857142857 0.107142857142857 0.0535714285714286 0
0.101449275362319 0.0434782608695652 0 0.159420289855072 0.101449275362319 0.130434782608696 0.0144927536231884 0.289855072463768 0.492753623188406 0.434782608695652 0.347826086956522 0.0289855072463768 0 0 0.130434782608696 0.0289855072463768
0.0892857142857143 0.196428571428571 0 0.142857142857143 0.321428571428571 0.375 0.125 0.0357142857142857 0.142857142857143 0.214285714285714 0.339285714285714 0.0535714285714286 0.0178571428571429 0 0 0
0.324324324324324 0.391891891891892 0.0675675675675676 0.0540540540540541 0.364864864864865 0.72972972972973 0.310810810810811 0.108108108108108 0.0810810810810811 0.148648648648649 0.121621621621622 0.162162162162162 0.0945945945945946 0 0 0
0.140350877192982 0.473684210526316 0.192982456140351 0.105263157894737 0.140350877192982 0.807017543859649 1.40350877192982 0.087719298245614 0 0.087719298245614 0.0350877192982456 0.0350877192982456 0.0526315789473684 0.105263157894737 0.0350877192982456 0
0.0727272727272727 0.363636363636364 0.181818181818182 0.0909090909090909 0.272727272727273 0.2 0.4 0.363636363636364 0.345454545454545 0.109090909090909 0 0.0363636363636364 0.163636363636364 0.0363636363636364 0.109090909090909 0.0363636363636364
0 0.115942028985507 0.304347826086957 0.434782608695652 0.0579710144927536 0.202898550724638 0.144927536231884 0.144927536231884 0.623188405797101 0.260869565217391 0.130434782608696 0.0289855072463768 0.072463768115942 0.0869565217391304 0.173913043478261 0.420289855072464
0.0140845070422535 0 0.126760563380282 0.436619718309859 0.211267605633803 0.352112676056338 0.225352112676056 0.295774647887324 0.352112676056338 0.47887323943662 0.253521126760563 0.0563380281690141 0 0.028169014084507 0.0563380281690141 0.126760563380282
0.0357142857142857 0.0714285714285714 0 0.0892857142857143 0.178571428571429 0.428571428571429 0 0.160714285714286 0.0178571428571429 0.214285714285714 0.428571428571429 0.303571428571429 0.0535714285714286 0 0 0
0 0.0681818181818182 0 0.0227272727272727 0.113636363636364 0.409090909090909 0.0681818181818182 0 0.0227272727272727 0.0454545454545455 0.295454545454545 0.568181818181818 0.0909090909090909 0 0 0.0681818181818182
0 0.119047619047619 0 0 0 0.0952380952380952 0.142857142857143 0.238095238095238 0.0476190476190476 0 0.142857142857143 0.404761904761905 0.238095238095238 0 0 0
0.0769230769230769 0.0769230769230769 0.0769230769230769 0.192307692307692 0.115384615384615 0.0769230769230769 0.384615384615385 0.423076923076923 0.384615384615385 0.230769230769231 0.0769230769230769 0 0.0769230769230769 0.346153846153846 0 0
0 0 0.0666666666666667 0.0666666666666667 0.2 0 0 0.4 0.266666666666667 0.933333333333333 0.333333333333333 0 0 0.0666666666666667 0 0
0 0.0666666666666667 0 0.533333333333333 0.266666666666667 0.0666666666666667 0.0666666666666667 0.266666666666667 0.533333333333333 0.266666666666667 0 0.0666666666666667 0 0 0 0.0666666666666667
