0 0.037037037037037 0 0.037037037037037 0.777777777777778 0.703703703703704 0.259259259259259 0 0 0.222222222222222 0.222222222222222 0.185185185185185 0.111111111111111 0 0.037037037037037 0
0 0.032967032967033 0.010989010989011 0.0659340659340659 0.153846153846154 0.428571428571429 0.659340659340659 0.32967032967033 0.0659340659340659 0.0879120879120879 0.0769230769230769 0.120879120879121 0.10989010989011 0.0659340659340659 0 0
0 0 0 0.0178571428571429 0.0357142857142857 0.0714285714285714 0.303571428571429 0.482142857142857 0.607142857142857 0.25 0.0535714285714286 0 0.267857142857143 0.0535714285714286 0.0714285714285714 0
0.0144927536231884 0.0144927536231884 0 0.231884057971014 0.0869565217391304 0.072463768115942 0.0289855072463768 0.318840579710145 0.579710144927536 0.478260869565217 0.144927536231884 0.0869565217391304 0 0 0.101449275362319 0
0.125 0.303571428571429 0.0535714285714286 1.28571428571429 1.32142857142857 0.821428571428571 0.892857142857143 0.107142857142857 0.232142857142857 0.196428571428571 0.178571428571429 0.0714285714285714 0.107142857142857 0 0 0
0.121621621621622 0.405405405405405 0.0405405405405405 0.0810810810810811 0.472972972972973 0.378378378378378 0.432432432432432 0.0945945945945946 0.108108108108108 0.108108108108108 0.027027027027027 0.283783783783784 0.0405405405405405 0 0 0
0.105263157894737 0.491228070175439 0.157894736842105 0.43859649122807 0.140350877192982 0.385964912280702 0.578947368421053 0.175438596491228 0 0.175438596491228 0.210526315789474 0.087719298245614 0.12280701754386 0.12280701754386 0.0175438596491228 0
0.0181818181818182 0.327272727272727 0.272727272727273 0.2 0.327272727272727 0.145454545454545 0.454545454545455 0.381818181818182 0.272727272727273 0.0363636363636364 0 0.0363636363636364 0.254545454545455 0.0909090909090909 0.0545454545454545 0.0363636363636364
0 0.101449275362319 0.550724637681159 0.260869565217391 0.188405797101449 0.188405797101449 0.27536231884058 0.202898550724638 0.550724637681159 0.434782608695652 0.304347826086957 0.0579710144927536 0.144927536231884 0.36231884057971 0.376811594202899 0.565217391304348
0.0140845070422535 0 0.140845070422535 0.492957746478873 0.169014084507042 0.380281690140845 0.211267605633803 0.225352112676056 0.380281690140845 0.563380281690141 0.23943661971831 0.0140845070422535 0.0140845070422535 0.0422535211267606 0.183098591549296 0.0704225352112676
0.0178571428571429 0.0892857142857143 0 0.125 0.196428571428571 0.285714285714286 0.0178571428571429 0.125 0.0535714285714286 0.125 0.357142857142857 0.857142857142857 0.142857142857143 0 0 0
0 0.113636363636364 0 0.0227272727272727 0.113636363636364 0.227272727272727 0.181818181818182 0.0681818181818182 0.0227272727272727 0 0.386363636363636 0.5 0.136363636363636 0 0 0.136363636363636
0 0.142857142857143 0 0 0 0.0476190476190476 0.0952380952380952 0.0952380952380952 0.0952380952380952 0 0.142857142857143 0.404761904761905 0.214285714285714 0.0238095238095238 0 0
0 0.192307692307692 0.115384615384615 0.192307692307692 0 0.115384615384615 0.538461538461538 0.576923076923077 0.230769230769231 0.115384615384615 0 0 0.0384615384615385 0.269230769230769 0 0
0 0.133333333333333 0 0.133333333333333 0.2 0 0 0.0666666666666667 0.4 0.4 0.533333333333333 0 0 0.133333333333333 0.0666666666666667 0
0 0.2 0 0.2 0.4 0.2 0.2 0.133333333333333 0.266666666666667 0.266666666666667 0 0.133333333333333 0 0 0 0.133333333333333
