0.222222222222222 0.481481481481481 0.0740740740740741 1.48148148148148 2.14814814814815 1.7037037037037 1.22222222222222 0.333333333333333 0.222222222222222 1.7037037037037 1.59259259259259 1.11111111111111 0.62962962962963 0.37037037037037 0.333333333333333 0.592592592592593
0.252747252747253 0.615384615384615 0.21978021978022 0.868131868131868 0.846153846153846 2.69230769230769 3.02197802197802 0.725274725274725 0.604395604395604 0.571428571428571 0.648351648351648 1.14285714285714 1.25274725274725 0.142857142857143 0.142857142857143 0.285714285714286
0.0535714285714286 0.660714285714286 0.714285714285714 0.767857142857143 0.571428571428571 0.875 1.14285714285714 2.83928571428571 2.625 1.19642857142857 0.839285714285714 0.339285714285714 0.714285714285714 0.464285714285714 0.464285714285714 0.857142857142857
0.217391304347826 0.840579710144927 0.840579710144927 1.71014492753623 1.89855072463768 1.88405797101449 1.52173913043478 2.07246376811594 2.08695652173913 1.78260869565217 1.47826086956522 0.536231884057971 0.681159420289855 0.260869565217391 0.289855072463768 0.478260869565217
0.535714285714286 1.28571428571429 0.553571428571429 1.92857142857143 2.39285714285714 2.30357142857143 2.33928571428571 1.17857142857143 1.625 2.05357142857143 1.78571428571429 0.982142857142857 0.982142857142857 0.482142857142857 0.196428571428571 0.339285714285714
0.891891891891892 2.05405405405405 0.310810810810811 1.31081081081081 1.32432432432432 3.68918918918919 3.27027027027027 0.581081081081081 0.635135135135135 1.63513513513514 1.62162162162162 1.33783783783784 1.02702702702703 0.108108108108108 0.0945945945945946 0.189189189189189
0.298245614035088 1.49122807017544 0.982456140350877 0.982456140350877 0.771929824561403 2.56140350877193 3.68421052631579 1.52631578947368 1.49122807017544 0.684210526315789 1.10526315789474 1.68421052631579 1.3859649122807 0.526315789473684 0.263157894736842 0.719298245614035
0.418181818181818 1.58181818181818 0.890909090909091 0.927272727272727 0.563636363636364 1.72727272727273 1.32727272727273 2.50909090909091 1.67272727272727 0.454545454545455 0.363636363636364 1.12727272727273 1.56363636363636 0.254545454545455 0.0727272727272727 0.254545454545455
0.246376811594203 1.10144927536232 1.76811594202899 1.91304347826087 1.21739130434783 1.10144927536232 1.44927536231884 2.92753623188406 3.23188405797101 2.20289855072464 2.04347826086957 0.681159420289855 0.855072463768116 0.666666666666667 0.782608695652174 1.8695652173913
0.295774647887324 0.859154929577465 0.704225352112676 2.33802816901408 1.98591549295775 2 1.90140845070423 2.16901408450704 2.61971830985915 2.16901408450704 2.09859154929577 0.436619718309859 0.23943661971831 0.366197183098592 0.507042253521127 1.11267605633803
0.0892857142857143 0.482142857142857 0.285714285714286 1.46428571428571 1.05357142857143 3.14285714285714 2.48214285714286 1.58928571428571 1.60714285714286 2.57142857142857 2.80357142857143 1.85714285714286 2.16071428571429 0.357142857142857 0.196428571428571 0.482142857142857
0.227272727272727 0.340909090909091 0.0227272727272727 0.522727272727273 0.613636363636364 1.54545454545455 1.54545454545455 0.5 0.545454545454545 0.75 0.931818181818182 1.56818181818182 1.38636363636364 0.113636363636364 0.0681818181818182 0.181818181818182
0.19047619047619 0.547619047619048 0.571428571428571 0.642857142857143 0.261904761904762 2.0952380952381 1.85714285714286 0.761904761904762 0.857142857142857 0.785714285714286 0.928571428571429 1.78571428571429 1.92857142857143 0.0476190476190476 0.0238095238095238 0.119047619047619
0.115384615384615 0.538461538461538 0.461538461538462 0.538461538461538 0.461538461538462 1.15384615384615 2.26923076923077 3.19230769230769 2.30769230769231 0.346153846153846 0.884615384615385 1.30769230769231 1.03846153846154 0.653846153846154 0.5 1
0.2 1 1.13333333333333 1.2 1.2 0.6 1.53333333333333 2.33333333333333 2.33333333333333 1.06666666666667 1.46666666666667 0.333333333333333 0.266666666666667 0.466666666666667 0.466666666666667 0.866666666666667
0 0.133333333333333 0 0.2 0.533333333333333 0.333333333333333 0.8 1.13333333333333 1 3.2 2.26666666666667 0.333333333333333 0.266666666666667 0.333333333333333 0.0666666666666667 0.666666666666667
