0 0 0 0.0740740740740741 0.703703703703704 0.62962962962963 0.148148148148148 0 0 0.259259259259259 0.185185185185185 0.37037037037037 0.222222222222222 0 0.0740740740740741 0
0 0.043956043956044 0.021978021978022 0.021978021978022 0.186813186813187 0.549450549450549 0.593406593406593 0.428571428571429 0.032967032967033 0.021978021978022 0.120879120879121 0.120879120879121 0.142857142857143 0.021978021978022 0.010989010989011 0
0 0 0 0 0.0535714285714286 0.0535714285714286 0.339285714285714 0.321428571428571 0.642857142857143 0.375 0.160714285714286 0 0.142857142857143 0.0892857142857143 0.0535714285714286 0
0.0144927536231884 0.0579710144927536 0.0289855072463768 0.217391304347826 0.115942028985507 0.0579710144927536 0.072463768115942 0.318840579710145 0.884057971014493 0.260869565217391 0.159420289855072 0.101449275362319 0 0 0.0144927536231884 0.072463768115942
0.142857142857143 0.196428571428571 0.0178571428571429 0.339285714285714 0.803571428571429 0.982142857142857 0.464285714285714 0.232142857142857 0.142857142857143 0.232142857142857 0.339285714285714 0.160714285714286 0.107142857142857 0 0 0
0.162162162162162 0.432432432432432 0.0540540540540541 0.108108108108108 0.378378378378378 0.621621621621622 0.391891891891892 0.027027027027027 0.0675675675675676 0.121621621621622 0.0405405405405405 0.243243243243243 0.108108108108108 0 0 0
0.0701754385964912 0.473684210526316 0.192982456140351 0.157894736842105 0.157894736842105 1.42105263157895 1.33333333333333 0.192982456140351 0 0.0175438596491228 0.0350877192982456 0.12280701754386 0.0526315789473684 0.12280701754386 0.0701754385964912 0
0.0181818181818182 0.236363636363636 0.272727272727273 0.127272727272727 0.472727272727273 0.309090909090909 0.509090909090909 0.345454545454545 0.163636363636364 0.0181818181818182 0 0.0545454545454545 0.236363636363636 0.0545454545454545 0.0363636363636364 0
0 0.130434782608696 0.347826086956522 0.521739130434783 0.159420289855072 0.304347826086957 0.376811594202899 0.289855072463768 0.507246376811594 0.260869565217391 0.072463768115942 0.072463768115942 0.188405797101449 0.115942028985507 0.0434782608695652 0.202898550724638
0.0140845070422535 0.0140845070422535 0.183098591549296 0.394366197183099 0.169014084507042 0.140845070422535 0.0985915492957746 0.211267605633803 0.28169014084507 0.464788732394366 0.394366197183099 0.0563380281690141 0 0.0563380281690141 0.0845070422535211 0.0563380281690141
0.0357142857142857 0.0714285714285714 0 0.0535714285714286 0.285714285714286 0.303571428571429 0.0178571428571429 0.0892857142857143 0.0714285714285714 0.232142857142857 0.428571428571429 0.339285714285714 0.0892857142857143 0 0 0
0.0681818181818182 0.0454545454545455 0 0.0227272727272727 0.136363636363636 0.136363636363636 0.159090909090909 0.0454545454545455 0 0.0227272727272727 0.363636363636364 0.318181818181818 0.25 0 0 0.0681818181818182
0 0.0476190476190476 0 0 0 0.0476190476190476 0.166666666666667 0.0952380952380952 0.0476190476190476 0 0.0952380952380952 0.428571428571429 0.380952380952381 0.0476190476190476 0 0
0 0.115384615384615 0.0384615384615385 0.192307692307692 0.0769230769230769 0.0384615384615385 0.346153846153846 0.307692307692308 0.423076923076923 0.269230769230769 0.0769230769230769 0.192307692307692 0.230769230769231 0.192307692307692 0.0384615384615385 0
0 0.266666666666667 0.266666666666667 0 0.2 0 0.466666666666667 0.133333333333333 0.2 0.133333333333333 0.6 0 0 0 0 0
0 0.2 0 0.333333333333333 0.266666666666667 0.2 0.2 0.0666666666666667 0.466666666666667 0.2 0.266666666666667 0.133333333333333 0 0 0 0.0666666666666667
