0.222222222222222 0.703703703703704 0.148148148148148 1.11111111111111 2.07407407407407 2.33333333333333 2.18518518518519 0.37037037037037 0.148148148148148 0.888888888888889 1.37037037037037 0.740740740740741 0.703703703703704 0.222222222222222 0.407407407407407 0.481481481481481
0.28169014084507 0.563380281690141 0.450704225352113 0.943661971830986 1.08450704225352 3.07042253521127 2.91549295774648 1.16901408450704 0.802816901408451 1.07042253521127 0.647887323943662 1.45070422535211 1.33802816901408 0.126760563380282 0.197183098591549 0.197183098591549
0.276315789473684 0.592105263157895 0.81578947368421 0.776315789473684 0.56578947368421 1.76315789473684 1.88157894736842 2.27631578947368 2.06578947368421 0.81578947368421 0.81578947368421 0.81578947368421 0.868421052631579 0.394736842105263 0.381578947368421 0.539473684210526
0.217391304347826 0.478260869565217 0.884057971014493 1.34782608695652 1.04347826086956 1.53623188405797 1.42028985507246 1.97101449275362 1.88405797101449 1.8695652173913 1.59420289855072 0.739130434782609 0.72463768115942 0.231884057971014 0.27536231884058 0.565217391304348
0.482142857142857 1.60714285714286 0.464285714285714 1.53571428571429 1.83928571428571 1.57142857142857 1.41071428571429 1.23214285714286 1.03571428571429 1.71428571428571 1.76785714285714 0.857142857142857 0.678571428571428 0.357142857142857 0.267857142857143 0.410714285714286
0.891891891891892 2.27027027027027 0.648648648648649 1.25675675675676 1.40540540540541 3.55405405405405 2.82432432432432 1.27027027027027 0.77027027027027 1.64864864864865 1.63513513513513 1.10810810810811 0.959459459459459 0.108108108108108 0.0675675675675676 0.216216216216216
0.421052631578947 1.17543859649123 1.43859649122807 0.771929824561403 0.789473684210526 3.29824561403509 3.91228070175439 0.947368421052631 0.87719298245614 0.631578947368421 0.649122807017544 1.2280701754386 1.24561403508772 0.192982456140351 0.140350877192982 0.31578947368421
0.363636363636364 0.963636363636364 1.12727272727273 0.8 0.890909090909091 1.83636363636364 1.94545454545455 2.52727272727273 2.18181818181818 0.454545454545454 0.527272727272727 1.10909090909091 1.6 0.309090909090909 0.163636363636364 0.4
0.420289855072464 1.46376811594203 2.34782608695652 2.21739130434783 1.47826086956522 1.47826086956522 1.42028985507246 3.05797101449275 3.63768115942029 2.21739130434783 1.94202898550725 1.20289855072464 1.08695652173913 0.811594202898551 0.884057971014493 1.94202898550725
0.295774647887324 0.690140845070422 1.38028169014084 2.32394366197183 1.64788732394366 1.3943661971831 1.30985915492958 1.73239436619718 1.77464788732394 3.30985915492958 2.70422535211268 0.549295774647887 0.450704225352113 0.732394366197183 0.605633802816901 1.6056338028169
0.482142857142857 0.464285714285714 0.339285714285714 1.44642857142857 1.48214285714286 2.42857142857143 2.35714285714286 1.58928571428571 1.64285714285714 2.73214285714286 2.64285714285714 1.66071428571429 1.10714285714286 0.285714285714286 0.178571428571429 0.357142857142857
0.386363636363636 0.363636363636364 0.272727272727273 0.636363636363636 0.818181818181818 1.81818181818182 1.84090909090909 0.568181818181818 0.727272727272727 0.568181818181818 0.886363636363636 2.29545454545454 1.59090909090909 0.25 0.204545454545455 0.409090909090909
0.166666666666667 0.404761904761905 0.69047619047619 0.476190476190476 0.380952380952381 1.9047619047619 2.28571428571429 0.619047619047619 0.738095238095238 0.976190476190476 1.19047619047619 1.76190476190476 1.80952380952381 0.19047619047619 0.119047619047619 0.19047619047619
0.153846153846154 0.230769230769231 1.30769230769231 0.769230769230769 0.153846153846154 1.30769230769231 1.38461538461538 2.26923076923077 3 0.423076923076923 0.230769230769231 0.730769230769231 0.538461538461538 0.423076923076923 0.384615384615385 0.615384615384615
0.133333333333333 0.4 1.33333333333333 1.53333333333333 0.933333333333333 0.866666666666667 1.4 2.26666666666667 2.86666666666667 1.13333333333333 1 0.266666666666667 0.4 0.533333333333333 0.266666666666667 0.866666666666667
0.0666666666666667 0.666666666666667 0.2 1.46666666666667 1.26666666666667 0.866666666666667 1 1.06666666666667 1.06666666666667 3.2 2.73333333333333 0.6 0.533333333333333 0.4 0.133333333333333 0.933333333333333
