0.111111111111111 0.296296296296296 0.0740740740740741 1.55555555555556 1.85185185185185 1.59259259259259 1.25925925925926 0.037037037037037 0.111111111111111 1.51851851851852 1.03703703703704 1.66666666666667 1.48148148148148 0.222222222222222 0.333333333333333 0.296296296296296
0.267605633802817 0.661971830985915 0.394366197183099 0.929577464788732 0.957746478873239 2.85915492957746 3.15492957746479 1.14084507042254 0.943661971830986 0.591549295774648 0.901408450704225 1.05633802816901 1.29577464788732 0.211267605633803 0.154929577464789 0.211267605633803
0.210526315789474 0.578947368421053 0.828947368421053 0.447368421052632 0.407894736842105 1.53947368421053 1.71052631578947 1.80263157894737 2.32894736842105 0.644736842105263 0.828947368421053 1.11842105263158 1.05263157894737 0.328947368421053 0.263157894736842 0.315789473684211
0.246376811594203 0.681159420289855 1 1.65217391304348 1.33333333333333 1.20289855072464 1.46376811594203 2.36231884057971 2.66666666666667 1.63768115942029 1.31884057971015 0.623188405797101 0.536231884057971 0.173913043478261 0.304347826086957 0.434782608695652
0.589285714285714 1.33928571428571 0.482142857142857 3.19642857142857 3.25 2.17857142857143 1.82142857142857 1.26785714285714 1.39285714285714 2.01785714285714 1.39285714285714 0.803571428571429 0.607142857142857 0.107142857142857 0.107142857142857 0.285714285714286
0.72972972972973 2.04054054054054 0.459459459459459 1.08108108108108 1.36486486486486 2.87837837837838 2.81081081081081 0.945945945945946 0.662162162162162 1.35135135135135 1.44594594594595 1.33783783783784 1.04054054054054 0.121621621621622 0.216216216216216 0.324324324324324
0.298245614035088 1.36842105263158 1 1.01754385964912 0.43859649122807 4.94736842105263 4.52631578947368 1.17543859649123 0.771929824561403 1.19298245614035 1.03508771929825 1.56140350877193 1.42105263157895 0.333333333333333 0.315789473684211 0.526315789473684
0.363636363636364 1.16363636363636 1.07272727272727 0.927272727272727 0.545454545454545 1.16363636363636 1.21818181818182 3.18181818181818 2.41818181818182 0.490909090909091 0.290909090909091 0.981818181818182 1.27272727272727 0.272727272727273 0.272727272727273 0.4
0.333333333333333 0.695652173913043 2.28985507246377 1.82608695652174 0.898550724637681 1.39130434782609 1.50724637681159 3.05797101449275 2.98550724637681 1.10144927536232 1.27536231884058 0.884057971014493 0.884057971014493 0.507246376811594 0.536231884057971 1.28985507246377
0.661971830985915 1.2112676056338 1.73239436619718 2.66197183098592 2.36619718309859 2.29577464788732 2.1830985915493 2.33802816901408 2.45070422535211 3.80281690140845 3.07042253521127 0.887323943661972 0.661971830985915 1.02816901408451 1.02816901408451 2.12676056338028
0.339285714285714 0.392857142857143 0.160714285714286 1.33928571428571 1.51785714285714 1.91071428571429 2.19642857142857 1.125 1.01785714285714 2.98214285714286 2.35714285714286 1.83928571428571 1.48214285714286 0.267857142857143 0.196428571428571 0.428571428571429
0.272727272727273 0.659090909090909 0.590909090909091 1.09090909090909 0.772727272727273 1.75 1.88636363636364 0.840909090909091 0.795454545454545 0.931818181818182 1.20454545454545 1.65909090909091 1.36363636363636 0.204545454545455 0.113636363636364 0.409090909090909
0.19047619047619 0.333333333333333 0.833333333333333 0.547619047619048 0.30952380952381 1.57142857142857 2.23809523809524 1.26190476190476 0.976190476190476 0.80952380952381 0.69047619047619 1.78571428571429 2.04761904761905 0.119047619047619 0.0238095238095238 0.0238095238095238
0.0384615384615385 0.230769230769231 0.961538461538462 0.923076923076923 0.269230769230769 0.615384615384615 1.15384615384615 2.19230769230769 2.15384615384615 0.461538461538462 0.384615384615385 0.423076923076923 0.269230769230769 0.307692307692308 0.230769230769231 0.346153846153846
0.4 0.266666666666667 1.13333333333333 0.6 0.4 1 1.33333333333333 2.06666666666667 1.86666666666667 0.333333333333333 0.8 0.133333333333333 0.266666666666667 1 0.6 0.933333333333333
0.2 0.6 0.266666666666667 1.66666666666667 1.33333333333333 0.866666666666667 0.8 0.666666666666667 1.06666666666667 2.6 2.8 0.533333333333333 0.2 0.2 0.333333333333333 0.0666666666666667
