0 0 0 0.111111111111111 0.925925925925926 0.592592592592593 0.185185185185185 0 0 0.37037037037037 0.148148148148148 0.222222222222222 0.0740740740740741 0 0.111111111111111 0
0 0.0769230769230769 0 0.010989010989011 0.164835164835165 0.395604395604396 0.813186813186813 0.318681318681319 0.0769230769230769 0.0769230769230769 0.142857142857143 0.10989010989011 0.142857142857143 0.010989010989011 0 0
0 0 0 0.0178571428571429 0.107142857142857 0.0178571428571429 0.267857142857143 0.464285714285714 0.589285714285714 0.375 0.107142857142857 0 0.160714285714286 0.196428571428571 0.0535714285714286 0
0.0289855072463768 0.0144927536231884 0.0144927536231884 0.173913043478261 0.144927536231884 0.173913043478261 0.0289855072463768 0.27536231884058 0.681159420289855 0.405797101449275 0.246376811594203 0.0289855072463768 0 0.0144927536231884 0.0434782608695652 0.0434782608695652
0.214285714285714 0.285714285714286 0.0357142857142857 0.142857142857143 0.517857142857143 0.767857142857143 1.07142857142857 0.321428571428571 0.285714285714286 0.303571428571429 0.267857142857143 0.196428571428571 0.0892857142857143 0 0 0
0.189189189189189 0.27027027027027 0.0540540540540541 0.108108108108108 0.364864864864865 0.72972972972973 0.297297297297297 0.0135135135135135 0.0540540540540541 0.148648648648649 0.0675675675675676 0.243243243243243 0.0405405405405405 0 0 0
0.12280701754386 0.526315789473684 0.210526315789474 0.087719298245614 0.105263157894737 0.912280701754386 1.2280701754386 0.105263157894737 0 0.0175438596491228 0.0701754385964912 0.0350877192982456 0.175438596491228 0.157894736842105 0 0
0.0727272727272727 0.454545454545455 0.109090909090909 0.236363636363636 0.0909090909090909 0.272727272727273 0.327272727272727 0.4 0.218181818181818 0.0545454545454545 0.0727272727272727 0.0545454545454545 0.0909090909090909 0.0545454545454545 0.0545454545454545 0.0727272727272727
0 0.144927536231884 0.434782608695652 0.347826086956522 0.144927536231884 0.217391304347826 0.289855072463768 0.202898550724638 0.579710144927536 0.434782608695652 0.391304347826087 0.0434782608695652 0.347826086956522 0.304347826086957 0.188405797101449 0.63768115942029
0.0140845070422535 0.0140845070422535 0.225352112676056 0.338028169014085 0.140845070422535 0.140845070422535 0.183098591549296 0.295774647887324 0.464788732394366 0.619718309859155 0.28169014084507 0.0140845070422535 0.0140845070422535 0.0422535211267606 0.028169014084507 0.154929577464789
0.0714285714285714 0.0357142857142857 0 0.0892857142857143 0.375 0.410714285714286 0 0.178571428571429 0.0357142857142857 0.196428571428571 0.375 0.553571428571429 0.0535714285714286 0 0 0
0.0227272727272727 0.0909090909090909 0 0.0227272727272727 0.136363636363636 0.159090909090909 0.136363636363636 0.0454545454545455 0 0.0681818181818182 0.272727272727273 0.568181818181818 0.113636363636364 0 0 0.0909090909090909
0 0.0714285714285714 0 0 0 0.0238095238095238 0.0714285714285714 0.19047619047619 0.142857142857143 0 0.142857142857143 0.404761904761905 0.285714285714286 0.0238095238095238 0 0
0 0 0.115384615384615 0.153846153846154 0.153846153846154 0.0769230769230769 0.461538461538462 0.230769230769231 0.269230769230769 0.230769230769231 0.115384615384615 0 0.153846153846154 0.153846153846154 0 0
0 0 0.0666666666666667 0 0.2 0 0.133333333333333 0.333333333333333 0.266666666666667 0.666666666666667 0.533333333333333 0 0 0 0 0
0 0.133333333333333 0 0.266666666666667 0.0666666666666667 0.133333333333333 0.133333333333333 0.2 0.466666666666667 0.6 0.133333333333333 0.0666666666666667 0 0 0 0
