0 0.037037037037037 0 0.037037037037037 0.925925925925926 0.555555555555556 0.185185185185185 0 0 0.222222222222222 0.148148148148148 0.222222222222222 0.148148148148148 0 0.037037037037037 0
0 0.043956043956044 0.010989010989011 0.021978021978022 0.21978021978022 0.527472527472527 0.593406593406593 0.340659340659341 0.0549450549450549 0.0769230769230769 0.0769230769230769 0.120879120879121 0.142857142857143 0.021978021978022 0 0
0 0 0 0 0.125 0.107142857142857 0.428571428571429 0.357142857142857 0.428571428571429 0.410714285714286 0.178571428571429 0 0.0892857142857143 0.142857142857143 0.0714285714285714 0
0.0289855072463768 0.0579710144927536 0.0144927536231884 0.304347826086957 0.0579710144927536 0.130434782608696 0.115942028985507 0.217391304347826 0.710144927536232 0.405797101449275 0.188405797101449 0.0579710144927536 0 0 0.0289855072463768 0.0579710144927536
0.196428571428571 0.214285714285714 0.0357142857142857 0.785714285714286 1.26785714285714 0.607142857142857 0.607142857142857 0.214285714285714 0.196428571428571 0.142857142857143 0.178571428571429 0.125 0.0714285714285714 0 0 0
0.202702702702703 0.432432432432432 0.027027027027027 0.310810810810811 0.445945945945946 0.986486486486487 0.5 0.0540540540540541 0.0135135135135135 0.135135135135135 0.0540540540540541 0.108108108108108 0.0945945945945946 0 0 0
0.105263157894737 0.578947368421053 0.192982456140351 0.263157894736842 0.192982456140351 1.10526315789474 1.01754385964912 0.175438596491228 0 0.0701754385964912 0.087719298245614 0.0701754385964912 0.0526315789473684 0.0350877192982456 0 0
0.0545454545454545 0.363636363636364 0.181818181818182 0.163636363636364 0.127272727272727 0.218181818181818 0.618181818181818 0.436363636363636 0.363636363636364 0.0363636363636364 0.0181818181818182 0.0545454545454545 0.181818181818182 0.0545454545454545 0 0
0 0.115942028985507 0.391304347826087 0.391304347826087 0.130434782608696 0.188405797101449 0.289855072463768 0.173913043478261 0.521739130434783 0.434782608695652 0.420289855072464 0.0434782608695652 0.333333333333333 0.27536231884058 0.246376811594203 0.652173913043478
0.028169014084507 0.0140845070422535 0.169014084507042 0.450704225352113 0.23943661971831 0.225352112676056 0.211267605633803 0.0422535211267606 0.380281690140845 0.549295774647887 0.323943661971831 0.0563380281690141 0 0.0845070422535211 0.0704225352112676 0.0704225352112676
0.0714285714285714 0.0714285714285714 0 0.0535714285714286 0.25 0.517857142857143 0 0.160714285714286 0 0.178571428571429 0.25 0.589285714285714 0.107142857142857 0 0 0
0.0227272727272727 0.0909090909090909 0 0.0227272727272727 0.227272727272727 0.363636363636364 0.0454545454545455 0.0681818181818182 0 0.0454545454545455 0.318181818181818 0.5 0.181818181818182 0 0 0.204545454545455
0 0.0714285714285714 0 0 0 0.119047619047619 0.261904761904762 0 0.0952380952380952 0 0.142857142857143 0.476190476190476 0.285714285714286 0.0238095238095238 0 0
0.0769230769230769 0.0384615384615385 0.153846153846154 0.346153846153846 0.0769230769230769 0.0769230769230769 0.461538461538462 0.615384615384615 0.307692307692308 0.115384615384615 0.0769230769230769 0 0.115384615384615 0.115384615384615 0 0
0 0.133333333333333 0.2 0.0666666666666667 0.2 0 0.333333333333333 0.133333333333333 0.4 0.533333333333333 0.333333333333333 0 0 0.0666666666666667 0 0
0 0.133333333333333 0 0.266666666666667 0.133333333333333 0.133333333333333 0.133333333333333 0.133333333333333 0.133333333333333 0.533333333333333 0.266666666666667 0.133333333333333 0 0 0 0.0666666666666667
