0 0.037037037037037 0 0.111111111111111 0.666666666666667 1.07407407407407 0.111111111111111 0 0 0.296296296296296 0.37037037037037 0.148148148148148 0 0 0.111111111111111 0
0 0.032967032967033 0.010989010989011 0 0.241758241758242 0.56043956043956 0.835164835164835 0.285714285714286 0.021978021978022 0.0659340659340659 0.021978021978022 0.10989010989011 0.175824175824176 0 0 0
0 0 0 0.0357142857142857 0.0535714285714286 0.0357142857142857 0.482142857142857 0.517857142857143 0.517857142857143 0.285714285714286 0.0535714285714286 0 0.107142857142857 0.107142857142857 0.0535714285714286 0
0.0144927536231884 0.0434782608695652 0.0289855072463768 0.144927536231884 0.144927536231884 0.0579710144927536 0.072463768115942 0.289855072463768 0.739130434782609 0.289855072463768 0.391304347826087 0.0579710144927536 0 0 0.0579710144927536 0.0144927536231884
0.160714285714286 0.160714285714286 0 0.410714285714286 0.732142857142857 0.321428571428571 0.214285714285714 0.160714285714286 0.178571428571429 0.232142857142857 0.303571428571429 0.142857142857143 0.0357142857142857 0 0 0
0.175675675675676 0.445945945945946 0.0135135135135135 0.189189189189189 0.608108108108108 1 0.391891891891892 0.0675675675675676 0.0540540540540541 0.0540540540540541 0.0945945945945946 0.243243243243243 0.243243243243243 0 0 0
0.0701754385964912 0.56140350877193 0.245614035087719 0.157894736842105 0.105263157894737 1.52631578947368 1.7719298245614 0.140350877192982 0 0.0175438596491228 0.087719298245614 0.157894736842105 0.157894736842105 0.0350877192982456 0 0
0.0363636363636364 0.327272727272727 0.181818181818182 0.0363636363636364 0.0545454545454545 0.345454545454545 0.363636363636364 0.309090909090909 0.109090909090909 0.0181818181818182 0.0909090909090909 0.0545454545454545 0.181818181818182 0 0 0.0363636363636364
0 0.130434782608696 0.405797101449275 0.304347826086957 0.159420289855072 0.217391304347826 0.260869565217391 0.217391304347826 0.463768115942029 0.347826086956522 0.231884057971014 0.0289855072463768 0.144927536231884 0.318840579710145 0.202898550724638 0.318840579710145
0.028169014084507 0.0140845070422535 0.169014084507042 0.323943661971831 0.183098591549296 0.169014084507042 0.126760563380282 0.28169014084507 0.408450704225352 0.535211267605634 0.211267605633803 0.0704225352112676 0.0140845070422535 0 0.140845070422535 0.0704225352112676
0.0178571428571429 0.0892857142857143 0 0.0357142857142857 0.232142857142857 0.285714285714286 0.0178571428571429 0.142857142857143 0.0178571428571429 0.178571428571429 0.357142857142857 0.339285714285714 0.0535714285714286 0 0 0
0 0.136363636363636 0 0.0227272727272727 0.0227272727272727 0.227272727272727 0.204545454545455 0.0909090909090909 0 0.0681818181818182 0.159090909090909 0.590909090909091 0.113636363636364 0 0 0.227272727272727
0 0.0952380952380952 0 0 0 0.166666666666667 0.19047619047619 0.142857142857143 0.0952380952380952 0 0.0952380952380952 0.547619047619048 0.30952380952381 0.0476190476190476 0 0
0.0384615384615385 0.115384615384615 0.0769230769230769 0.115384615384615 0.153846153846154 0.115384615384615 0.5 0.346153846153846 0.230769230769231 0.192307692307692 0.0769230769230769 0.115384615384615 0.0384615384615385 0.192307692307692 0.0384615384615385 0
0 0 0.266666666666667 0.0666666666666667 0.0666666666666667 0 0.533333333333333 0.466666666666667 0.333333333333333 0.266666666666667 0.0666666666666667 0 0 0.0666666666666667 0 0
0 0.133333333333333 0 0.133333333333333 0.133333333333333 0.133333333333333 0.133333333333333 0 0.266666666666667 0.266666666666667 0 0.333333333333333 0 0 0 0.266666666666667
