0 0.037037037037037 0 0.111111111111111 0.703703703703704 0.851851851851852 0.148148148148148 0 0 0.259259259259259 0.111111111111111 0.185185185185185 0.111111111111111 0 0.111111111111111 0
0 0.0769230769230769 0.021978021978022 0.021978021978022 0.131868131868132 0.384615384615385 0.857142857142857 0.362637362637363 0.032967032967033 0.0769230769230769 0.043956043956044 0.142857142857143 0.21978021978022 0.043956043956044 0 0
0 0 0 0.0357142857142857 0 0.107142857142857 0.482142857142857 0.482142857142857 0.5 0.267857142857143 0.0357142857142857 0 0.142857142857143 0.196428571428571 0.0892857142857143 0
0.0289855072463768 0.0289855072463768 0.0144927536231884 0.202898550724638 0.217391304347826 0.202898550724638 0.0579710144927536 0.376811594202899 0.811594202898551 0.318840579710145 0.144927536231884 0 0 0 0.0144927536231884 0
0.125 0.178571428571429 0.0357142857142857 0.0892857142857143 0.428571428571429 0.928571428571429 0.839285714285714 0.410714285714286 0.125 0.303571428571429 0.214285714285714 0.0535714285714286 0.107142857142857 0 0 0
0.256756756756757 0.486486486486487 0.0405405405405405 0.121621621621622 0.297297297297297 0.716216216216216 0.459459459459459 0.108108108108108 0.162162162162162 0.162162162162162 0.0540540540540541 0.108108108108108 0.216216216216216 0 0 0
0.12280701754386 0.56140350877193 0.157894736842105 0.105263157894737 0.0526315789473684 2.08771929824561 2.43859649122807 0.192982456140351 0 0.0526315789473684 0.0175438596491228 0.0701754385964912 0.245614035087719 0.0350877192982456 0 0
0.0727272727272727 0.472727272727273 0.163636363636364 0.181818181818182 0.109090909090909 0.272727272727273 0.327272727272727 0.563636363636364 0.327272727272727 0.0545454545454545 0.0545454545454545 0.109090909090909 0.145454545454545 0.0363636363636364 0 0.0181818181818182
0 0.101449275362319 0.376811594202899 0.391304347826087 0.0579710144927536 0.130434782608696 0.159420289855072 0.159420289855072 0.594202898550725 0.434782608695652 0.420289855072464 0.0434782608695652 0.231884057971014 0.318840579710145 0.289855072463768 0.72463768115942
0 0.0140845070422535 0.140845070422535 0.394366197183099 0.169014084507042 0.253521126760563 0.169014084507042 0.0704225352112676 0.408450704225352 0.338028169014085 0.309859154929577 0.0422535211267606 0 0.0563380281690141 0.0563380281690141 0.154929577464789
0.0178571428571429 0.0892857142857143 0 0.160714285714286 0.214285714285714 0.321428571428571 0 0.0892857142857143 0.0357142857142857 0.232142857142857 0.321428571428571 0.553571428571429 0.0357142857142857 0 0 0
0.0454545454545455 0.0681818181818182 0 0 0.0227272727272727 0.386363636363636 0.159090909090909 0.0454545454545455 0 0.0909090909090909 0.113636363636364 0.545454545454545 0.159090909090909 0 0 0.0909090909090909
0 0.166666666666667 0 0 0 0.142857142857143 0.142857142857143 0.0476190476190476 0.142857142857143 0 0.0476190476190476 0.523809523809524 0.357142857142857 0.0238095238095238 0 0
0.0769230769230769 0.115384615384615 0.115384615384615 0.230769230769231 0 0.269230769230769 0.307692307692308 0.653846153846154 0.230769230769231 0.307692307692308 0.0769230769230769 0.0384615384615385 0.0769230769230769 0.115384615384615 0 0
0 0.0666666666666667 0.0666666666666667 0 0.2 0 0.133333333333333 0.133333333333333 0.2 0.866666666666667 0.533333333333333 0 0 0 0 0
0 0 0 0.4 0.333333333333333 0 0 0.2 0.466666666666667 0.2 0.133333333333333 0.2 0 0 0 0.0666666666666667
