0 0 0 0.037037037037037 0.666666666666667 0.925925925925926 0.0740740740740741 0 0 0.111111111111111 0.111111111111111 0.333333333333333 0.111111111111111 0 0.037037037037037 0
0 0.0659340659340659 0 0.032967032967033 0.10989010989011 0.483516483516484 0.78021978021978 0.340659340659341 0.021978021978022 0.0879120879120879 0.0549450549450549 0.131868131868132 0.186813186813187 0 0 0
0 0 0 0.0178571428571429 0.0535714285714286 0.0892857142857143 0.482142857142857 0.375 0.428571428571429 0.410714285714286 0.0357142857142857 0 0.160714285714286 0.0535714285714286 0.0535714285714286 0
0 0.101449275362319 0.0144927536231884 0.159420289855072 0.101449275362319 0.072463768115942 0.115942028985507 0.289855072463768 0.63768115942029 0.304347826086957 0.202898550724638 0 0 0 0.130434782608696 0.0144927536231884
0.160714285714286 0.285714285714286 0.0357142857142857 0.125 0.410714285714286 0.696428571428571 0.553571428571429 0.214285714285714 0.107142857142857 0.142857142857143 0.196428571428571 0.178571428571429 0.0892857142857143 0.0178571428571429 0 0
0.256756756756757 0.364864864864865 0.027027027027027 0.0945945945945946 0.513513513513513 0.824324324324324 0.310810810810811 0.216216216216216 0.148648648648649 0.202702702702703 0.0810810810810811 0.148648648648649 0.216216216216216 0 0 0
0.0701754385964912 0.526315789473684 0.192982456140351 0.12280701754386 0.210526315789474 0.543859649122807 0.614035087719298 0.157894736842105 0 0.087719298245614 0.12280701754386 0.0175438596491228 0.0701754385964912 0.12280701754386 0 0
0.0727272727272727 0.327272727272727 0.2 0.127272727272727 0.127272727272727 0.272727272727273 0.309090909090909 0.581818181818182 0.145454545454545 0.0363636363636364 0.0909090909090909 0.127272727272727 0.2 0.0363636363636364 0.0545454545454545 0
0 0.101449275362319 0.36231884057971 0.434782608695652 0.101449275362319 0.202898550724638 0.231884057971014 0.173913043478261 0.565217391304348 0.652173913043478 0.565217391304348 0.0434782608695652 0.188405797101449 0.492753623188406 0.333333333333333 0.956521739130435
0.028169014084507 0 0.225352112676056 0.267605633802817 0.267605633802817 0.197183098591549 0.126760563380282 0.154929577464789 0.295774647887324 0.647887323943662 0.380281690140845 0.0985915492957746 0.028169014084507 0.0563380281690141 0.183098591549296 0.0422535211267606
0 0.0535714285714286 0 0.0892857142857143 0.214285714285714 0.303571428571429 0 0.0714285714285714 0.0892857142857143 0.107142857142857 0.517857142857143 0.303571428571429 0.0357142857142857 0 0 0
0 0.113636363636364 0 0.0454545454545455 0.0681818181818182 0.25 0.136363636363636 0.0227272727272727 0 0 0.295454545454545 0.636363636363636 0.136363636363636 0 0 0.113636363636364
0 0.119047619047619 0 0 0 0.0952380952380952 0.166666666666667 0.0952380952380952 0.0952380952380952 0 0.0238095238095238 0.5 0.285714285714286 0 0 0
0.0769230769230769 0.0384615384615385 0.0769230769230769 0.0769230769230769 0.0769230769230769 0.115384615384615 0.538461538461538 0.384615384615385 0.115384615384615 0.230769230769231 0.115384615384615 0 0.153846153846154 0.115384615384615 0 0
0 0.0666666666666667 0 0 0.333333333333333 0 0.133333333333333 0.0666666666666667 0.333333333333333 0.733333333333333 0.666666666666667 0 0 0 0 0
0 0.0666666666666667 0 0.4 0.133333333333333 0.0666666666666667 0.0666666666666667 0.2 0.733333333333333 0.266666666666667 0 0.0666666666666667 0 0 0 0.0666666666666667
