0.222222222222222 0.37037037037037 0.185185185185185 1.37037037037037 2.33333333333333 1.96296296296296 1 0.37037037037037 0.148148148148148 1.62962962962963 1.74074074074074 1.11111111111111 0.851851851851852 0.259259259259259 0.37037037037037 0.481481481481481
0.183098591549296 0.563380281690141 0.47887323943662 0.76056338028169 0.929577464788732 2.64788732394366 2.76056338028169 1.52112676056338 1 0.633802816901408 0.845070422535211 1.73239436619718 2.04225352112676 0.154929577464789 0.112676056338028 0.267605633802817
0.184210526315789 0.539473684210526 0.947368421052632 0.736842105263158 0.565789473684211 1.76315789473684 2.36842105263158 2 1.90789473684211 1.05263157894737 0.618421052631579 0.723684210526316 0.684210526315789 0.447368421052632 0.328947368421053 0.697368421052632
0.202898550724638 0.594202898550725 0.72463768115942 1.52173913043478 1.57971014492754 1.15942028985507 0.927536231884058 2.01449275362319 2.49275362318841 2 1.95652173913043 0.666666666666667 0.63768115942029 0.188405797101449 0.434782608695652 0.695652173913043
0.357142857142857 1.125 0.767857142857143 1.57142857142857 2.07142857142857 1.71428571428571 1.69642857142857 1.03571428571429 1.03571428571429 2.35714285714286 1.82142857142857 1.39285714285714 1.17857142857143 0.25 0.214285714285714 0.25
0.878378378378378 2.25675675675676 0.77027027027027 1.58108108108108 1.97297297297297 3.18918918918919 2.94594594594595 1.04054054054054 0.945945945945946 1.48648648648649 1.39189189189189 1.21621621621622 1.04054054054054 0.148648648648649 0.121621621621622 0.175675675675676
0.43859649122807 1.15789473684211 1.71929824561404 0.754385964912281 0.649122807017544 2.87719298245614 3.63157894736842 1.05263157894737 1.05263157894737 1.50877192982456 1.57894736842105 1.68421052631579 1.54385964912281 0.280701754385965 0.280701754385965 0.526315789473684
0.418181818181818 1.14545454545455 1.03636363636364 0.945454545454545 1 2.09090909090909 1.94545454545455 2.03636363636364 1.78181818181818 0.527272727272727 0.2 1.14545454545455 0.909090909090909 0.236363636363636 0.181818181818182 0.545454545454545
0.246376811594203 0.898550724637681 2.28985507246377 1.92753623188406 0.971014492753623 1.3768115942029 1.44927536231884 2.73913043478261 2.8695652173913 1.33333333333333 1.34782608695652 0.739130434782609 0.811594202898551 0.63768115942029 0.681159420289855 1.26086956521739
0.253521126760563 0.704225352112676 1 2.22535211267606 1.95774647887324 1.57746478873239 1.3943661971831 2.14084507042254 2.36619718309859 2.91549295774648 2.47887323943662 0.957746478873239 0.859154929577465 0.577464788732394 0.746478873239437 1.14084507042254
0.285714285714286 0.446428571428571 0.339285714285714 1.125 1.30357142857143 1.98214285714286 2.03571428571429 1.55357142857143 1.39285714285714 2.375 2.25 1.16071428571429 1.17857142857143 0.267857142857143 0.178571428571429 0.392857142857143
0.181818181818182 0.636363636363636 0.181818181818182 0.772727272727273 0.863636363636364 1.52272727272727 1.34090909090909 0.545454545454545 0.431818181818182 0.909090909090909 0.931818181818182 1.65909090909091 1.20454545454545 0.181818181818182 0.204545454545455 0.431818181818182
0.19047619047619 0.238095238095238 0.714285714285714 0.571428571428571 0.404761904761905 1.97619047619048 1.95238095238095 1.0952380952381 0.761904761904762 0.642857142857143 0.880952380952381 1.85714285714286 1.4047619047619 0.142857142857143 0.0952380952380952 0.119047619047619
0.115384615384615 0.538461538461538 0.384615384615385 0.269230769230769 0.653846153846154 1.19230769230769 1.46153846153846 1.92307692307692 1.23076923076923 0.923076923076923 0.730769230769231 0.923076923076923 0.846153846153846 0.5 0.230769230769231 0.730769230769231
0.0666666666666667 0.333333333333333 0.333333333333333 0.866666666666667 0.866666666666667 0.866666666666667 0.933333333333333 1.6 1.46666666666667 1.66666666666667 1.8 0.4 0.466666666666667 0.4 0.266666666666667 0.733333333333333
0.266666666666667 0.466666666666667 0.2 0.866666666666667 1.13333333333333 1.06666666666667 0.733333333333333 0.533333333333333 0.4 3.13333333333333 1.66666666666667 0.466666666666667 0.4 0.266666666666667 0.266666666666667 0.666666666666667
