0.259259259259259 0.296296296296296 0.0740740740740741 1.18518518518519 1.96296296296296 1.88888888888889 1.2962962962963 0.259259259259259 0.0740740740740741 0.925925925925926 1.03703703703704 1.44444444444444 0.777777777777778 0.222222222222222 0.37037037037037 0.481481481481481
0.28169014084507 0.577464788732394 0.253521126760563 0.535211267605634 0.929577464788732 2.57746478873239 2.53521126760563 1.08450704225352 0.830985915492958 0.577464788732394 0.549295774647887 1.32394366197183 1.50704225352113 0.183098591549296 0.0704225352112676 0.0845070422535211
0.263157894736842 0.736842105263158 1.09210526315789 0.855263157894737 0.5 1.84210526315789 2.01315789473684 2.19736842105263 1.80263157894737 1.11842105263158 1.02631578947368 0.842105263157895 0.763157894736842 0.315789473684211 0.276315789473684 0.539473684210526
0.231884057971014 0.869565217391304 0.942028985507246 1.79710144927536 1.56521739130435 1.17391304347826 1.27536231884058 2.26086956521739 2.89855072463768 1.72463768115942 1.47826086956522 0.550724637681159 0.521739130434783 0.405797101449275 0.36231884057971 0.652173913043478
0.446428571428571 0.982142857142857 0.553571428571429 2.42857142857143 2.66071428571429 1.625 1.89285714285714 1.16071428571429 1.28571428571429 2.82142857142857 2.33928571428571 0.875 0.714285714285714 0.178571428571429 0.232142857142857 0.303571428571429
0.972972972972973 1.77027027027027 0.608108108108108 1.06756756756757 1.44594594594595 3.7972972972973 3.17567567567568 1.01351351351351 0.864864864864865 1.32432432432432 1.14864864864865 1.77027027027027 1.17567567567568 0.108108108108108 0.0405405405405405 0.148648648648649
0.350877192982456 1.28070175438596 1.19298245614035 1.12280701754386 1.10526315789474 4.07017543859649 4.01754385964912 1.26315789473684 1.29824561403509 1.33333333333333 1.50877192982456 1.26315789473684 1.78947368421053 0.315789473684211 0.12280701754386 0.263157894736842
0.345454545454545 0.854545454545454 1.29090909090909 1 0.581818181818182 1.56363636363636 2.2 1.92727272727273 1.89090909090909 0.472727272727273 0.236363636363636 0.690909090909091 0.636363636363636 0.145454545454545 0.163636363636364 0.418181818181818
0.318840579710145 0.927536231884058 2.49275362318841 1.56521739130435 1.07246376811594 1.34782608695652 1.40579710144928 3.1304347826087 3.17391304347826 1.10144927536232 1.04347826086957 0.956521739130435 0.942028985507246 0.623188405797101 0.710144927536232 1.31884057971015
0.492957746478873 1.2112676056338 1.01408450704225 1.95774647887324 1.7887323943662 1.49295774647887 1.23943661971831 1.69014084507042 1.7887323943662 2.43661971830986 1.90140845070423 0.71830985915493 0.915492957746479 0.47887323943662 0.436619718309859 0.816901408450704
0.357142857142857 0.607142857142857 0.464285714285714 1.28571428571429 1.42857142857143 2.46428571428571 1.67857142857143 0.928571428571429 0.946428571428571 2.23214285714286 1.67857142857143 1.625 1.16071428571429 0.392857142857143 0.160714285714286 0.642857142857143
0.0909090909090909 0.613636363636364 1.02272727272727 1.09090909090909 0.909090909090909 1.86363636363636 1.56818181818182 0.590909090909091 0.954545454545455 1.02272727272727 1.11363636363636 1.09090909090909 0.909090909090909 0.0909090909090909 0.0681818181818182 0.0909090909090909
0.142857142857143 0.285714285714286 0.80952380952381 0.547619047619048 0.404761904761905 1.38095238095238 1.57142857142857 1.23809523809524 0.69047619047619 0.69047619047619 0.666666666666667 2.07142857142857 1.78571428571429 0.142857142857143 0.0476190476190476 0.166666666666667
0.115384615384615 0.115384615384615 0.230769230769231 0.230769230769231 0.269230769230769 1 1.57692307692308 1.65384615384615 1.26923076923077 0.653846153846154 0.423076923076923 0.307692307692308 0.269230769230769 0.576923076923077 0.307692307692308 0.807692307692308
0 0.2 0.466666666666667 1.26666666666667 0.733333333333333 0.466666666666667 0.866666666666667 1.8 1.73333333333333 2 2.2 0.266666666666667 0.333333333333333 0.466666666666667 0.333333333333333 0.2
0 0.133333333333333 0 1.6 1.13333333333333 0.466666666666667 0.266666666666667 1.4 1.93333333333333 2.8 2.6 0.4 0.533333333333333 0.2 0.133333333333333 0.533333333333333
