0.222222222222222 0.222222222222222 0.0740740740740741 1.18518518518519 1.59259259259259 2.11111111111111 1.33333333333333 0.259259259259259 0.148148148148148 1.11111111111111 0.814814814814815 1.33333333333333 1.2962962962963 0.222222222222222 0.185185185185185 0.222222222222222
0.338028169014085 0.408450704225352 0.352112676056338 0.633802816901408 0.676056338028169 2.87323943661972 3.16901408450704 1.15492957746479 1.05633802816901 1 0.71830985915493 1.43661971830986 1.38028169014085 0.169014084507042 0.0985915492957746 0.197183098591549
0.25 0.473684210526316 0.921052631578947 0.539473684210526 0.342105263157895 1.53947368421053 1.85526315789474 2.05263157894737 2.03947368421053 0.868421052631579 0.763157894736842 0.881578947368421 0.855263157894737 0.315789473684211 0.171052631578947 0.328947368421053
0.231884057971014 0.72463768115942 0.797101449275362 1.6231884057971 1.69565217391304 1.56521739130435 1.50724637681159 2.21739130434783 2.28985507246377 1.65217391304348 1.49275362318841 0.608695652173913 0.289855072463768 0.246376811594203 0.478260869565217 0.768115942028985
0.321428571428571 0.982142857142857 0.732142857142857 1.96428571428571 2.07142857142857 1.83928571428571 1.96428571428571 1.30357142857143 1.51785714285714 2.625 2.33928571428571 0.857142857142857 0.767857142857143 0.375 0.125 0.392857142857143
0.878378378378378 1.93243243243243 0.662162162162162 1.36486486486486 1.48648648648649 3.31081081081081 3.25675675675676 1.21621621621622 0.905405405405405 1.33783783783784 1.28378378378378 1.48648648648649 1.31081081081081 0.0540540540540541 0.0945945945945946 0.297297297297297
0.333333333333333 1.35087719298246 1.12280701754386 1.03508771929825 0.631578947368421 2.6140350877193 2.78947368421053 0.929824561403509 1.01754385964912 0.807017543859649 0.964912280701754 1.59649122807018 1.3859649122807 0.315789473684211 0.192982456140351 0.43859649122807
0.527272727272727 1.38181818181818 1.18181818181818 1.10909090909091 0.890909090909091 1.52727272727273 1.83636363636364 2.54545454545455 2.14545454545455 0.727272727272727 0.181818181818182 1 0.945454545454545 0.254545454545455 0.236363636363636 0.254545454545455
0.521739130434783 1.02898550724638 2.34782608695652 1.60869565217391 1 1.91304347826087 1.63768115942029 3.84057971014493 3.17391304347826 2.27536231884058 2.53623188405797 0.710144927536232 0.768115942028985 1.14492753623188 0.898550724637681 2.04347826086957
0.366197183098592 0.732394366197183 1.23943661971831 2.1830985915493 1.73239436619718 1.16901408450704 1.14084507042254 2 1.87323943661972 3.6056338028169 3.25352112676056 0.52112676056338 0.408450704225352 0.549295774647887 0.394366197183099 0.873239436619718
0.107142857142857 0.446428571428571 0.196428571428571 1.5 1.30357142857143 2.23214285714286 2.48214285714286 1.76785714285714 1.83928571428571 2.64285714285714 2.53571428571429 1.96428571428571 1.73214285714286 0.428571428571429 0.0535714285714286 0.482142857142857
0.431818181818182 0.704545454545455 1.15909090909091 0.818181818181818 0.659090909090909 1.97727272727273 1.93181818181818 0.613636363636364 0.568181818181818 0.727272727272727 0.886363636363636 1.90909090909091 1.56818181818182 0.136363636363636 0.204545454545455 0.409090909090909
0.142857142857143 0.333333333333333 0.642857142857143 0.547619047619048 0.571428571428571 2.07142857142857 1.73809523809524 0.785714285714286 0.523809523809524 0.928571428571429 1.0952380952381 2.04761904761905 1.85714285714286 0.0952380952380952 0.119047619047619 0.166666666666667
0.269230769230769 0.423076923076923 0.307692307692308 0.461538461538462 0.384615384615385 0.923076923076923 2.11538461538462 1.46153846153846 1.15384615384615 0.269230769230769 0.423076923076923 1.53846153846154 1.11538461538462 0.346153846153846 0.269230769230769 0.692307692307692
0.133333333333333 0.2 0.933333333333333 0.8 0.533333333333333 0.933333333333333 1.2 1.86666666666667 2.73333333333333 0.733333333333333 0.8 0.266666666666667 0 0.4 0.466666666666667 0.8
0.333333333333333 0.466666666666667 0.266666666666667 0.666666666666667 1.73333333333333 1.06666666666667 1.06666666666667 0.466666666666667 0.866666666666667 3.66666666666667 2.93333333333333 0.466666666666667 0.2 0.333333333333333 0.2 0.8
