0.148148148148148 0.777777777777778 0.111111111111111 1.03703703703704 1.59259259259259 2.62962962962963 1.66666666666667 0.222222222222222 0.185185185185185 1 1.18518518518519 1.33333333333333 1.14814814814815 0.296296296296296 0.148148148148148 0.259259259259259
0.21978021978022 0.725274725274725 0.428571428571428 0.703296703296703 1.05494505494505 2.59340659340659 3.27472527472527 1.26373626373626 1.04395604395604 0.736263736263736 0.747252747252747 1.41758241758242 1.57142857142857 0.175824175824176 0.0879120879120879 0.175824175824176
0.196428571428571 0.75 0.660714285714286 0.678571428571428 0.428571428571428 1.44642857142857 1.71428571428571 2.23214285714286 2.53571428571429 1.25 0.678571428571428 0.875 0.875 0.517857142857143 0.5 0.464285714285714
0.231884057971014 1.11594202898551 0.898550724637681 1.72463768115942 1.53623188405797 1.47826086956522 1.46376811594203 1.8695652173913 2.28985507246377 1.82608695652174 1.55072463768116 0.72463768115942 0.608695652173913 0.260869565217391 0.304347826086956 0.420289855072464
0.5 1.26785714285714 0.392857142857143 2.16071428571429 2.01785714285714 1.41071428571429 1.51785714285714 0.821428571428571 0.875 1.83928571428571 2.48214285714286 1.25 0.928571428571428 0.267857142857143 0.267857142857143 0.357142857142857
0.824324324324324 2.27027027027027 0.527027027027027 1.21621621621622 1.36486486486486 3.56756756756757 3.24324324324324 0.864864864864865 0.72972972972973 1.43243243243243 1.17567567567568 1.59459459459459 1.21621621621622 0.175675675675676 0.0810810810810811 0.189189189189189
0.456140350877193 1.64912280701754 0.894736842105263 1.07017543859649 0.771929824561403 4.26315789473684 4.19298245614035 1.03508771929825 1.05263157894737 0.929824561403509 0.666666666666667 1.49122807017544 1.78947368421053 0.456140350877193 0.140350877192982 0.421052631578947
0.472727272727273 1.74545454545455 1.36363636363636 1.52727272727273 1.12727272727273 2.41818181818182 2.63636363636364 2.89090909090909 2.36363636363636 0.654545454545454 0.509090909090909 1.43636363636364 1.63636363636364 0.181818181818182 0.0909090909090909 0.290909090909091
0.434782608695652 1.21739130434783 1.76811594202899 1.50724637681159 0.840579710144927 1.56521739130435 1.42028985507246 2.72463768115942 2.8695652173913 1.43478260869565 1.39130434782609 0.536231884057971 0.550724637681159 0.753623188405797 0.898550724637681 1.88405797101449
0.183098591549296 0.816901408450704 0.633802816901408 2.49295774647887 2.04225352112676 2.1830985915493 2.29577464788732 2.26760563380282 2.33802816901408 2.91549295774648 2.53521126760563 0.535211267605634 0.464788732394366 0.633802816901408 0.816901408450704 1.43661971830986
0.392857142857143 0.75 0.160714285714286 1.35714285714286 1.60714285714286 3.17857142857143 2.17857142857143 1.48214285714286 1.35714285714286 2.14285714285714 2.30357142857143 1.375 1.58928571428571 0.303571428571428 0.196428571428571 0.5
0.272727272727273 0.977272727272727 0.636363636363636 0.818181818181818 1.06818181818182 1.93181818181818 1.93181818181818 0.5 0.613636363636364 1.22727272727273 1.38636363636364 1.75 1.40909090909091 0.227272727272727 0.181818181818182 0.454545454545454
0.119047619047619 0.404761904761905 0.142857142857143 0.547619047619048 0.642857142857143 2 2.07142857142857 0.666666666666667 1 1.04761904761905 0.666666666666667 1.76190476190476 1.5 0.0952380952380952 0 0.0476190476190476
0 0.230769230769231 0.538461538461538 0.807692307692308 0.846153846153846 0.730769230769231 0.923076923076923 2.61538461538461 3.30769230769231 0.884615384615384 0.384615384615385 0.423076923076923 0.615384615384615 0.423076923076923 0.346153846153846 0.653846153846154
0.0666666666666667 0.4 1.26666666666667 0.866666666666667 1.26666666666667 0.333333333333333 0.8 2.6 2.46666666666667 1.33333333333333 1.6 0.0666666666666667 0.266666666666667 0.6 0.333333333333333 1.13333333333333
0.466666666666667 1 0 0.933333333333333 1.66666666666667 1.4 1.2 0.533333333333333 0.666666666666667 3.2 2.8 0.466666666666667 0.2 0.333333333333333 0.333333333333333 1.13333333333333
