0.222222222222222 0.62962962962963 0 1.11111111111111 1.22222222222222 2.55555555555555 1.74074074074074 0.222222222222222 0.259259259259259 1.51851851851852 1.37037037037037 1.03703703703704 0.703703703703704 0.222222222222222 0.407407407407407 0.296296296296296
0.164835164835165 1.01098901098901 0.527472527472527 1.10989010989011 0.824175824175824 2.3956043956044 3.02197802197802 1.6043956043956 1.1978021978022 0.692307692307692 0.923076923076923 1.46153846153846 1.47252747252747 0.274725274725275 0.175824175824176 0.362637362637363
0.0892857142857143 0.696428571428571 0.839285714285714 0.910714285714286 0.464285714285714 1.23214285714286 1.57142857142857 2.08928571428571 2.26785714285714 1.07142857142857 0.553571428571428 0.839285714285714 0.964285714285714 0.410714285714286 0.285714285714286 0.428571428571428
0.173913043478261 0.666666666666667 0.492753623188406 1.50724637681159 1.85507246376812 1.17391304347826 1.30434782608696 2.1304347826087 2.31884057971014 1.73913043478261 1.59420289855072 0.768115942028985 0.405797101449275 0.434782608695652 0.420289855072464 0.782608695652174
0.535714285714286 1.625 0.482142857142857 1.76785714285714 1.92857142857143 2.26785714285714 1.67857142857143 1.42857142857143 1.35714285714286 2.125 2.46428571428571 1.16071428571429 0.767857142857143 0.357142857142857 0.160714285714286 0.5
0.932432432432432 2.95945945945946 0.418918918918919 1.14864864864865 1.7027027027027 3.37837837837838 2.82432432432432 0.986486486486486 0.864864864864865 1.21621621621622 1.27027027027027 1.18918918918919 1.02702702702703 0.216216216216216 0.121621621621622 0.283783783783784
0.333333333333333 1.85964912280702 0.824561403508772 0.912280701754386 0.947368421052631 3 2.73684210526316 1.01754385964912 1.10526315789474 0.754385964912281 0.684210526315789 1.78947368421053 1.66666666666667 0.192982456140351 0.192982456140351 0.456140350877193
0.2 1.23636363636364 1.10909090909091 1.30909090909091 1.30909090909091 1.6 1.69090909090909 2.50909090909091 2.34545454545454 0.618181818181818 0.290909090909091 1.16363636363636 1.23636363636364 0.0909090909090909 0.0909090909090909 0.218181818181818
0.333333333333333 1.72463768115942 1.82608695652174 1.7536231884058 1.1304347826087 1.40579710144928 1.31884057971014 2.66666666666667 2.53623188405797 1.30434782608696 1.27536231884058 0.898550724637681 0.782608695652174 0.898550724637681 0.797101449275362 1.68115942028985
0.394366197183099 0.971830985915493 1.05633802816901 2.49295774647887 1.94366197183099 1.85915492957746 1.71830985915493 2.09859154929577 2.50704225352113 2.98591549295775 2.94366197183099 0.492957746478873 0.28169014084507 0.661971830985915 0.830985915492958 1.42253521126761
0.0178571428571429 0.214285714285714 0.25 1.33928571428571 1.23214285714286 2.42857142857143 2.39285714285714 1.35714285714286 1.35714285714286 2.41071428571429 2.32142857142857 1.16071428571429 1.32142857142857 0.428571428571428 0.107142857142857 0.571428571428571
0.113636363636364 0.772727272727273 0.636363636363636 0.568181818181818 0.795454545454545 2.15909090909091 1.97727272727273 0.545454545454545 0.954545454545454 0.727272727272727 0.886363636363636 1.34090909090909 1.38636363636364 0.0909090909090909 0.0909090909090909 0.295454545454545
0.142857142857143 0.476190476190476 0.619047619047619 0.809523809523809 0.476190476190476 1.52380952380952 1.64285714285714 1.04761904761905 1.04761904761905 0.5 0.880952380952381 1.69047619047619 1.61904761904762 0.0952380952380952 0.0952380952380952 0.142857142857143
0.615384615384615 1.53846153846154 0.461538461538461 1.23076923076923 0.730769230769231 1.53846153846154 2.23076923076923 3.11538461538461 3.46153846153846 0.846153846153846 0.576923076923077 1.19230769230769 1.26923076923077 1.26923076923077 1.07692307692308 2.19230769230769
0.0666666666666667 0.333333333333333 1.06666666666667 0.333333333333333 0.8 0.866666666666667 1.13333333333333 1.93333333333333 2 1.2 1.26666666666667 0.266666666666667 0.466666666666667 0.133333333333333 0.0666666666666667 0.8
0.133333333333333 0.6 0 1.2 1.13333333333333 1 0.733333333333333 1.13333333333333 0.866666666666667 3.53333333333333 2.93333333333333 0.466666666666667 0.266666666666667 0.133333333333333 0.266666666666667 1
