0.296296296296296 0.481481481481481 0.185185185185185 1 1.81481481481481 2.14814814814815 1.96296296296296 0.518518518518518 0.111111111111111 1.11111111111111 0.814814814814815 1.33333333333333 1 0.148148148148148 0.333333333333333 0.444444444444444
0.197183098591549 0.591549295774648 0.253521126760563 0.774647887323944 0.816901408450704 2.45070422535211 2.7887323943662 1.2112676056338 0.845070422535211 0.816901408450704 0.619718309859155 0.957746478873239 1.25352112676056 0.0704225352112676 0.0845070422535211 0.183098591549296
0.131578947368421 0.539473684210526 0.710526315789474 0.434210526315789 0.434210526315789 1.39473684210526 1.97368421052632 1.64473684210526 2.03947368421053 0.723684210526316 0.644736842105263 0.631578947368421 0.934210526315789 0.171052631578947 0.118421052631579 0.328947368421053
0.231884057971014 0.811594202898551 0.710144927536232 1.53623188405797 1.66666666666667 1.17391304347826 1.05797101449275 1.95652173913043 2.55072463768116 1.76811594202899 1.3768115942029 0.753623188405797 0.579710144927536 0.463768115942029 0.463768115942029 0.623188405797101
0.5 0.982142857142857 1.03571428571429 2.03571428571429 2.30357142857143 1.82142857142857 1.82142857142857 1.66071428571429 1.42857142857143 2.30357142857143 1.96428571428571 1.17857142857143 0.803571428571429 0.392857142857143 0.267857142857143 0.571428571428571
0.662162162162162 1.86486486486486 0.324324324324324 1.02702702702703 1.39189189189189 3.21621621621622 2.95945945945946 0.689189189189189 0.648648648648649 1.77027027027027 1.47297297297297 1.39189189189189 1.08108108108108 0.162162162162162 0.0405405405405405 0.324324324324324
0.315789473684211 1.21052631578947 1.47368421052632 1.12280701754386 1.33333333333333 3.91228070175439 3.19298245614035 1.2280701754386 1.08771929824561 0.894736842105263 0.929824561403509 1.6140350877193 1.52631578947368 0.280701754385965 0.263157894736842 0.491228070175439
0.345454545454545 0.818181818181818 1.32727272727273 0.945454545454545 0.636363636363636 1.05454545454545 1.30909090909091 1.81818181818182 1.89090909090909 0.545454545454545 0.4 0.727272727272727 0.909090909090909 0.272727272727273 0.254545454545455 0.581818181818182
0.27536231884058 0.91304347826087 2.33333333333333 2.01449275362319 1.26086956521739 1.65217391304348 1.68115942028985 3.40579710144928 3.57971014492754 1.39130434782609 1.10144927536232 0.826086956521739 0.63768115942029 0.710144927536232 0.536231884057971 1.2463768115942
0.436619718309859 0.76056338028169 1.01408450704225 2.66197183098592 1.80281690140845 1.84507042253521 1.71830985915493 2.36619718309859 2.3943661971831 2.87323943661972 2.61971830985915 0.830985915492958 0.732394366197183 0.464788732394366 0.577464788732394 1.33802816901408
0.321428571428571 0.589285714285714 0.357142857142857 1.39285714285714 1.46428571428571 2.46428571428571 2.48214285714286 1.41071428571429 1.5 2.51785714285714 2.16071428571429 1.32142857142857 1.41071428571429 0.285714285714286 0.25 0.607142857142857
0.409090909090909 0.931818181818182 0.863636363636364 0.863636363636364 0.931818181818182 1.72727272727273 1.79545454545455 0.340909090909091 0.5 0.795454545454545 1.27272727272727 1.68181818181818 1.29545454545455 0.227272727272727 0.0909090909090909 0.431818181818182
0.166666666666667 0.642857142857143 1.33333333333333 0.880952380952381 0.523809523809524 1.64285714285714 2.04761904761905 0.880952380952381 0.80952380952381 0.904761904761905 0.880952380952381 2.02380952380952 2.19047619047619 0.19047619047619 0.0238095238095238 0.333333333333333
0.307692307692308 1.38461538461538 0.692307692307692 1.26923076923077 0.692307692307692 1.34615384615385 1.92307692307692 1.88461538461538 1.76923076923077 0.615384615384615 0.576923076923077 0.730769230769231 0.730769230769231 0.615384615384615 0.538461538461538 1.46153846153846
0.4 0.266666666666667 0.6 0.6 0.733333333333333 0.333333333333333 0.533333333333333 1.66666666666667 2.86666666666667 1.46666666666667 0.666666666666667 0.266666666666667 0.4 1 0.333333333333333 1.86666666666667
0 1.46666666666667 0.533333333333333 1.2 0.733333333333333 1.66666666666667 1.93333333333333 0.466666666666667 1 2.66666666666667 3.2 0.466666666666667 0.6 0.333333333333333 0.133333333333333 0.866666666666667
