0.111111111111111 0.407407407407407 0.111111111111111 0.851851851851852 1.7037037037037 1.92592592592593 1.22222222222222 0.333333333333333 0.185185185185185 1.33333333333333 0.666666666666667 1.37037037037037 1.07407407407407 0.333333333333333 0.148148148148148 0.37037037037037
0.267605633802817 0.549295774647887 0.422535211267606 0.859154929577465 0.746478873239437 2.42253521126761 2.97183098591549 1.35211267605634 1.19718309859155 0.366197183098592 0.436619718309859 1.64788732394366 1.85915492957746 0.0985915492957746 0.0704225352112676 0.140845070422535
0.157894736842105 0.289473684210526 1.14473684210526 0.565789473684211 0.526315789473684 1.19736842105263 1.67105263157895 2.53947368421053 2.28947368421053 1.03947368421053 0.802631578947368 0.763157894736842 1.14473684210526 0.302631578947368 0.394736842105263 0.513157894736842
0.260869565217391 0.579710144927536 0.826086956521739 2.08695652173913 1.53623188405797 1.31884057971015 0.898550724637681 2.02898550724638 2.42028985507246 1.81159420289855 1.49275362318841 0.884057971014493 0.536231884057971 0.27536231884058 0.318840579710145 0.391304347826087
0.517857142857143 1.71428571428571 0.732142857142857 2.17857142857143 2.21428571428571 2.41071428571429 2 1.23214285714286 1.16071428571429 1.91071428571429 1.67857142857143 0.857142857142857 0.928571428571429 0.25 0.178571428571429 0.375
0.540540540540541 2.01351351351351 0.689189189189189 0.945945945945946 1.22972972972973 3.44594594594595 3.2972972972973 1.09459459459459 0.756756756756757 0.837837837837838 1.01351351351351 1.56756756756757 1.01351351351351 0.108108108108108 0.0945945945945946 0.202702702702703
0.421052631578947 1.43859649122807 1.52631578947368 1.05263157894737 0.736842105263158 3.94736842105263 3.64912280701754 0.929824561403509 0.859649122807018 1 1 1.7719298245614 1.31578947368421 0.263157894736842 0.192982456140351 0.315789473684211
0.254545454545455 1.54545454545455 1.34545454545455 1.27272727272727 0.636363636363636 1.94545454545455 2.21818181818182 2.56363636363636 1.90909090909091 0.545454545454545 0.527272727272727 1.49090909090909 1.52727272727273 0.109090909090909 0.163636363636364 0.290909090909091
0.376811594202899 0.985507246376812 2.39130434782609 1.91304347826087 1.08695652173913 1.01449275362319 1.42028985507246 2.63768115942029 2.73913043478261 0.927536231884058 0.840579710144927 1.04347826086957 0.971014492753623 0.623188405797101 0.652173913043478 1.14492753623188
0.563380281690141 1.46478873239437 1.36619718309859 2.70422535211268 1.74647887323944 1.76056338028169 1.33802816901408 1.80281690140845 2.05633802816901 3.23943661971831 3.28169014084507 1.08450704225352 0.605633802816901 0.774647887323944 1.19718309859155 1.66197183098592
0.25 0.5 0.357142857142857 1.60714285714286 1.67857142857143 2.85714285714286 2.71428571428571 1.69642857142857 1.71428571428571 2.78571428571429 2.48214285714286 1.14285714285714 1.48214285714286 0.392857142857143 0.25 0.321428571428571
0.318181818181818 0.659090909090909 0.931818181818182 0.863636363636364 0.568181818181818 1.86363636363636 2.15909090909091 0.522727272727273 0.454545454545455 1.02272727272727 1.72727272727273 1.90909090909091 1.88636363636364 0.409090909090909 0.318181818181818 0.5
0.119047619047619 0.5 1.26190476190476 0.738095238095238 0.285714285714286 1.83333333333333 2.07142857142857 1.19047619047619 1.30952380952381 0.928571428571429 1.0952380952381 2.30952380952381 2.02380952380952 0.142857142857143 0.119047619047619 0.285714285714286
0.269230769230769 0.961538461538462 0.346153846153846 0.576923076923077 0.423076923076923 1.38461538461538 1.57692307692308 2.23076923076923 1.57692307692308 0.730769230769231 0.692307692307692 1 1.07692307692308 1.15384615384615 0.807692307692308 1.15384615384615
0.4 1.06666666666667 2.2 0.866666666666667 0.933333333333333 1.26666666666667 1.8 3.4 2.8 1.46666666666667 1.53333333333333 0.533333333333333 0.733333333333333 1.13333333333333 1.26666666666667 2.13333333333333
0.2 0.333333333333333 0 1.6 1.4 0.466666666666667 0.466666666666667 1.06666666666667 1.46666666666667 2.2 1.66666666666667 0.4 0.133333333333333 0.0666666666666667 0.133333333333333 0.2
