0.148148148148148 0.518518518518518 0.0740740740740741 1.2962962962963 1.88888888888889 1.96296296296296 1.2962962962963 0.259259259259259 0.148148148148148 1.18518518518519 1 1.37037037037037 0.925925925925926 0.111111111111111 0.259259259259259 0.333333333333333
0.32967032967033 0.934065934065934 0.417582417582418 0.516483516483517 0.703296703296703 2.52747252747253 2.85714285714286 1.41758241758242 0.967032967032967 0.813186813186813 0.912087912087912 1.03296703296703 1.04395604395604 0.175824175824176 0.164835164835165 0.32967032967033
0.25 0.660714285714286 0.535714285714286 0.767857142857143 0.553571428571429 1.19642857142857 1.57142857142857 2.57142857142857 2.82142857142857 1.03571428571429 0.785714285714286 0.660714285714286 0.678571428571429 0.464285714285714 0.321428571428571 0.625
0.144927536231884 0.956521739130435 0.942028985507246 1.65217391304348 1.8695652173913 1.27536231884058 1.34782608695652 2.18840579710145 2.34782608695652 1.8695652173913 1.39130434782609 0.652173913043478 0.478260869565217 0.188405797101449 0.304347826086957 0.550724637681159
0.303571428571429 1.01785714285714 0.5 2.625 2.25 1.41071428571429 1.30357142857143 1.39285714285714 1.35714285714286 2.17857142857143 2 1.03571428571429 0.607142857142857 0.196428571428571 0.25 0.375
0.878378378378378 2.64864864864865 0.418918918918919 1.04054054054054 1.43243243243243 3.7027027027027 3.48648648648649 0.918918918918919 0.986486486486487 1.68918918918919 1.48648648648649 1.39189189189189 1.08108108108108 0.121621621621622 0.0945945945945946 0.216216216216216
0.368421052631579 1.6140350877193 1.12280701754386 0.824561403508772 0.631578947368421 2.63157894736842 2.82456140350877 1.12280701754386 0.894736842105263 0.824561403508772 0.947368421052632 1.35087719298246 1.43859649122807 0.315789473684211 0.228070175438596 0.403508771929825
0.490909090909091 1.43636363636364 1.23636363636364 1.05454545454545 0.818181818181818 1.43636363636364 1.81818181818182 2.50909090909091 2.16363636363636 0.618181818181818 0.763636363636364 1.01818181818182 1.18181818181818 0.4 0.272727272727273 0.545454545454545
0.333333333333333 1.36231884057971 1.79710144927536 2.17391304347826 1.1304347826087 1.49275362318841 1.60869565217391 3.50724637681159 3.59420289855072 1.7536231884058 1.89855072463768 0.652173913043478 0.927536231884058 0.608695652173913 0.782608695652174 1.72463768115942
0.267605633802817 0.676056338028169 0.985915492957746 1.80281690140845 1.56338028169014 1.3943661971831 1.38028169014085 1.66197183098592 2.28169014084507 2.43661971830986 2.70422535211268 0.52112676056338 0.253521126760563 0.394366197183099 0.492957746478873 0.943661971830986
0.303571428571429 0.75 0.214285714285714 1.53571428571429 1.53571428571429 1.98214285714286 1.73214285714286 1.19642857142857 1.33928571428571 2.16071428571429 1.98214285714286 1.375 1.51785714285714 0.464285714285714 0.232142857142857 0.607142857142857
0.340909090909091 0.795454545454545 0.340909090909091 0.840909090909091 0.954545454545455 2.29545454545455 1.75 0.545454545454545 0.454545454545455 1 1.45454545454545 2.20454545454545 1.45454545454545 0.181818181818182 0.204545454545455 0.636363636363636
0.214285714285714 0.976190476190476 0.333333333333333 0.380952380952381 0.357142857142857 2 1.88095238095238 1 0.666666666666667 0.833333333333333 0.976190476190476 2.23809523809524 2.04761904761905 0.0714285714285714 0.119047619047619 0.285714285714286
0.346153846153846 0.653846153846154 0.576923076923077 0.653846153846154 0.769230769230769 0.846153846153846 1.15384615384615 1.84615384615385 1.61538461538462 0.692307692307692 0.692307692307692 0.461538461538462 0.692307692307692 0.807692307692308 0.538461538461538 0.884615384615385
0.0666666666666667 0.6 0.266666666666667 1.26666666666667 0.866666666666667 0.6 0.8 0.733333333333333 1.2 2.13333333333333 2.13333333333333 0.466666666666667 0.333333333333333 0.2 0.333333333333333 0.533333333333333
0 0.666666666666667 0.466666666666667 1 0.733333333333333 1 1.6 0.533333333333333 0.666666666666667 3.46666666666667 2.33333333333333 0.6 0.6 0.2 0.266666666666667 0.466666666666667
