0 0.037037037037037 0 0.037037037037037 0.703703703703704 0.62962962962963 0.185185185185185 0 0 0.148148148148148 0.0740740740740741 0.37037037037037 0.222222222222222 0 0.037037037037037 0
0 0.021978021978022 0.010989010989011 0 0.241758241758242 0.593406593406593 0.857142857142857 0.230769230769231 0.010989010989011 0.0659340659340659 0.0549450549450549 0.0879120879120879 0.0989010989010989 0.021978021978022 0 0
0 0 0 0 0.0357142857142857 0.0892857142857143 0.446428571428571 0.428571428571429 0.464285714285714 0.25 0.0178571428571429 0 0.232142857142857 0.232142857142857 0.0178571428571429 0
0.0289855072463768 0.0144927536231884 0.0434782608695652 0.159420289855072 0.130434782608696 0.101449275362319 0.115942028985507 0.217391304347826 0.579710144927536 0.318840579710145 0.347826086956522 0.072463768115942 0 0.0144927536231884 0.115942028985507 0.0434782608695652
0.0892857142857143 0.285714285714286 0.0357142857142857 0.464285714285714 0.821428571428571 0.625 0.535714285714286 0.0892857142857143 0.178571428571429 0.214285714285714 0.214285714285714 0.125 0.0178571428571429 0 0 0
0.121621621621622 0.418918918918919 0.027027027027027 0.148648648648649 0.337837837837838 0.662162162162162 0.459459459459459 0.0675675675675676 0.0405405405405405 0.108108108108108 0.0675675675675676 0.364864864864865 0.0540540540540541 0 0 0
0.105263157894737 0.614035087719298 0.140350877192982 0.263157894736842 0.175438596491228 0.526315789473684 0.842105263157895 0.087719298245614 0 0.0526315789473684 0.0526315789473684 0.0526315789473684 0.140350877192982 0.0526315789473684 0.0350877192982456 0
0.109090909090909 0.454545454545455 0.236363636363636 0.0545454545454545 0.0545454545454545 0.218181818181818 0.327272727272727 0.509090909090909 0.363636363636364 0.0545454545454545 0.0181818181818182 0.109090909090909 0.109090909090909 0 0.0363636363636364 0.0363636363636364
0 0.0869565217391304 0.449275362318841 0.347826086956522 0.0434782608695652 0.144927536231884 0.173913043478261 0.188405797101449 0.507246376811594 0.521739130434783 0.565217391304348 0.0144927536231884 0.144927536231884 0.36231884057971 0.246376811594203 0.898550724637681
0.028169014084507 0 0.0704225352112676 0.380281690140845 0.366197183098592 0.112676056338028 0.0704225352112676 0.154929577464789 0.338028169014085 0.52112676056338 0.295774647887324 0.0704225352112676 0.0140845070422535 0.028169014084507 0.028169014084507 0.0704225352112676
0.0535714285714286 0.0892857142857143 0 0.178571428571429 0.232142857142857 0.357142857142857 0.0357142857142857 0.178571428571429 0.0178571428571429 0.25 0.321428571428571 0.482142857142857 0.0714285714285714 0 0 0
0 0.0681818181818182 0 0.0681818181818182 0.136363636363636 0.363636363636364 0.227272727272727 0.0454545454545455 0.0454545454545455 0.0227272727272727 0.363636363636364 0.545454545454545 0.0681818181818182 0 0 0.113636363636364
0 0.0952380952380952 0 0 0 0.119047619047619 0.166666666666667 0.0476190476190476 0.0952380952380952 0 0.19047619047619 0.595238095238095 0.19047619047619 0.0238095238095238 0 0
0 0.115384615384615 0.0384615384615385 0.307692307692308 0.0769230769230769 0.0769230769230769 0.307692307692308 0.384615384615385 0.423076923076923 0.153846153846154 0.0384615384615385 0.0384615384615385 0.153846153846154 0.192307692307692 0 0
0 0 0.0666666666666667 0.2 0.266666666666667 0 0.333333333333333 0.333333333333333 0.666666666666667 0.4 0.0666666666666667 0 0 0.2 0 0
0 0 0 0.266666666666667 0.4 0 0 0.0666666666666667 0.333333333333333 0.333333333333333 0 0.2 0 0 0 0.2
