0.0740740740740741 0.444444444444444 0.185185185185185 1.51851851851852 1.77777777777778 1.7037037037037 1.22222222222222 0.222222222222222 0.444444444444444 1.96296296296296 1.74074074074074 1.03703703703704 0.666666666666667 0.296296296296296 0.296296296296296 0.62962962962963
0.225352112676056 0.605633802816901 0.549295774647887 1 1.02816901408451 2.57746478873239 2.87323943661972 1.38028169014085 1.16901408450704 0.732394366197183 0.591549295774648 1.71830985915493 1.36619718309859 0.169014084507042 0.0845070422535211 0.183098591549296
0.210526315789474 0.710526315789474 1.06578947368421 0.644736842105263 0.578947368421053 1.82894736842105 2.39473684210526 1.82894736842105 2.02631578947368 1.23684210526316 0.894736842105263 0.855263157894737 1.06578947368421 0.513157894736842 0.302631578947368 0.842105263157895
0.27536231884058 0.681159420289855 0.927536231884058 1.8695652173913 1.84057971014493 1.27536231884058 1.10144927536232 2.05797101449275 2.44927536231884 1.94202898550725 1.88405797101449 0.72463768115942 0.623188405797101 0.289855072463768 0.333333333333333 0.681159420289855
0.446428571428571 1.21428571428571 0.607142857142857 1.82142857142857 2.46428571428571 1.48214285714286 1.10714285714286 1.23214285714286 1.26785714285714 1.69642857142857 2.14285714285714 1.01785714285714 0.821428571428571 0.142857142857143 0.142857142857143 0.339285714285714
0.662162162162162 2 0.513513513513513 1.06756756756757 1.17567567567568 3.64864864864865 3.63513513513514 0.851351351351351 0.743243243243243 1.33783783783784 1.36486486486486 1.13513513513514 0.891891891891892 0.175675675675676 0.108108108108108 0.27027027027027
0.280701754385965 1.29824561403509 1.40350877192982 1.14035087719298 1.14035087719298 3.54385964912281 3.82456140350877 1.52631578947368 1.31578947368421 0.403508771929825 0.87719298245614 1.70175438596491 1.57894736842105 0.43859649122807 0.157894736842105 0.43859649122807
0.309090909090909 0.909090909090909 1.12727272727273 1.21818181818182 1.14545454545455 1.89090909090909 1.90909090909091 1.70909090909091 2.18181818181818 0.545454545454545 0.563636363636364 1.43636363636364 1.27272727272727 0.272727272727273 0.0727272727272727 0.509090909090909
0.478260869565217 1.23188405797101 2.30434782608696 1.73913043478261 0.91304347826087 1.91304347826087 1.79710144927536 3.10144927536232 3.46376811594203 2.49275362318841 2.55072463768116 1.05797101449275 0.768115942028985 0.985507246376812 0.898550724637681 2.15942028985507
0.366197183098592 0.732394366197183 1.32394366197183 2.04225352112676 1.84507042253521 1.67605633802817 1.47887323943662 1.59154929577465 1.8169014084507 3.85915492957746 3.15492957746479 0.591549295774648 0.28169014084507 0.492957746478873 0.422535211267606 1.35211267605634
0.0714285714285714 0.321428571428571 0.232142857142857 0.982142857142857 1.08928571428571 2.05357142857143 2.08928571428571 1.375 1.16071428571429 1.94642857142857 2.14285714285714 1.33928571428571 1.10714285714286 0.267857142857143 0.196428571428571 0.303571428571429
0.181818181818182 0.568181818181818 1.61363636363636 1.38636363636364 0.840909090909091 1.88636363636364 1.68181818181818 0.431818181818182 0.454545454545455 1.47727272727273 1.52272727272727 1.56818181818182 1.34090909090909 0.136363636363636 0.136363636363636 0.477272727272727
0.238095238095238 0.523809523809524 1.11904761904762 0.761904761904762 0.357142857142857 1.57142857142857 2.16666666666667 1.0952380952381 1.16666666666667 0.69047619047619 0.928571428571429 1.71428571428571 1.88095238095238 0.0952380952380952 0.0476190476190476 0.238095238095238
0.346153846153846 0.807692307692308 0.769230769230769 0.846153846153846 0.192307692307692 1.30769230769231 1.69230769230769 1.5 1.61538461538462 0.346153846153846 0.230769230769231 0.384615384615385 0.384615384615385 0.730769230769231 0.423076923076923 0.615384615384615
0.266666666666667 0.533333333333333 1.86666666666667 1.46666666666667 1.33333333333333 1.26666666666667 1.6 2 2.26666666666667 1.6 1.06666666666667 0.666666666666667 0.466666666666667 0.333333333333333 0.266666666666667 0.466666666666667
0.266666666666667 0.866666666666667 0.2 1.06666666666667 0.8 1.26666666666667 1.53333333333333 0.666666666666667 0.8 2.26666666666667 3.6 0.533333333333333 0.266666666666667 0.266666666666667 0.333333333333333 0.666666666666667
