0.148148148148148 0.518518518518518 0.0740740740740741 1.22222222222222 1.40740740740741 2.22222222222222 1.62962962962963 0.111111111111111 0.148148148148148 0.925925925925926 0.925925925925926 1.11111111111111 1.07407407407407 0.148148148148148 0.185185185185185 0.111111111111111
0.307692307692308 0.89010989010989 0.351648351648352 0.923076923076923 0.934065934065934 2.40659340659341 3.26373626373626 1.16483516483516 1 0.879120879120879 0.736263736263736 1.18681318681319 1.47252747252747 0.351648351648352 0.131868131868132 0.307692307692308
0.107142857142857 0.5 0.410714285714286 0.678571428571429 0.25 0.785714285714286 1.17857142857143 2.23214285714286 2.42857142857143 1.19642857142857 0.767857142857143 0.678571428571429 0.732142857142857 0.339285714285714 0.232142857142857 0.5
0.072463768115942 0.695652173913043 0.72463768115942 1.36231884057971 1.46376811594203 1.01449275362319 1.08695652173913 2.18840579710145 1.98550724637681 2.11594202898551 2.05797101449275 0.63768115942029 0.449275362318841 0.434782608695652 0.347826086956522 0.63768115942029
0.446428571428571 1.51785714285714 0.446428571428571 2.69642857142857 2.91071428571429 2.05357142857143 2.01785714285714 1.53571428571429 1.48214285714286 2.25 2.25 0.928571428571429 0.767857142857143 0.321428571428571 0.125 0.410714285714286
0.675675675675676 2 0.432432432432432 1.08108108108108 1.78378378378378 3.06756756756757 2.59459459459459 1.06756756756757 0.716216216216216 1.35135135135135 1.40540540540541 1.22972972972973 1.14864864864865 0.0945945945945946 0.121621621621622 0.162162162162162
0.508771929824561 1.87719298245614 1.03508771929825 0.964912280701754 0.859649122807018 3.21052631578947 3.24561403508772 1.01754385964912 0.56140350877193 1.10526315789474 1.19298245614035 1.73684210526316 1.59649122807018 0.175438596491228 0.228070175438596 0.385964912280702
0.236363636363636 1.32727272727273 1.01818181818182 1.12727272727273 0.909090909090909 1.6 2 2.49090909090909 2.61818181818182 0.472727272727273 0.454545454545455 1.36363636363636 1.47272727272727 0.4 0.0727272727272727 0.327272727272727
0.318840579710145 1.59420289855072 1.72463768115942 1.65217391304348 0.927536231884058 1.49275362318841 1.30434782608696 3.49275362318841 3.89855072463768 2.78260869565217 2.47826086956522 0.985507246376812 0.797101449275362 1.20289855072464 1.11594202898551 2.20289855072464
0.267605633802817 0.619718309859155 1.16901408450704 1.95774647887324 1.6056338028169 1.61971830985915 1.54929577464789 2.19718309859155 1.94366197183099 3.01408450704225 2.56338028169014 0.352112676056338 0.309859154929577 0.408450704225352 0.591549295774648 1.1830985915493
0.232142857142857 0.678571428571429 0.410714285714286 1.21428571428571 1.03571428571429 2.48214285714286 2.39285714285714 1.21428571428571 1.03571428571429 1.78571428571429 2.21428571428571 1.21428571428571 1.625 0.446428571428571 0.339285714285714 0.482142857142857
0.272727272727273 0.681818181818182 0.477272727272727 0.840909090909091 0.75 1.68181818181818 1.70454545454545 0.840909090909091 0.545454545454545 1 1.20454545454545 1.56818181818182 1.09090909090909 0.25 0.113636363636364 0.477272727272727
0.0714285714285714 0.904761904761905 0.523809523809524 0.547619047619048 0.357142857142857 1.33333333333333 1.92857142857143 0.380952380952381 0.619047619047619 0.666666666666667 0.80952380952381 1.95238095238095 1.71428571428571 0.0714285714285714 0.0714285714285714 0.119047619047619
0.461538461538462 1.19230769230769 0.730769230769231 1.11538461538462 0.846153846153846 1 1.11538461538462 2.88461538461538 2.42307692307692 0.961538461538462 0.653846153846154 0.846153846153846 0.653846153846154 0.923076923076923 0.576923076923077 0.961538461538462
0.133333333333333 0.666666666666667 1 1.46666666666667 1.46666666666667 1.2 1.86666666666667 2.13333333333333 1.86666666666667 2.26666666666667 1.73333333333333 0.466666666666667 0.333333333333333 0.133333333333333 0.0666666666666667 0.266666666666667
0.133333333333333 0.733333333333333 0.266666666666667 1.2 1.73333333333333 0.733333333333333 1 1.2 1.73333333333333 2.33333333333333 2.26666666666667 0.333333333333333 0.2 0.2 0.133333333333333 0.6
