0 0.037037037037037 0 0.037037037037037 1.11111111111111 0.518518518518518 0.185185185185185 0 0 0.222222222222222 0.148148148148148 0.185185185185185 0.111111111111111 0 0.037037037037037 0
0 0.010989010989011 0.021978021978022 0.032967032967033 0.164835164835165 0.472527472527473 0.813186813186813 0.307692307692308 0.043956043956044 0.0989010989010989 0.0769230769230769 0.0989010989010989 0.186813186813187 0.043956043956044 0.010989010989011 0
0 0 0 0.0357142857142857 0 0.125 0.375 0.589285714285714 0.517857142857143 0.267857142857143 0.0714285714285714 0 0.107142857142857 0.142857142857143 0.0357142857142857 0
0.0144927536231884 0.0579710144927536 0.0144927536231884 0.101449275362319 0.0579710144927536 0.0434782608695652 0.0289855072463768 0.27536231884058 0.72463768115942 0.391304347826087 0.246376811594203 0.0579710144927536 0 0.0434782608695652 0.0434782608695652 0.0289855072463768
0.178571428571429 0.232142857142857 0.0535714285714286 0.142857142857143 0.517857142857143 0.785714285714286 0.517857142857143 0.25 0.178571428571429 0.339285714285714 0.303571428571429 0.107142857142857 0.0714285714285714 0.0178571428571429 0 0
0.108108108108108 0.472972972972973 0.0540540540540541 0.0405405405405405 0.378378378378378 0.554054054054054 0.378378378378378 0.0675675675675676 0.0810810810810811 0.162162162162162 0.121621621621622 0.202702702702703 0.108108108108108 0 0 0
0.0175438596491228 0.56140350877193 0.263157894736842 0.473684210526316 0.456140350877193 1.94736842105263 1.85964912280702 0.210526315789474 0 0.157894736842105 0.280701754385965 0.0526315789473684 0.12280701754386 0.192982456140351 0 0
0.0909090909090909 0.309090909090909 0.0909090909090909 0.0727272727272727 0.127272727272727 0.145454545454545 0.181818181818182 0.472727272727273 0.218181818181818 0.0363636363636364 0.0181818181818182 0.0363636363636364 0.0363636363636364 0 0.0545454545454545 0.0181818181818182
0 0.0869565217391304 0.420289855072464 0.463768115942029 0.0869565217391304 0.304347826086957 0.333333333333333 0.318840579710145 0.449275362318841 0.449275362318841 0.463768115942029 0.0144927536231884 0.202898550724638 0.434782608695652 0.260869565217391 0.63768115942029
0.0140845070422535 0.028169014084507 0.112676056338028 0.450704225352113 0.23943661971831 0.253521126760563 0.0985915492957746 0.225352112676056 0.436619718309859 0.380281690140845 0.323943661971831 0.0845070422535211 0 0.0422535211267606 0.0704225352112676 0.169014084507042
0.0357142857142857 0.0357142857142857 0 0.0892857142857143 0.232142857142857 0.357142857142857 0 0.125 0.0357142857142857 0.25 0.357142857142857 0.464285714285714 0.0357142857142857 0 0 0
0 0.0227272727272727 0 0.0227272727272727 0.0681818181818182 0.181818181818182 0.113636363636364 0.0227272727272727 0.0227272727272727 0.0681818181818182 0.272727272727273 0.545454545454545 0.136363636363636 0 0 0.0681818181818182
0 0.19047619047619 0 0 0 0.142857142857143 0.142857142857143 0.0476190476190476 0.0952380952380952 0 0.0714285714285714 0.404761904761905 0.30952380952381 0.0238095238095238 0 0
0.0769230769230769 0.0384615384615385 0.0769230769230769 0.0384615384615385 0 0.346153846153846 0.269230769230769 0.5 0.153846153846154 0.0769230769230769 0 0.0769230769230769 0.115384615384615 0.269230769230769 0 0
0 0.0666666666666667 0.0666666666666667 0.133333333333333 0.2 0 0.133333333333333 0 0.533333333333333 0.533333333333333 0.266666666666667 0 0 0.133333333333333 0 0
0 0.133333333333333 0 0.2 0.133333333333333 0.133333333333333 0.133333333333333 0.133333333333333 0.266666666666667 0.466666666666667 0.266666666666667 0.2 0 0 0 0
