0.185185185185185 0.333333333333333 0.037037037037037 1.44444444444444 1.85185185185185 1.77777777777778 0.925925925925926 0.185185185185185 0.296296296296296 1.40740740740741 1.74074074074074 1.40740740740741 0.814814814814815 0.37037037037037 0.37037037037037 0.333333333333333
0.197802197802198 0.813186813186813 0.450549450549451 0.538461538461538 0.703296703296703 2.49450549450549 2.63736263736264 1.02197802197802 0.692307692307692 0.791208791208791 0.934065934065934 1 1.02197802197802 0.263736263736264 0.142857142857143 0.32967032967033
0.232142857142857 0.571428571428571 0.714285714285714 0.732142857142857 0.589285714285714 1.05357142857143 1.57142857142857 2.41071428571429 2.51785714285714 1.48214285714286 1.05357142857143 0.785714285714286 0.964285714285714 0.357142857142857 0.464285714285714 0.714285714285714
0.36231884057971 0.971014492753623 0.782608695652174 1.6231884057971 1.53623188405797 1.01449275362319 1.08695652173913 2.46376811594203 2.14492753623188 1.94202898550725 1.76811594202899 0.623188405797101 0.739130434782609 0.434782608695652 0.231884057971014 0.623188405797101
0.571428571428571 0.821428571428571 0.428571428571429 1.91071428571429 1.73214285714286 2.16071428571429 2.21428571428571 1.39285714285714 1.375 2.01785714285714 2.10714285714286 0.964285714285714 0.803571428571429 0.321428571428571 0.178571428571429 0.392857142857143
0.824324324324324 2.09459459459459 0.391891891891892 1.12162162162162 1.22972972972973 3.18918918918919 3.51351351351351 0.797297297297297 0.72972972972973 1.31081081081081 1.06756756756757 1.27027027027027 1.04054054054054 0.162162162162162 0.0945945945945946 0.324324324324324
0.631578947368421 1.94736842105263 1.19298245614035 1.10526315789474 0.631578947368421 3.91228070175439 3.59649122807018 1.3859649122807 1.31578947368421 1.08771929824561 1.14035087719298 1.75438596491228 1.64912280701754 0.385964912280702 0.350877192982456 0.543859649122807
0.472727272727273 1.32727272727273 1.07272727272727 1.29090909090909 1.03636363636364 2 1.8 2.49090909090909 2.16363636363636 0.636363636363636 0.381818181818182 1.56363636363636 1.30909090909091 0.2 0.290909090909091 0.345454545454545
0.318840579710145 1.07246376811594 1.36231884057971 1.72463768115942 0.898550724637681 1.46376811594203 1.52173913043478 2.94202898550725 3.43478260869565 1.88405797101449 1.79710144927536 0.579710144927536 0.63768115942029 0.898550724637681 0.63768115942029 1.73913043478261
0.309859154929577 1.02816901408451 0.830985915492958 2.12676056338028 1.73239436619718 1.54929577464789 1.40845070422535 1.69014084507042 1.67605633802817 2.77464788732394 2.52112676056338 0.676056338028169 0.436619718309859 0.492957746478873 0.507042253521127 1.47887323943662
0.267857142857143 0.910714285714286 0.267857142857143 1.73214285714286 1.57142857142857 2.64285714285714 2.58928571428571 2.16071428571429 1.96428571428571 2.25 2.55357142857143 1.53571428571429 1.41071428571429 0.446428571428571 0.410714285714286 0.589285714285714
0.363636363636364 0.727272727272727 0.25 0.590909090909091 0.909090909090909 1.79545454545455 1.88636363636364 0.613636363636364 0.568181818181818 1.20454545454545 1.25 1.61363636363636 1.52272727272727 0.204545454545455 0.204545454545455 0.431818181818182
0.0714285714285714 0.547619047619048 0.404761904761905 0.30952380952381 0.142857142857143 1.85714285714286 1.26190476190476 1.28571428571429 0.833333333333333 0.738095238095238 0.857142857142857 1.42857142857143 1.4047619047619 0.166666666666667 0.119047619047619 0.261904761904762
0.230769230769231 0.346153846153846 0.576923076923077 0.461538461538462 0.423076923076923 0.769230769230769 1.46153846153846 2.57692307692308 2.73076923076923 0.730769230769231 0.538461538461538 0.923076923076923 1.73076923076923 0.384615384615385 0.192307692307692 0.576923076923077
0 0.333333333333333 0.4 0.8 0.333333333333333 0.466666666666667 1.06666666666667 1.13333333333333 1.53333333333333 2.4 1.46666666666667 0.266666666666667 0.333333333333333 0.0666666666666667 0.666666666666667 0.266666666666667
0 0.2 0 1.2 1.33333333333333 0.333333333333333 0.2 0.533333333333333 0.933333333333333 2.66666666666667 1.86666666666667 0.8 0.266666666666667 0.133333333333333 0.2 0.466666666666667
