0 0.0740740740740741 0 0 0.740740740740741 1 0.185185185185185 0 0 0.037037037037037 0.259259259259259 0.148148148148148 0.0740740740740741 0 0 0
0 0.043956043956044 0 0.010989010989011 0.142857142857143 0.571428571428571 0.824175824175824 0.263736263736264 0.010989010989011 0.021978021978022 0.10989010989011 0.0989010989010989 0.0989010989010989 0.043956043956044 0.010989010989011 0
0 0 0 0 0.0892857142857143 0.0535714285714286 0.410714285714286 0.589285714285714 0.357142857142857 0.232142857142857 0.0178571428571429 0 0.0892857142857143 0.267857142857143 0 0
0.0289855072463768 0.0144927536231884 0.0579710144927536 0.231884057971014 0.072463768115942 0.0434782608695652 0.159420289855072 0.202898550724638 0.536231884057971 0.492753623188406 0.260869565217391 0 0 0.0289855072463768 0.101449275362319 0.0434782608695652
0.0892857142857143 0.160714285714286 0.0535714285714286 1.25 1.57142857142857 0.910714285714286 0.75 0.267857142857143 0.285714285714286 0.214285714285714 0.178571428571429 0.0714285714285714 0.0535714285714286 0 0 0
0.121621621621622 0.405405405405405 0.0540540540540541 0.0810810810810811 0.351351351351351 0.810810810810811 0.5 0.0810810810810811 0.0810810810810811 0.027027027027027 0.027027027027027 0.148648648648649 0.121621621621622 0 0 0
0.0701754385964912 0.578947368421053 0.140350877192982 0.12280701754386 0.210526315789474 0.789473684210526 0.824561403508772 0.087719298245614 0 0.087719298245614 0.157894736842105 0.0175438596491228 0.0701754385964912 0.087719298245614 0.0526315789473684 0
0.0363636363636364 0.581818181818182 0.163636363636364 0.145454545454545 0.2 0.236363636363636 0.345454545454545 0.581818181818182 0.272727272727273 0.0363636363636364 0.0363636363636364 0.109090909090909 0.218181818181818 0.0363636363636364 0.0181818181818182 0.0363636363636364
0 0.144927536231884 0.318840579710145 0.463768115942029 0.072463768115942 0.478260869565217 0.36231884057971 0.260869565217391 0.550724637681159 0.594202898550725 0.434782608695652 0.072463768115942 0.202898550724638 0.246376811594203 0.376811594202899 0.652173913043478
0.0563380281690141 0.028169014084507 0.0845070422535211 0.338028169014085 0.323943661971831 0.253521126760563 0.0985915492957746 0.309859154929577 0.323943661971831 0.619718309859155 0.408450704225352 0.028169014084507 0.028169014084507 0.0845070422535211 0.154929577464789 0.0422535211267606
0.0178571428571429 0.160714285714286 0 0.0535714285714286 0.214285714285714 0.392857142857143 0.0535714285714286 0.107142857142857 0.0535714285714286 0.196428571428571 0.410714285714286 0.339285714285714 0.0714285714285714 0 0 0
0.0681818181818182 0.0909090909090909 0 0 0.0909090909090909 0.227272727272727 0.113636363636364 0.0909090909090909 0 0.159090909090909 0.181818181818182 0.363636363636364 0.295454545454545 0 0 0.295454545454545
0 0.166666666666667 0 0 0 0.119047619047619 0.119047619047619 0.0476190476190476 0.19047619047619 0 0.19047619047619 0.333333333333333 0.214285714285714 0 0 0
0.115384615384615 0.230769230769231 0.0384615384615385 0.192307692307692 0 0.269230769230769 0.576923076923077 0.230769230769231 0.307692307692308 0.115384615384615 0.0384615384615385 0.0384615384615385 0.0769230769230769 0.346153846153846 0 0
0 0.133333333333333 0 0 0.4 0 0 0.266666666666667 0.266666666666667 0.6 0.266666666666667 0 0 0 0.0666666666666667 0
0 0 0 0.4 0.133333333333333 0 0 0.2 0.466666666666667 0.533333333333333 0 0.0666666666666667 0 0 0 0
