0 0 0 0.0740740740740741 1.03703703703704 0.518518518518518 0.185185185185185 0 0 0.222222222222222 0.222222222222222 0.185185185185185 0.111111111111111 0 0.0740740740740741 0
0 0 0 0 0.131868131868132 0.494505494505495 0.824175824175824 0.340659340659341 0.043956043956044 0.0659340659340659 0.120879120879121 0.0989010989010989 0.153846153846154 0.043956043956044 0.021978021978022 0
0 0 0 0 0.0535714285714286 0.0714285714285714 0.392857142857143 0.410714285714286 0.571428571428571 0.428571428571429 0 0 0.0892857142857143 0.160714285714286 0 0
0.0289855072463768 0.0289855072463768 0.0289855072463768 0.231884057971014 0.101449275362319 0.072463768115942 0.0869565217391304 0.27536231884058 0.608695652173913 0.565217391304348 0.173913043478261 0.0869565217391304 0 0.0144927536231884 0.0289855072463768 0
0.107142857142857 0.178571428571429 0 1.05357142857143 1.46428571428571 0.482142857142857 0.5 0.0357142857142857 0.321428571428571 0.125 0.232142857142857 0.160714285714286 0.0357142857142857 0 0 0
0.175675675675676 0.378378378378378 0.0135135135135135 0.0540540540540541 0.351351351351351 0.864864864864865 0.405405405405405 0.108108108108108 0.135135135135135 0.0540540540540541 0.0945945945945946 0.243243243243243 0.108108108108108 0 0 0
0.0175438596491228 0.631578947368421 0.210526315789474 0.175438596491228 0.245614035087719 1.54385964912281 1.71929824561404 0.192982456140351 0 0.0701754385964912 0.140350877192982 0.087719298245614 0.175438596491228 0.0701754385964912 0 0.0175438596491228
0.0727272727272727 0.363636363636364 0.163636363636364 0.145454545454545 0.218181818181818 0.490909090909091 0.8 0.436363636363636 0.236363636363636 0.0545454545454545 0.0545454545454545 0.109090909090909 0.254545454545455 0.0181818181818182 0.0363636363636364 0.0363636363636364
0 0.0869565217391304 0.420289855072464 0.318840579710145 0.072463768115942 0.144927536231884 0.159420289855072 0.27536231884058 0.550724637681159 0.0869565217391304 0 0 0.115942028985507 0.0579710144927536 0.0289855072463768 0.072463768115942
0.0140845070422535 0.0422535211267606 0.0845070422535211 0.422535211267606 0.211267605633803 0.140845070422535 0.0704225352112676 0.225352112676056 0.422535211267606 0.507042253521127 0.211267605633803 0.0563380281690141 0 0 0.112676056338028 0.0704225352112676
0.0892857142857143 0.0357142857142857 0 0.160714285714286 0.357142857142857 0.410714285714286 0.0357142857142857 0.178571428571429 0.0714285714285714 0.375 0.285714285714286 0.482142857142857 0.125 0 0 0
0 0.0454545454545455 0 0 0.136363636363636 0.159090909090909 0.0681818181818182 0.0227272727272727 0.0227272727272727 0.0681818181818182 0.386363636363636 0.568181818181818 0.0681818181818182 0 0 0.159090909090909
0 0.142857142857143 0 0 0 0.0952380952380952 0.19047619047619 0.0476190476190476 0.0952380952380952 0 0.119047619047619 0.452380952380952 0.261904761904762 0 0 0
0.115384615384615 0.115384615384615 0 0.269230769230769 0 0.230769230769231 0.461538461538462 0.269230769230769 0.384615384615385 0.115384615384615 0 0 0.0769230769230769 0.153846153846154 0 0
0 0 0.0666666666666667 0 0.2 0 0 0.533333333333333 0.266666666666667 0.133333333333333 0.6 0 0 0 0 0
0 0 0 0.466666666666667 0 0 0 0.0666666666666667 0.733333333333333 0.4 0 0.133333333333333 0 0 0 0.0666666666666667
