0.148148148148148 0.444444444444444 0.111111111111111 0.777777777777778 1.92592592592593 1.77777777777778 1.22222222222222 0.148148148148148 0.222222222222222 1.33333333333333 1.33333333333333 1.92592592592593 0.962962962962963 0.296296296296296 0.259259259259259 0.481481481481481
0.295774647887324 0.563380281690141 0.422535211267606 0.633802816901408 0.971830985915493 2.74647887323944 2.77464788732394 1.05633802816901 0.71830985915493 0.788732394366197 0.830985915492958 1.2112676056338 1.01408450704225 0.154929577464789 0.0985915492957746 0.309859154929577
0.289473684210526 0.513157894736842 0.921052631578947 0.236842105263158 0.407894736842105 1.21052631578947 2.25 2.11842105263158 2 0.684210526315789 0.618421052631579 1 1.05263157894737 0.25 0.223684210526316 0.578947368421053
0.260869565217391 0.420289855072464 0.869565217391304 1.68115942028985 1.28985507246377 1.17391304347826 1.34782608695652 2.11594202898551 2.59420289855072 1.33333333333333 1.34782608695652 0.884057971014493 0.797101449275362 0.188405797101449 0.260869565217391 0.36231884057971
0.446428571428571 1.35714285714286 0.607142857142857 1.83928571428571 1.91071428571429 2.26785714285714 2.01785714285714 1.32142857142857 1.30357142857143 2.30357142857143 2.125 0.678571428571428 1.07142857142857 0.25 0.214285714285714 0.410714285714286
1.09459459459459 2.06756756756757 0.608108108108108 1.43243243243243 1.82432432432432 3.59459459459459 3.75675675675676 1.22972972972973 1.02702702702703 1.21621621621622 1.41891891891892 1 0.959459459459459 0.0675675675675676 0.0405405405405405 0.148648648648649
0.350877192982456 0.982456140350877 1.73684210526316 1.26315789473684 1.15789473684211 5.07017543859649 4.87719298245614 1.82456140350877 1.36842105263158 1.12280701754386 1.54385964912281 1.71929824561403 1.63157894736842 0.403508771929824 0.192982456140351 0.333333333333333
0.436363636363636 1.10909090909091 1.54545454545455 1.05454545454545 0.872727272727273 2.23636363636364 1.65454545454545 2.85454545454545 2.6 0.436363636363636 0.254545454545455 1.61818181818182 1.45454545454545 0.363636363636364 0.218181818181818 0.436363636363636
0.304347826086956 0.681159420289855 2.50724637681159 1.3768115942029 0.710144927536232 0.927536231884058 1.40579710144928 3.40579710144927 3.52173913043478 2.46376811594203 2.47826086956522 0.652173913043478 0.797101449275362 1.15942028985507 1.05797101449275 2.57971014492754
0.23943661971831 0.633802816901408 1.28169014084507 2.40845070422535 1.56338028169014 1.50704225352113 1.47887323943662 1.67605633802817 2.11267605633803 2.52112676056338 1.95774647887324 0.774647887323944 0.492957746478873 0.704225352112676 0.464788732394366 1.53521126760563
0.267857142857143 0.571428571428571 0.392857142857143 1.44642857142857 1.76785714285714 2.55357142857143 2.19642857142857 1.625 1.96428571428571 2.32142857142857 2.44642857142857 1.28571428571429 1.33928571428571 0.339285714285714 0.196428571428571 0.589285714285714
0.227272727272727 0.772727272727273 0.272727272727273 0.772727272727273 0.931818181818182 2.20454545454545 1.61363636363636 0.75 0.704545454545454 1.47727272727273 1.84090909090909 2.06818181818182 0.977272727272727 0.159090909090909 0.204545454545455 0.568181818181818
0.142857142857143 0.833333333333333 0.5 0.523809523809524 0.404761904761905 2.38095238095238 2.30952380952381 0.833333333333333 1.07142857142857 0.666666666666667 1.14285714285714 2.04761904761905 2.09523809523809 0.0714285714285714 0.0714285714285714 0.19047619047619
0.384615384615385 0.653846153846154 0.884615384615384 0.961538461538461 0.807692307692308 1.11538461538462 1.46153846153846 2.19230769230769 2.03846153846154 0.807692307692308 0.692307692307692 0.307692307692308 0.384615384615385 0.653846153846154 0.230769230769231 0.653846153846154
0.133333333333333 0.2 0.6 1 0.933333333333333 0.533333333333333 1.13333333333333 1.8 2.26666666666667 1.13333333333333 1.06666666666667 0.0666666666666667 0.133333333333333 0.133333333333333 0.333333333333333 0.333333333333333
0 0.0666666666666667 0.266666666666667 1 0.533333333333333 0.4 0.4 1 1.4 1.8 1.53333333333333 0.666666666666667 0.6 0.0666666666666667 0.2 0.466666666666667
