0.185185185185185 0.296296296296296 0.037037037037037 1.33333333333333 2.37037037037037 1.18518518518519 1.2962962962963 0.296296296296296 0.0740740740740741 1.03703703703704 1.14814814814815 1.48148148148148 1.11111111111111 0.333333333333333 0.222222222222222 0.259259259259259
0.175824175824176 0.956043956043956 0.483516483516483 0.659340659340659 0.912087912087912 2.67032967032967 3.0989010989011 1.1978021978022 0.989010989010989 0.648351648351648 0.747252747252747 1.42857142857143 1.14285714285714 0.285714285714286 0.197802197802198 0.505494505494505
0.0714285714285714 0.446428571428571 0.660714285714286 0.392857142857143 0.267857142857143 0.982142857142857 0.964285714285714 2.26785714285714 2.57142857142857 1.05357142857143 0.839285714285714 0.803571428571428 0.875 0.339285714285714 0.214285714285714 0.5
0.27536231884058 1.10144927536232 0.72463768115942 1.69565217391304 1.76811594202899 1.44927536231884 1.31884057971014 2.39130434782609 2.23188405797101 1.52173913043478 1.39130434782609 0.565217391304348 0.594202898550725 0.318840579710145 0.217391304347826 0.826086956521739
0.428571428571428 1.30357142857143 0.464285714285714 1.625 2.08928571428571 1.69642857142857 1.42857142857143 1.14285714285714 0.982142857142857 2.08928571428571 1.73214285714286 1.35714285714286 1.14285714285714 0.357142857142857 0.0714285714285714 0.25
0.810810810810811 2.09459459459459 0.310810810810811 1.16216216216216 1.64864864864865 3.78378378378378 3.37837837837838 1.17567567567568 0.864864864864865 1.45945945945946 1.27027027027027 1.32432432432432 1.08108108108108 0.148648648648649 0.162162162162162 0.27027027027027
0.280701754385965 1.57894736842105 1.07017543859649 1.47368421052632 0.929824561403509 3.98245614035088 4.63157894736842 1.85964912280702 1.52631578947368 1.08771929824561 1 1.66666666666667 1.64912280701754 0.31578947368421 0.228070175438596 0.578947368421053
0.236363636363636 1.29090909090909 1.14545454545455 1.05454545454545 0.890909090909091 2.34545454545454 1.87272727272727 2.47272727272727 2.07272727272727 0.509090909090909 0.4 1.09090909090909 0.945454545454545 0.218181818181818 0.181818181818182 0.418181818181818
0.36231884057971 1.56521739130435 1.71014492753623 1.79710144927536 0.985507246376811 1.39130434782609 1.2463768115942 2.82608695652174 3.08695652173913 1.42028985507246 1.47826086956522 0.695652173913043 0.768115942028985 0.898550724637681 0.681159420289855 1.73913043478261
0.47887323943662 0.873239436619718 0.802816901408451 2 1.67605633802817 1.61971830985915 1.22535211267606 2.40845070422535 2.67605633802817 3.59154929577465 3.23943661971831 0.577464788732394 0.352112676056338 0.492957746478873 0.563380281690141 0.957746478873239
0.196428571428571 0.464285714285714 0.196428571428571 1.44642857142857 1.44642857142857 1.66071428571429 2.33928571428571 1.46428571428571 1.41071428571429 2.28571428571429 2.33928571428571 1.25 0.875 0.410714285714286 0.303571428571428 0.464285714285714
0.295454545454545 0.636363636363636 0.181818181818182 0.409090909090909 0.477272727272727 1.65909090909091 1.77272727272727 0.659090909090909 0.727272727272727 1.43181818181818 1.68181818181818 1.77272727272727 1.43181818181818 0.363636363636364 0.318181818181818 0.795454545454545
0.142857142857143 0.666666666666667 0.595238095238095 0.452380952380952 0.309523809523809 1.38095238095238 1.57142857142857 0.928571428571428 0.976190476190476 0.476190476190476 0.5 1.42857142857143 1.38095238095238 0.142857142857143 0.0952380952380952 0.19047619047619
0.346153846153846 0.653846153846154 0.423076923076923 0.538461538461538 0.538461538461538 1.19230769230769 1.34615384615385 1.65384615384615 1.61538461538462 0.5 0.461538461538461 1 0.807692307692308 0.653846153846154 0.269230769230769 0.923076923076923
0.333333333333333 1.06666666666667 0.533333333333333 1.2 1.26666666666667 0.933333333333333 1.2 0.866666666666667 1.26666666666667 1.93333333333333 2.2 0.866666666666667 0.4 0.266666666666667 0.4 0.2
0.266666666666667 0.733333333333333 0 0.6 0.666666666666667 1 1.46666666666667 0.666666666666667 0.666666666666667 2.8 2.46666666666667 0.533333333333333 0.133333333333333 0.2 0.266666666666667 0.4
