0 0.0740740740740741 0 0.037037037037037 0.777777777777778 0.518518518518518 0.37037037037037 0 0 0.222222222222222 0.148148148148148 0.296296296296296 0.222222222222222 0 0.037037037037037 0
0 0.0659340659340659 0.021978021978022 0.010989010989011 0.164835164835165 0.593406593406593 0.736263736263736 0.340659340659341 0.032967032967033 0.0879120879120879 0.0879120879120879 0.0879120879120879 0.131868131868132 0.010989010989011 0 0
0 0 0 0.0178571428571429 0.0892857142857143 0.0892857142857143 0.375 0.517857142857143 0.517857142857143 0.339285714285714 0.0357142857142857 0 0.160714285714286 0.178571428571429 0.0357142857142857 0
0.0289855072463768 0.0144927536231884 0.0289855072463768 0.159420289855072 0.246376811594203 0.0869565217391304 0.115942028985507 0.246376811594203 0.594202898550725 0.376811594202899 0.231884057971014 0.0289855072463768 0 0 0.0579710144927536 0
0.107142857142857 0.321428571428571 0.0357142857142857 0.0178571428571429 0.375 0.553571428571429 0.446428571428571 0.214285714285714 0.142857142857143 0.232142857142857 0.107142857142857 0.0714285714285714 0.0357142857142857 0 0 0
0.216216216216216 0.418918918918919 0.027027027027027 0.0810810810810811 0.391891891891892 0.864864864864865 0.459459459459459 0.108108108108108 0.027027027027027 0.216216216216216 0 0.108108108108108 0.0810810810810811 0 0 0
0.105263157894737 0.508771929824561 0.298245614035088 0.368421052631579 0.368421052631579 2.36842105263158 2.24561403508772 0.192982456140351 0 0.157894736842105 0.105263157894737 0.0526315789473684 0.157894736842105 0.0526315789473684 0 0
0.109090909090909 0.345454545454545 0.145454545454545 0.163636363636364 0.145454545454545 0.236363636363636 0.436363636363636 0.490909090909091 0.327272727272727 0.0545454545454545 0.0545454545454545 0.0909090909090909 0.218181818181818 0.0363636363636364 0.0363636363636364 0
0 0.188405797101449 0.318840579710145 0.405797101449275 0.101449275362319 0.260869565217391 0.130434782608696 0.217391304347826 0.623188405797101 0.246376811594203 0.246376811594203 0.0289855072463768 0.101449275362319 0.188405797101449 0.231884057971014 0.405797101449275
0.0140845070422535 0.0140845070422535 0.140845070422535 0.408450704225352 0.225352112676056 0.154929577464789 0.140845070422535 0.112676056338028 0.577464788732394 0.563380281690141 0.28169014084507 0.0704225352112676 0 0.126760563380282 0.0845070422535211 0.028169014084507
0.0535714285714286 0.107142857142857 0 0.107142857142857 0.25 0.339285714285714 0 0.160714285714286 0.0178571428571429 0.25 0.446428571428571 0.410714285714286 0.0714285714285714 0 0 0
0.0454545454545455 0.0454545454545455 0 0.0681818181818182 0.0681818181818182 0.159090909090909 0.113636363636364 0 0 0.0227272727272727 0.204545454545455 0.545454545454545 0.136363636363636 0 0 0.0681818181818182
0 0.0952380952380952 0 0 0 0.0238095238095238 0.0952380952380952 0.0952380952380952 0.0952380952380952 0 0.0476190476190476 0.523809523809524 0.333333333333333 0.0238095238095238 0 0
0 0.0769230769230769 0.115384615384615 0.153846153846154 0.0384615384615385 0.115384615384615 0.192307692307692 0.384615384615385 0.384615384615385 0.153846153846154 0.0384615384615385 0 0.0384615384615385 0.346153846153846 0 0
0 0 0.0666666666666667 0 0.266666666666667 0 0.0666666666666667 0.133333333333333 0.333333333333333 0.533333333333333 0.6 0 0 0 0 0
0 0.0666666666666667 0 0.333333333333333 0 0.0666666666666667 0.0666666666666667 0.4 0.533333333333333 0.333333333333333 0 0.266666666666667 0 0 0 0.0666666666666667
