0.296296296296296 0.814814814814815 0.0740740740740741 0.518518518518518 0.888888888888889 2.85185185185185 2.25925925925926 0.333333333333333 0.148148148148148 0.888888888888889 1 1.07407407407407 0.777777777777778 0.37037037037037 0.148148148148148 0.185185185185185
0.175824175824176 0.527472527472527 0.32967032967033 0.637362637362637 0.89010989010989 2.21978021978022 2.74725274725275 1.23076923076923 0.868131868131868 0.538461538461538 0.648351648351648 1.26373626373626 1.18681318681319 0.153846153846154 0.0549450549450549 0.142857142857143
0.232142857142857 0.553571428571429 0.464285714285714 0.589285714285714 0.553571428571429 1.03571428571429 1.69642857142857 2.375 2.46428571428571 0.696428571428571 0.767857142857143 0.660714285714286 0.696428571428571 0.160714285714286 0.232142857142857 0.285714285714286
0.376811594202899 0.811594202898551 0.768115942028985 1.7536231884058 1.47826086956522 1.2463768115942 1.40579710144928 2.42028985507246 2.66666666666667 1.65217391304348 1.57971014492754 0.826086956521739 0.91304347826087 0.260869565217391 0.318840579710145 0.550724637681159
0.428571428571429 1.5 0.5 2.26785714285714 2.41071428571429 1.57142857142857 2.05357142857143 1.41071428571429 1.33928571428571 2.28571428571429 2.25 1.16071428571429 1 0.357142857142857 0.375 0.428571428571429
1.02702702702703 2.25675675675676 0.432432432432432 1.14864864864865 1.97297297297297 3.51351351351351 3.06756756756757 1.08108108108108 0.824324324324324 1.36486486486486 1.43243243243243 1.04054054054054 0.932432432432432 0.162162162162162 0.135135135135135 0.324324324324324
0.350877192982456 1.70175438596491 0.929824561403509 0.982456140350877 0.842105263157895 3.54385964912281 3.59649122807018 1.36842105263158 1.29824561403509 0.824561403508772 1.01754385964912 1.29824561403509 1.56140350877193 0.315789473684211 0.105263157894737 0.421052631578947
0.4 1.65454545454545 1.09090909090909 1.52727272727273 1.58181818181818 1.90909090909091 2.36363636363636 2.38181818181818 2.49090909090909 0.472727272727273 0.509090909090909 1.05454545454545 1.10909090909091 0.309090909090909 0.127272727272727 0.527272727272727
0.521739130434783 1.40579710144928 1.78260869565217 1.59420289855072 1.2463768115942 1.71014492753623 1.50724637681159 2.78260869565217 3.05797101449275 1.28985507246377 1.18840579710145 0.826086956521739 0.797101449275362 0.826086956521739 0.652173913043478 1.52173913043478
0.323943661971831 0.915492957746479 1.11267605633803 2.23943661971831 1.83098591549296 1.7887323943662 1.53521126760563 2.11267605633803 2.02816901408451 2.84507042253521 2.56338028169014 0.676056338028169 0.549295774647887 0.492957746478873 0.71830985915493 1.26760563380282
0.392857142857143 0.553571428571429 0.142857142857143 1.30357142857143 1.60714285714286 1.60714285714286 1.55357142857143 0.946428571428571 1.125 2.01785714285714 1.89285714285714 1.10714285714286 1.08928571428571 0.392857142857143 0.303571428571429 0.553571428571429
0.295454545454545 0.818181818181818 0.136363636363636 0.568181818181818 0.909090909090909 2.06818181818182 1.56818181818182 0.454545454545455 0.522727272727273 0.704545454545455 1.18181818181818 2.18181818181818 1.52272727272727 0.204545454545455 0.181818181818182 0.477272727272727
0.119047619047619 0.761904761904762 0.714285714285714 0.571428571428571 0.452380952380952 2.11904761904762 2.02380952380952 1.14285714285714 0.80952380952381 0.928571428571429 0.928571428571429 2.19047619047619 1.9047619047619 0.0476190476190476 0.166666666666667 0.166666666666667
0.0769230769230769 0.807692307692308 0.346153846153846 0.846153846153846 0.576923076923077 1.03846153846154 1.42307692307692 2.80769230769231 2.65384615384615 0.307692307692308 0.192307692307692 0.653846153846154 1 0.653846153846154 0.153846153846154 0.807692307692308
0.133333333333333 0.266666666666667 0.2 1.13333333333333 2.4 0.333333333333333 0.533333333333333 1.33333333333333 1.6 2.46666666666667 1.86666666666667 0.4 0.0666666666666667 0.333333333333333 0.533333333333333 0.733333333333333
0.0666666666666667 0 0.2 1.33333333333333 0.733333333333333 0.733333333333333 0.466666666666667 0.733333333333333 1.13333333333333 2.8 2.4 0.466666666666667 0.266666666666667 0 0.2 0.266666666666667
