0.148148148148148 0.592592592592593 0.222222222222222 1.03703703703704 1.81481481481481 2.25925925925926 1.77777777777778 0.444444444444444 0.148148148148148 1.55555555555556 1.37037037037037 1.40740740740741 0.666666666666667 0.111111111111111 0.296296296296296 0.407407407407407
0.253521126760563 0.492957746478873 0.47887323943662 0.845070422535211 0.71830985915493 2.57746478873239 3.16901408450704 1.01408450704225 1.12676056338028 0.366197183098592 0.549295774647887 1.53521126760563 1.14084507042254 0.0704225352112676 0.0845070422535211 0.169014084507042
0.236842105263158 0.671052631578947 0.868421052631579 0.802631578947368 0.56578947368421 1.39473684210526 1.72368421052632 2 2.13157894736842 1.03947368421053 0.947368421052631 0.723684210526316 1.15789473684211 0.407894736842105 0.381578947368421 0.578947368421053
0.188405797101449 0.753623188405797 0.695652173913043 2.08695652173913 1.55072463768116 1.15942028985507 1.28985507246377 2.04347826086956 2.07246376811594 1.89855072463768 1.34782608695652 0.811594202898551 0.63768115942029 0.347826086956522 0.304347826086956 0.608695652173913
0.482142857142857 1.03571428571429 0.553571428571428 2.17857142857143 2.89285714285714 2.05357142857143 2.16071428571429 1.55357142857143 1.67857142857143 2.19642857142857 2.05357142857143 0.803571428571428 1.01785714285714 0.285714285714286 0.232142857142857 0.625
0.756756756756757 1.83783783783784 0.527027027027027 1.05405405405405 1.51351351351351 3.08108108108108 2.64864864864865 0.797297297297297 0.648648648648649 1.32432432432432 1.14864864864865 1.32432432432432 0.878378378378378 0.0810810810810811 0.148648648648649 0.337837837837838
0.403508771929824 1.17543859649123 1.6140350877193 1.29824561403509 1.31578947368421 4.3859649122807 4.52631578947368 1.98245614035088 1.59649122807018 1.19298245614035 1.14035087719298 1.29824561403509 1.40350877192982 0.421052631578947 0.368421052631579 0.736842105263158
0.254545454545455 0.563636363636364 1.96363636363636 1.12727272727273 1.05454545454545 1 0.963636363636364 2.61818181818182 2.10909090909091 0.763636363636364 0.309090909090909 1.03636363636364 0.945454545454545 0.272727272727273 0.345454545454545 0.709090909090909
0.217391304347826 0.63768115942029 1.98550724637681 1.3768115942029 0.985507246376811 1.23188405797101 1.20289855072464 3.20289855072464 3.11594202898551 2.21739130434783 2.42028985507246 0.507246376811594 0.63768115942029 1.04347826086956 0.782608695652174 2.10144927536232
0.338028169014084 0.690140845070422 1.1830985915493 2.38028169014084 1.88732394366197 1.35211267605634 1.3943661971831 2.16901408450704 2.28169014084507 3.38028169014084 2.8169014084507 0.915492957746479 0.71830985915493 0.577464788732394 0.788732394366197 1.45070422535211
0.232142857142857 0.5 0.392857142857143 1.48214285714286 1.82142857142857 2.30357142857143 2.66071428571429 1.60714285714286 1.53571428571429 2.76785714285714 2.46428571428571 1.39285714285714 1.58928571428571 0.267857142857143 0.25 0.696428571428571
0.318181818181818 1.20454545454545 1.72727272727273 1.04545454545455 0.931818181818182 2.06818181818182 2.06818181818182 0.659090909090909 0.909090909090909 1.04545454545455 1.63636363636364 1.72727272727273 1.47727272727273 0.0454545454545454 0.272727272727273 0.772727272727273
0.119047619047619 0.428571428571428 1.0952380952381 0.666666666666667 0.261904761904762 1.30952380952381 1.42857142857143 1.16666666666667 0.642857142857143 0.666666666666667 0.785714285714286 1.57142857142857 1.69047619047619 0.0714285714285714 0.0714285714285714 0.214285714285714
0.307692307692308 0.884615384615384 0.423076923076923 1.23076923076923 1.07692307692308 0.923076923076923 1.57692307692308 2.73076923076923 3 0.807692307692308 0.653846153846154 0.615384615384615 0.961538461538461 0.576923076923077 0.192307692307692 1.07692307692308
0 0.533333333333333 0.2 0.933333333333333 0.866666666666667 0.733333333333333 0.6 1.8 1.53333333333333 1.86666666666667 1.93333333333333 0.2 0.133333333333333 0.266666666666667 1 1.2
0.2 0.733333333333333 0.2 1.26666666666667 0.666666666666667 1.06666666666667 1.4 0.533333333333333 1.2 2.86666666666667 2.46666666666667 0.666666666666667 0.6 0.0666666666666667 0.4 0.466666666666667
