0.259259259259259 0.37037037037037 0.0740740740740741 1 2.18518518518519 2 1.59259259259259 0.296296296296296 0.111111111111111 1.18518518518519 1 0.962962962962963 1 0.111111111111111 0.222222222222222 0.259259259259259
0.211267605633803 0.661971830985915 0.267605633802817 0.71830985915493 0.873239436619718 2.71830985915493 3.04225352112676 1.53521126760563 1.19718309859155 0.52112676056338 0.464788732394366 1.23943661971831 1.23943661971831 0.0704225352112676 0.183098591549296 0.0985915492957746
0.144736842105263 0.631578947368421 0.565789473684211 0.578947368421053 0.434210526315789 1.35526315789474 2.15789473684211 2.01315789473684 1.90789473684211 0.736842105263158 0.644736842105263 0.75 1.09210526315789 0.328947368421053 0.236842105263158 0.578947368421053
0.202898550724638 0.550724637681159 0.956521739130435 1.73913043478261 1.57971014492754 1.14492753623188 1.07246376811594 1.78260869565217 2.33333333333333 1.92753623188406 1.15942028985507 0.72463768115942 0.608695652173913 0.27536231884058 0.376811594202899 0.681159420289855
0.553571428571429 0.910714285714286 0.75 2.01785714285714 1.98214285714286 1.23214285714286 1.16071428571429 1.28571428571429 0.875 2.08928571428571 2.125 0.892857142857143 1.07142857142857 0.125 0.142857142857143 0.339285714285714
0.810810810810811 1.87837837837838 0.459459459459459 1.2027027027027 1.45945945945946 3.51351351351351 3.24324324324324 0.851351351351351 0.635135135135135 1.35135135135135 1.13513513513514 1.63513513513514 1.22972972972973 0.0945945945945946 0.0675675675675676 0.22972972972973
0.491228070175439 1.66666666666667 1.10526315789474 1.2280701754386 1.01754385964912 4.3859649122807 4.78947368421053 1.15789473684211 1.07017543859649 1.10526315789474 0.929824561403509 1.68421052631579 1.63157894736842 0.228070175438596 0.12280701754386 0.175438596491228
0.4 0.836363636363636 1.70909090909091 0.836363636363636 0.618181818181818 1.96363636363636 2.05454545454545 2.96363636363636 2.32727272727273 0.563636363636364 0.363636363636364 1.47272727272727 1.47272727272727 0.254545454545455 0.0727272727272727 0.327272727272727
0.231884057971014 0.898550724637681 2.3768115942029 1.71014492753623 1.02898550724638 1.01449275362319 1.52173913043478 2.71014492753623 2.76811594202899 1.11594202898551 1.08695652173913 0.565217391304348 0.652173913043478 0.826086956521739 0.478260869565217 1.46376811594203
0.140845070422535 0.408450704225352 0.873239436619718 2.25352112676056 1.47887323943662 1.47887323943662 1.25352112676056 1.94366197183099 1.92957746478873 2.85915492957746 2.50704225352113 0.661971830985915 0.577464788732394 0.52112676056338 0.464788732394366 1.25352112676056
0.178571428571429 0.375 0.321428571428571 1.33928571428571 1.05357142857143 2.33928571428571 2.30357142857143 1.94642857142857 1.92857142857143 2.32142857142857 2.42857142857143 2.21428571428571 1.73214285714286 0.392857142857143 0.392857142857143 0.5
0.363636363636364 0.522727272727273 0.363636363636364 0.568181818181818 0.522727272727273 1.36363636363636 1.59090909090909 0.545454545454545 0.386363636363636 0.977272727272727 1.15909090909091 1.56818181818182 0.977272727272727 0.113636363636364 0.0909090909090909 0.409090909090909
0.19047619047619 0.30952380952381 1.02380952380952 0.523809523809524 0.642857142857143 1.66666666666667 1.38095238095238 1.02380952380952 1.38095238095238 0.976190476190476 0.928571428571429 1.78571428571429 1.64285714285714 0.19047619047619 0.30952380952381 0.476190476190476
0.384615384615385 0.461538461538462 0.961538461538462 1.03846153846154 0.769230769230769 0.923076923076923 1.53846153846154 1.53846153846154 2.30769230769231 0.769230769230769 0.692307692307692 0.769230769230769 1.15384615384615 0.807692307692308 0.615384615384615 1.73076923076923
0.133333333333333 0.333333333333333 1.2 1.2 1.26666666666667 1.26666666666667 1.06666666666667 1 2.33333333333333 1.8 0.666666666666667 0.2 0.8 0.333333333333333 0.133333333333333 0.266666666666667
0.466666666666667 0.4 0.333333333333333 1.33333333333333 0.933333333333333 1.33333333333333 1.53333333333333 1.06666666666667 0.533333333333333 3.06666666666667 3.93333333333333 0.266666666666667 0.266666666666667 0.133333333333333 0.666666666666667 0.733333333333333
