0.148148148148148 0.592592592592593 0.222222222222222 0.592592592592593 1.11111111111111 3.18518518518519 1.92592592592593 0.333333333333333 0.222222222222222 0.888888888888889 0.925925925925926 1.51851851851852 1.18518518518519 0.185185185185185 0.148148148148148 0.37037037037037
0.28169014084507 0.422535211267606 0.253521126760563 0.732394366197183 0.873239436619718 2.98591549295775 3 0.971830985915493 0.788732394366197 0.492957746478873 0.802816901408451 1.14084507042254 1.15492957746479 0.112676056338028 0.0985915492957746 0.211267605633803
0.210526315789474 0.552631578947368 0.868421052631579 0.644736842105263 0.368421052631579 1.10526315789474 1.67105263157895 2.30263157894737 2.03947368421053 1.02631578947368 0.960526315789474 0.789473684210526 1.11842105263158 0.407894736842105 0.263157894736842 0.5
0.217391304347826 0.768115942028985 0.811594202898551 1.71014492753623 2.23188405797101 1.18840579710145 1.23188405797101 2.44927536231884 2.8695652173913 1.56521739130435 1.31884057971015 0.652173913043478 0.536231884057971 0.333333333333333 0.333333333333333 0.739130434782609
0.571428571428571 1.03571428571429 0.75 2.16071428571429 1.89285714285714 1.80357142857143 1.91071428571429 1.21428571428571 1.16071428571429 2.57142857142857 1.64285714285714 1.08928571428571 0.928571428571429 0.339285714285714 0.142857142857143 0.464285714285714
0.797297297297297 2.27027027027027 0.472972972972973 0.608108108108108 1.17567567567568 3.25675675675676 3.25675675675676 0.878378378378378 0.635135135135135 1.43243243243243 1.04054054054054 1.43243243243243 1.28378378378378 0.0540540540540541 0.0810810810810811 0.216216216216216
0.666666666666667 1.01754385964912 1.47368421052632 1.66666666666667 1.14035087719298 5.91228070175439 5.64912280701754 1.59649122807018 1.24561403508772 1.12280701754386 1.15789473684211 1.66666666666667 1.82456140350877 0.263157894736842 0.175438596491228 0.508771929824561
0.581818181818182 1.09090909090909 1.50909090909091 1 1.09090909090909 2.41818181818182 2.54545454545455 2.14545454545455 1.87272727272727 0.545454545454545 0.309090909090909 1.45454545454545 1.29090909090909 0.381818181818182 0.0363636363636364 0.490909090909091
0.521739130434783 1.21739130434783 3.07246376811594 1.85507246376812 0.927536231884058 1.47826086956522 1.82608695652174 2.72463768115942 2.85507246376812 0.971014492753623 0.927536231884058 0.826086956521739 0.565217391304348 0.666666666666667 0.623188405797101 1.28985507246377
0.253521126760563 0.464788732394366 1.07042253521127 2.09859154929577 1.80281690140845 1.49295774647887 1.45070422535211 1.63380281690141 1.53521126760563 2.98591549295775 2.46478873239437 0.507042253521127 0.535211267605634 0.535211267605634 0.929577464788732 1.47887323943662
0.196428571428571 0.410714285714286 0.535714285714286 1.19642857142857 1.42857142857143 2.83928571428571 2.80357142857143 1.67857142857143 1.46428571428571 2.5 2.76785714285714 2.01785714285714 1.42857142857143 0.392857142857143 0.178571428571429 0.5
0.409090909090909 0.704545454545455 0.318181818181818 0.931818181818182 0.840909090909091 2.61363636363636 2.36363636363636 0.545454545454545 0.772727272727273 1.38636363636364 1.06818181818182 1.79545454545455 1.45454545454545 0.227272727272727 0.272727272727273 0.75
0.357142857142857 0.857142857142857 0.666666666666667 0.857142857142857 0.452380952380952 2.16666666666667 2.16666666666667 0.880952380952381 0.476190476190476 0.904761904761905 0.785714285714286 2.38095238095238 2.23809523809524 0.285714285714286 0.142857142857143 0.404761904761905
0.423076923076923 1.15384615384615 0.884615384615385 0.423076923076923 0.461538461538462 2.07692307692308 2.46153846153846 2.53846153846154 2.23076923076923 0.423076923076923 0.269230769230769 1 1.07692307692308 1.15384615384615 0.615384615384615 1.42307692307692
0.2 0.133333333333333 0.466666666666667 0.4 0.466666666666667 0.733333333333333 0.933333333333333 1.8 1.4 2.2 1.6 0.333333333333333 0.666666666666667 0.533333333333333 0.666666666666667 1.06666666666667
0 0.2 0 1.2 0.866666666666667 0.6 0.266666666666667 1.33333333333333 1.33333333333333 3.06666666666667 2.4 0.533333333333333 0.133333333333333 0.2 0.0666666666666667 0.533333333333333
