0.111111111111111 0.481481481481481 0.259259259259259 0.962962962962963 1.40740740740741 1.96296296296296 1.48148148148148 0.185185185185185 0.296296296296296 1.40740740740741 1.33333333333333 1.25925925925926 0.962962962962963 0.296296296296296 0.37037037037037 0.185185185185185
0.169014084507042 0.380281690140845 0.23943661971831 0.816901408450704 0.915492957746479 2.23943661971831 2.45070422535211 1.49295774647887 1.11267605633803 0.422535211267606 0.507042253521127 1.35211267605634 1.16901408450704 0.0704225352112676 0.0985915492957746 0.126760563380282
0.144736842105263 0.684210526315789 1.01315789473684 0.578947368421053 0.5 1.38157894736842 1.80263157894737 2.10526315789474 2.05263157894737 1.31578947368421 1 0.960526315789473 0.776315789473684 0.421052631578947 0.381578947368421 0.868421052631579
0.246376811594203 0.681159420289855 0.942028985507246 1.78260869565217 1.43478260869565 1.40579710144928 1.1304347826087 2.56521739130435 2.52173913043478 2.04347826086956 1.40579710144928 0.753623188405797 0.579710144927536 0.159420289855072 0.376811594202899 0.594202898550725
0.607142857142857 0.982142857142857 0.714285714285714 2.03571428571429 2.17857142857143 1.58928571428571 1.57142857142857 1.33928571428571 1.57142857142857 1.89285714285714 1.94642857142857 0.839285714285714 0.607142857142857 0.321428571428571 0.392857142857143 0.517857142857143
0.743243243243243 1.93243243243243 0.567567567567567 1.04054054054054 1.16216216216216 3.47297297297297 3.14864864864865 0.986486486486486 0.959459459459459 1.27027027027027 1.14864864864865 1.45945945945946 1.40540540540541 0.135135135135135 0.175675675675676 0.22972972972973
0.491228070175439 1.24561403508772 1.84210526315789 1.28070175438596 0.929824561403509 3.26315789473684 3.85964912280702 1.43859649122807 1.19298245614035 1.21052631578947 1.01754385964912 2.17543859649123 2.07017543859649 0.421052631578947 0.175438596491228 0.578947368421053
0.309090909090909 1 1.34545454545455 1.16363636363636 0.672727272727273 2.29090909090909 1.69090909090909 2.49090909090909 2.30909090909091 0.672727272727273 0.4 0.945454545454545 0.945454545454545 0.236363636363636 0.127272727272727 0.272727272727273
0.478260869565217 1.04347826086956 2.33333333333333 2.14492753623188 1.01449275362319 1.57971014492754 1.53623188405797 2.57971014492754 2.98550724637681 1.10144927536232 0.91304347826087 1 1.10144927536232 0.521739130434782 0.521739130434782 1.3768115942029
0.253521126760563 0.535211267605634 1.35211267605634 1.84507042253521 1.73239436619718 1.87323943661972 1.63380281690141 2.71830985915493 2.23943661971831 2.6056338028169 2.50704225352113 0.47887323943662 0.394366197183099 0.633802816901408 0.690140845070422 1.26760563380282
0.178571428571429 0.428571428571428 0.267857142857143 1.33928571428571 1.42857142857143 2.375 2 1.58928571428571 1.125 2.375 2.39285714285714 1.60714285714286 1.39285714285714 0.321428571428571 0.25 0.678571428571428
0.318181818181818 0.75 0.477272727272727 0.477272727272727 0.363636363636364 2.77272727272727 1.63636363636364 0.681818181818182 0.636363636363636 1 1.40909090909091 1.90909090909091 1.63636363636364 0.272727272727273 0.159090909090909 0.636363636363636
0.119047619047619 0.380952380952381 0.5 0.619047619047619 0.642857142857143 1.5 1.64285714285714 1.61904761904762 1.28571428571429 0.666666666666667 0.833333333333333 1.71428571428571 1.83333333333333 0.285714285714286 0.19047619047619 0.261904761904762
0.615384615384615 0.846153846153846 0.846153846153846 1.15384615384615 0.923076923076923 1.42307692307692 1.61538461538462 2.23076923076923 2.84615384615385 0.769230769230769 0.5 0.692307692307692 0.846153846153846 0.807692307692308 0.576923076923077 1.03846153846154
0.133333333333333 0.533333333333333 0.333333333333333 1.73333333333333 2 0.666666666666667 1 1.26666666666667 0.8 2.26666666666667 1.93333333333333 0.266666666666667 0.133333333333333 0.266666666666667 0.266666666666667 0.4
0.266666666666667 1 0.2 0.266666666666667 0.533333333333333 1.4 1.53333333333333 0.933333333333333 0.8 1.93333333333333 1.8 0.4 0.2 0.0666666666666667 0.0666666666666667 0.133333333333333
