0.333333333333333 0.481481481481481 0 1.03703703703704 1.62962962962963 1.92592592592593 1.51851851851852 0.185185185185185 0.037037037037037 1.18518518518519 0.703703703703704 1.81481481481481 1.37037037037037 0.185185185185185 0.333333333333333 0.185185185185185
0.126760563380282 0.647887323943662 0.436619718309859 0.957746478873239 0.901408450704225 2.66197183098592 3.01408450704225 1.08450704225352 1.09859154929577 0.943661971830986 1 1.15492957746479 1.57746478873239 0.225352112676056 0.140845070422535 0.23943661971831
0.0921052631578947 0.381578947368421 0.868421052631579 0.684210526315789 0.421052631578947 1.42105263157895 1.73684210526316 2.09210526315789 2.36842105263158 0.842105263157895 0.736842105263158 0.657894736842105 0.842105263157895 0.394736842105263 0.342105263157895 0.618421052631579
0.246376811594203 0.666666666666667 1.01449275362319 1.94202898550725 1.81159420289855 1.36231884057971 1.81159420289855 2.71014492753623 2.7536231884058 1.21739130434783 1.17391304347826 0.942028985507246 0.797101449275362 0.246376811594203 0.391304347826087 0.666666666666667
0.5 1.17857142857143 0.875 1.96428571428571 2.17857142857143 1.91071428571429 2.39285714285714 1.42857142857143 1.44642857142857 2.42857142857143 2.41071428571429 1.125 0.964285714285714 0.375 0.25 0.303571428571429
0.878378378378378 2.24324324324324 0.756756756756757 1.08108108108108 1.2972972972973 3.37837837837838 3.17567567567568 1.04054054054054 0.945945945945946 1.33783783783784 1.33783783783784 1.27027027027027 1.09459459459459 0.108108108108108 0.135135135135135 0.202702702702703
0.456140350877193 1.36842105263158 1.42105263157895 1.35087719298246 0.894736842105263 3.42105263157895 3.98245614035088 1.36842105263158 1.03508771929825 1.10526315789474 1.28070175438596 1.33333333333333 1.85964912280702 0.368421052631579 0.245614035087719 0.210526315789474
0.472727272727273 1.25454545454545 0.890909090909091 1.29090909090909 0.963636363636364 1.58181818181818 1.63636363636364 2.43636363636364 2.27272727272727 0.290909090909091 0.309090909090909 0.872727272727273 1.14545454545455 0.4 0.236363636363636 0.472727272727273
0.434782608695652 1.26086956521739 2.3768115942029 2.40579710144928 1.08695652173913 1.78260869565217 2.05797101449275 3.17391304347826 3.20289855072464 1.81159420289855 1.46376811594203 0.971014492753623 0.91304347826087 0.840579710144927 0.652173913043478 1.36231884057971
0.338028169014085 0.873239436619718 1.08450704225352 2.29577464788732 1.7887323943662 2.45070422535211 2.22535211267606 2.6056338028169 2.54929577464789 3.35211267605634 2.91549295774648 0.591549295774648 0.563380281690141 0.690140845070423 0.690140845070423 1.3943661971831
0.196428571428571 0.5 0.285714285714286 1.33928571428571 1.30357142857143 2.21428571428571 2.96428571428571 1.98214285714286 1.82142857142857 2.375 2.32142857142857 1.5 1.39285714285714 0.339285714285714 0.214285714285714 0.410714285714286
0.272727272727273 0.454545454545455 0.136363636363636 0.431818181818182 0.318181818181818 1.63636363636364 1.56818181818182 0.5 0.568181818181818 0.931818181818182 1.11363636363636 1.72727272727273 1.68181818181818 0.136363636363636 0.113636363636364 0.386363636363636
0.214285714285714 0.428571428571429 0.857142857142857 0.571428571428571 0.571428571428571 1.88095238095238 1.54761904761905 1.28571428571429 1.02380952380952 0.69047619047619 0.738095238095238 2.0952380952381 2.02380952380952 0.119047619047619 0.0952380952380952 0.238095238095238
0.346153846153846 1.19230769230769 1.34615384615385 1.34615384615385 1.42307692307692 1.34615384615385 1.5 1.92307692307692 2 1.11538461538462 0.615384615384615 0.769230769230769 0.884615384615385 1.46153846153846 1.80769230769231 2.42307692307692
0.333333333333333 0.533333333333333 0.6 1.33333333333333 1.33333333333333 0.466666666666667 1.4 1.06666666666667 1.8 2.53333333333333 1.73333333333333 0.266666666666667 0.133333333333333 0.666666666666667 0.8 1.13333333333333
0.266666666666667 0.866666666666667 0.666666666666667 0.733333333333333 1.06666666666667 1.66666666666667 1.53333333333333 0.533333333333333 0.933333333333333 2.53333333333333 2.4 0.733333333333333 0.6 0.266666666666667 0.6 0.466666666666667
