0.222222222222222 0.407407407407407 0.037037037037037 0.962962962962963 1.62962962962963 2.03703703703704 1.77777777777778 0.296296296296296 0.0740740740740741 1.25925925925926 1.22222222222222 1.51851851851852 1.03703703703704 0.407407407407407 0.296296296296296 0.37037037037037
0.186813186813187 0.692307692307692 0.241758241758242 0.439560439560439 0.582417582417582 2.51648351648352 2.75824175824176 1.27472527472527 0.989010989010989 0.648351648351648 0.648351648351648 1.01098901098901 1.14285714285714 0.164835164835165 0.0769230769230769 0.296703296703297
0.196428571428571 0.482142857142857 0.607142857142857 0.875 0.428571428571428 1.26785714285714 1.73214285714286 2.26785714285714 2.14285714285714 1.125 0.678571428571428 0.857142857142857 0.928571428571428 0.25 0.196428571428571 0.285714285714286
0.188405797101449 0.710144927536232 0.507246376811594 1.73913043478261 1.79710144927536 1.07246376811594 1.55072463768116 1.33333333333333 1.57971014492754 2.23188405797101 2.08695652173913 0.753623188405797 0.63768115942029 0.333333333333333 0.478260869565217 0.550724637681159
0.571428571428571 1.26785714285714 0.517857142857143 1.89285714285714 2.33928571428571 2.01785714285714 1.76785714285714 1.39285714285714 1.07142857142857 2.21428571428571 2.35714285714286 0.946428571428571 0.910714285714286 0.107142857142857 0.0714285714285714 0.589285714285714
0.851351351351351 1.95945945945946 0.364864864864865 0.959459459459459 1.2972972972973 3.36486486486486 3.04054054054054 0.972972972972973 0.648648648648649 1.28378378378378 1 1.48648648648649 1.35135135135135 0.121621621621622 0.148648648648649 0.243243243243243
0.491228070175439 1.78947368421053 0.964912280701754 1.28070175438596 0.947368421052631 3.31578947368421 4.17543859649123 1.71929824561403 1.6140350877193 1.05263157894737 1.05263157894737 1.35087719298246 1.33333333333333 0.526315789473684 0.192982456140351 0.771929824561403
0.527272727272727 1.56363636363636 0.8 1 0.636363636363636 1.67272727272727 1.85454545454545 2.52727272727273 2.09090909090909 0.636363636363636 0.363636363636364 1.07272727272727 0.963636363636364 0.181818181818182 0.127272727272727 0.309090909090909
0.463768115942029 1.92753623188406 1.72463768115942 1.72463768115942 1.1304347826087 1.68115942028985 1.78260869565217 3.18840579710145 3.68115942028985 2.31884057971014 2.69565217391304 0.753623188405797 0.739130434782609 1.11594202898551 0.768115942028985 2.47826086956522
0.154929577464789 0.746478873239437 0.957746478873239 1.88732394366197 1.33802816901408 1.23943661971831 1.2112676056338 1.54929577464789 1.73239436619718 2.35211267605634 1.70422535211268 0.225352112676056 0.112676056338028 0.633802816901408 0.563380281690141 1.2112676056338
0.160714285714286 0.464285714285714 0.392857142857143 0.910714285714286 0.589285714285714 2.92857142857143 2.69642857142857 1.46428571428571 1.41071428571429 1.94642857142857 1.78571428571429 1.66071428571429 1.35714285714286 0.285714285714286 0.178571428571429 0.339285714285714
0.363636363636364 1.15909090909091 0.5 0.75 0.977272727272727 1.88636363636364 1.88636363636364 0.727272727272727 0.636363636363636 1.56818181818182 1.56818181818182 1.93181818181818 1.15909090909091 0.318181818181818 0.204545454545455 0.75
0.19047619047619 1 0.714285714285714 0.428571428571428 0.285714285714286 1.85714285714286 1.95238095238095 0.761904761904762 0.809523809523809 0.809523809523809 0.880952380952381 2.21428571428571 1.95238095238095 0.333333333333333 0.0952380952380952 0.357142857142857
0.192307692307692 0.538461538461538 0.230769230769231 0.846153846153846 1.03846153846154 1 1.34615384615385 2.65384615384615 2.96153846153846 1.30769230769231 0.730769230769231 0.423076923076923 0.423076923076923 0.538461538461538 0.346153846153846 0.5
0.4 1.33333333333333 0.733333333333333 1.86666666666667 1.06666666666667 1.26666666666667 1.13333333333333 1.73333333333333 2.2 1.46666666666667 2 0.533333333333333 0.6 2.13333333333333 0.6 2.26666666666667
0.2 0.866666666666667 0.266666666666667 1.06666666666667 0.466666666666667 1.66666666666667 1.4 0.6 1.26666666666667 3.26666666666667 3 0.4 0.266666666666667 0.266666666666667 0.266666666666667 0.533333333333333
