0 0.0740740740740741 0 0.0740740740740741 0.703703703703704 0.666666666666667 0.444444444444444 0 0 0.222222222222222 0.148148148148148 0.111111111111111 0.111111111111111 0 0.0740740740740741 0
0 0.032967032967033 0.010989010989011 0.032967032967033 0.186813186813187 0.494505494505495 0.78021978021978 0.263736263736264 0.010989010989011 0.0549450549450549 0.10989010989011 0.10989010989011 0.175824175824176 0.0659340659340659 0.032967032967033 0
0 0 0 0.0357142857142857 0.0714285714285714 0.107142857142857 0.571428571428571 0.392857142857143 0.482142857142857 0.321428571428571 0 0 0.142857142857143 0.0357142857142857 0.0357142857142857 0
0.0289855072463768 0.0289855072463768 0.0144927536231884 0.144927536231884 0.115942028985507 0.188405797101449 0.0289855072463768 0.492753623188406 0.492753623188406 0.304347826086957 0.27536231884058 0.0579710144927536 0 0 0.0579710144927536 0
0.0892857142857143 0.196428571428571 0 0.357142857142857 0.714285714285714 0.517857142857143 0.535714285714286 0.142857142857143 0.160714285714286 0.160714285714286 0.196428571428571 0.107142857142857 0.0535714285714286 0 0 0
0.162162162162162 0.391891891891892 0 0.0945945945945946 0.418918918918919 0.689189189189189 0.459459459459459 0.0675675675675676 0.0135135135135135 0.162162162162162 0.0675675675675676 0.283783783783784 0.121621621621622 0 0 0
0.105263157894737 0.473684210526316 0.210526315789474 0.280701754385965 0.157894736842105 1.21052631578947 1.28070175438596 0.157894736842105 0 0.087719298245614 0.157894736842105 0.0526315789473684 0.12280701754386 0.087719298245614 0.0175438596491228 0
0.0363636363636364 0.490909090909091 0.0909090909090909 0.0909090909090909 0.109090909090909 0.272727272727273 0.272727272727273 0.545454545454545 0.236363636363636 0.0363636363636364 0.0363636363636364 0.0909090909090909 0.254545454545455 0.0181818181818182 0.0181818181818182 0.0363636363636364
0 0.072463768115942 0.405797101449275 0.304347826086957 0.0869565217391304 0.188405797101449 0.318840579710145 0.173913043478261 0.492753623188406 0.260869565217391 0.188405797101449 0 0.0869565217391304 0.246376811594203 0.072463768115942 0.420289855072464
0.0422535211267606 0.0140845070422535 0.140845070422535 0.422535211267606 0.225352112676056 0.267605633802817 0.183098591549296 0.154929577464789 0.47887323943662 0.535211267605634 0.323943661971831 0.0563380281690141 0 0.028169014084507 0.028169014084507 0.0563380281690141
0.0535714285714286 0.0357142857142857 0 0.0892857142857143 0.214285714285714 0.392857142857143 0.0357142857142857 0.178571428571429 0.0535714285714286 0.214285714285714 0.375 0.589285714285714 0.0714285714285714 0 0 0
0.0227272727272727 0.0454545454545455 0 0 0.204545454545455 0.227272727272727 0.159090909090909 0.0681818181818182 0.0227272727272727 0.0681818181818182 0.409090909090909 0.590909090909091 0.113636363636364 0 0 0.0909090909090909
0 0.119047619047619 0 0 0 0.142857142857143 0.166666666666667 0.238095238095238 0 0 0.166666666666667 0.452380952380952 0.261904761904762 0.0476190476190476 0 0
0.0769230769230769 0.153846153846154 0.115384615384615 0.0769230769230769 0 0.153846153846154 0.692307692307692 0.384615384615385 0.269230769230769 0.0769230769230769 0 0.115384615384615 0.153846153846154 0.230769230769231 0.0384615384615385 0
0 0.0666666666666667 0.0666666666666667 0.2 0.133333333333333 0 0.2 0.0666666666666667 0.6 0.0666666666666667 0.466666666666667 0 0 0.2 0.0666666666666667 0
0 0.2 0 0.333333333333333 0.266666666666667 0.2 0.2 0.0666666666666667 0.466666666666667 0.133333333333333 0.533333333333333 0.133333333333333 0 0 0 0.133333333333333
