0 0.148148148148148 0 0 0.592592592592593 1 0.37037037037037 0 0 0.0740740740740741 0.296296296296296 0.222222222222222 0.0740740740740741 0 0 0
0 0.131868131868132 0 0.021978021978022 0.241758241758242 0.406593406593407 0.868131868131868 0.252747252747253 0.021978021978022 0.0549450549450549 0.0879120879120879 0.153846153846154 0.10989010989011 0.010989010989011 0.010989010989011 0
0 0 0 0.0714285714285714 0.125 0 0.339285714285714 0.446428571428571 0.696428571428571 0.285714285714286 0.0714285714285714 0.0178571428571429 0.125 0.107142857142857 0.0357142857142857 0
0.072463768115942 0.0579710144927536 0.0144927536231884 0.115942028985507 0.101449275362319 0.202898550724638 0.173913043478261 0.231884057971014 0.347826086956522 0.507246376811594 0.217391304347826 0 0 0 0.144927536231884 0
0.178571428571429 0.160714285714286 0.0535714285714286 0.125 0.428571428571429 0.446428571428571 0.785714285714286 0.285714285714286 0.196428571428571 0.321428571428571 0.303571428571429 0.285714285714286 0.0714285714285714 0.0178571428571429 0 0
0.148648648648649 0.324324324324324 0.0405405405405405 0.162162162162162 0.405405405405405 0.675675675675676 0.310810810810811 0.0540540540540541 0.0135135135135135 0.0945945945945946 0.0675675675675676 0.243243243243243 0.0945945945945946 0 0 0
0.140350877192982 0.526315789473684 0.157894736842105 0.105263157894737 0.105263157894737 0.614035087719298 0.649122807017544 0.0526315789473684 0 0.087719298245614 0.0175438596491228 0.0526315789473684 0.157894736842105 0.0701754385964912 0 0.0175438596491228
0.0363636363636364 0.418181818181818 0.163636363636364 0.181818181818182 0.0727272727272727 0.345454545454545 0.418181818181818 0.218181818181818 0.290909090909091 0.0363636363636364 0.0727272727272727 0.236363636363636 0.181818181818182 0.0181818181818182 0.0545454545454545 0
0 0.130434782608696 0.333333333333333 0.449275362318841 0.072463768115942 0.347826086956522 0.173913043478261 0.231884057971014 0.492753623188406 0.333333333333333 0.260869565217391 0.0144927536231884 0.217391304347826 0.130434782608696 0.202898550724638 0.347826086956522
0.0140845070422535 0.0140845070422535 0.0985915492957746 0.366197183098592 0.28169014084507 0.197183098591549 0.0845070422535211 0.140845070422535 0.28169014084507 0.563380281690141 0.267605633802817 0.0563380281690141 0.0140845070422535 0.140845070422535 0.0563380281690141 0.0845070422535211
0 0.0892857142857143 0 0.142857142857143 0.107142857142857 0.232142857142857 0.0178571428571429 0.0892857142857143 0.0535714285714286 0.0714285714285714 0.410714285714286 0.517857142857143 0.107142857142857 0 0 0
0 0.0681818181818182 0 0.0227272727272727 0.204545454545455 0.113636363636364 0.136363636363636 0.0681818181818182 0 0.0227272727272727 0.340909090909091 0.568181818181818 0.159090909090909 0 0 0
0 0.0952380952380952 0 0 0 0.0476190476190476 0.0714285714285714 0.0476190476190476 0.142857142857143 0 0.214285714285714 0.404761904761905 0.238095238095238 0.0238095238095238 0 0
0 0.0769230769230769 0.0769230769230769 0.0769230769230769 0.115384615384615 0 0.307692307692308 0.5 0.384615384615385 0.269230769230769 0.115384615384615 0 0.0769230769230769 0.269230769230769 0 0
0 0 0 0.0666666666666667 0.2 0 0.133333333333333 0.0666666666666667 0.4 0.8 0.266666666666667 0 0 0.0666666666666667 0 0
0 0.0666666666666667 0 0.333333333333333 0.0666666666666667 0.0666666666666667 0.0666666666666667 0.266666666666667 0.4 0.333333333333333 0.133333333333333 0.2 0 0 0 0.0666666666666667
