0.222222222222222 0.407407407407407 0.111111111111111 1.11111111111111 1.66666666666667 2.14814814814815 1.33333333333333 0.37037037037037 0.148148148148148 1.44444444444444 1.55555555555556 0.962962962962963 0.851851851851852 0.37037037037037 0.185185185185185 0.407407407407407
0.253521126760563 0.633802816901408 0.52112676056338 0.619718309859155 0.859154929577465 2.59154929577465 3.25352112676056 1.56338028169014 0.971830985915493 0.633802816901408 0.549295774647887 1.53521126760563 1.46478873239437 0.140845070422535 0.0704225352112676 0.225352112676056
0.184210526315789 0.315789473684211 1 0.776315789473684 0.342105263157895 1.30263157894737 1.61842105263158 2.15789473684211 2.38157894736842 0.973684210526316 0.986842105263158 0.631578947368421 0.907894736842105 0.342105263157895 0.276315789473684 0.526315789473684
0.159420289855072 0.579710144927536 0.536231884057971 1.46376811594203 1.72463768115942 1.21739130434783 1.01449275362319 2.34782608695652 2.39130434782609 1.91304347826087 1.39130434782609 0.536231884057971 0.449275362318841 0.420289855072464 0.304347826086957 0.594202898550725
0.535714285714286 0.946428571428571 0.517857142857143 3.44642857142857 3.21428571428571 2.03571428571429 1.73214285714286 1.39285714285714 1.375 2.01785714285714 2.10714285714286 0.678571428571429 0.767857142857143 0.321428571428571 0.178571428571429 0.392857142857143
1.10810810810811 2.58108108108108 0.337837837837838 0.918918918918919 1.68918918918919 4.36486486486486 3.72972972972973 0.932432432432432 0.77027027027027 1.37837837837838 1.68918918918919 1.09459459459459 0.959459459459459 0.0810810810810811 0.108108108108108 0.175675675675676
0.350877192982456 0.947368421052632 1.10526315789474 1.26315789473684 0.842105263157895 2.57894736842105 2.6140350877193 1.05263157894737 1.12280701754386 1.28070175438596 0.912280701754386 1.29824561403509 1.31578947368421 0.508771929824561 0.280701754385965 0.666666666666667
0.418181818181818 0.909090909090909 1.74545454545455 0.945454545454545 0.709090909090909 1.81818181818182 1.34545454545455 2.43636363636364 2.30909090909091 0.690909090909091 0.472727272727273 1.30909090909091 1.27272727272727 0.254545454545455 0.290909090909091 0.4
0.202898550724638 0.695652173913043 2.26086956521739 1.60869565217391 0.898550724637681 1.18840579710145 1.2463768115942 2.56521739130435 3.08695652173913 1.92753623188406 1.95652173913043 0.681159420289855 0.710144927536232 0.753623188405797 0.869565217391304 1.78260869565217
0.492957746478873 0.873239436619718 1.57746478873239 2.66197183098592 1.73239436619718 1.98591549295775 1.83098591549296 2.09859154929577 2.26760563380282 2.97183098591549 2.80281690140845 0.985915492957746 0.957746478873239 1.25352112676056 1.08450704225352 2.07042253521127
0.125 0.482142857142857 0.517857142857143 1.26785714285714 1.375 2.375 2.17857142857143 1.375 1.44642857142857 2.19642857142857 2.05357142857143 1.69642857142857 1.30357142857143 0.285714285714286 0.303571428571429 0.607142857142857
0.295454545454545 0.863636363636364 0.840909090909091 0.704545454545455 0.840909090909091 2.13636363636364 1.88636363636364 0.840909090909091 0.636363636363636 1.27272727272727 1.75 1.65909090909091 1.15909090909091 0.340909090909091 0.159090909090909 0.545454545454545
0.238095238095238 0.595238095238095 0.714285714285714 0.428571428571429 0.30952380952381 2.16666666666667 2.14285714285714 1.02380952380952 0.761904761904762 0.666666666666667 0.833333333333333 2.26190476190476 1.83333333333333 0.19047619047619 0.0952380952380952 0.404761904761905
0.461538461538462 0.730769230769231 0.423076923076923 1.26923076923077 0.730769230769231 1.30769230769231 1.57692307692308 3.73076923076923 4.34615384615385 0.576923076923077 0.538461538461538 0.769230769230769 1.26923076923077 0.615384615384615 0.384615384615385 0.615384615384615
0.2 0.533333333333333 2.06666666666667 1 0.866666666666667 1.46666666666667 1.53333333333333 2.73333333333333 2.53333333333333 1.93333333333333 1.46666666666667 0.4 0.4 0.4 0.4 0.733333333333333
0.466666666666667 1.66666666666667 0 0.733333333333333 0.466666666666667 2.4 2.13333333333333 0.666666666666667 0.533333333333333 3.33333333333333 4.06666666666667 0.0666666666666667 0.133333333333333 0.666666666666667 0.266666666666667 1.2
