0.296296296296296 0.777777777777778 0.0740740740740741 1.2962962962963 1.11111111111111 2.85185185185185 2.33333333333333 0.333333333333333 0.222222222222222 0.851851851851852 1.62962962962963 1.25925925925926 0.703703703703704 0.222222222222222 0.111111111111111 0.333333333333333
0.285714285714286 0.868131868131868 0.461538461538462 0.505494505494505 0.923076923076923 2.79120879120879 2.87912087912088 1.13186813186813 0.857142857142857 0.703296703296703 0.626373626373626 1.57142857142857 1.51648351648352 0.186813186813187 0.0989010989010989 0.417582417582418
0.142857142857143 0.410714285714286 0.482142857142857 0.642857142857143 0.375 1.21428571428571 1.76785714285714 2 2.17857142857143 0.821428571428571 0.517857142857143 0.696428571428571 0.678571428571429 0.357142857142857 0.285714285714286 0.5
0.159420289855072 0.927536231884058 0.739130434782609 1.57971014492754 1.27536231884058 1.33333333333333 1.15942028985507 2.72463768115942 2.72463768115942 1.39130434782609 1.46376811594203 0.623188405797101 0.666666666666667 0.36231884057971 0.405797101449275 0.579710144927536
0.571428571428571 1.58928571428571 0.535714285714286 2.21428571428571 2.44642857142857 1.98214285714286 1.73214285714286 1.55357142857143 1.46428571428571 1.76785714285714 1.82142857142857 1.10714285714286 0.892857142857143 0.428571428571429 0.464285714285714 0.607142857142857
1 2.87837837837838 0.310810810810811 1.32432432432432 1.45945945945946 4.17567567567568 3.78378378378378 0.783783783783784 0.702702702702703 1.56756756756757 1.21621621621622 1.66216216216216 1.22972972972973 0.0945945945945946 0.0810810810810811 0.22972972972973
0.526315789473684 1.71929824561404 0.842105263157895 1.47368421052632 1.07017543859649 4.07017543859649 4.19298245614035 1.33333333333333 1.10526315789474 0.754385964912281 0.789473684210526 1.33333333333333 1.28070175438596 0.245614035087719 0.210526315789474 0.385964912280702
0.381818181818182 1.54545454545455 0.945454545454545 1.10909090909091 0.854545454545454 1.67272727272727 2.03636363636364 2.12727272727273 2.49090909090909 0.418181818181818 0.418181818181818 1.09090909090909 1.05454545454545 0.236363636363636 0.0545454545454545 0.254545454545455
0.579710144927536 2.15942028985507 2.46376811594203 2.02898550724638 1.33333333333333 2.40579710144928 2.59420289855072 4.15942028985507 3.81159420289855 2.01449275362319 1.94202898550725 0.91304347826087 0.811594202898551 0.898550724637681 0.72463768115942 1.79710144927536
0.352112676056338 1.47887323943662 1.08450704225352 2.53521126760563 1.83098591549296 2.26760563380282 2.15492957746479 2.38028169014085 2.46478873239437 2.92957746478873 3.07042253521127 0.732394366197183 0.422535211267606 0.774647887323944 0.577464788732394 1.56338028169014
0.214285714285714 0.678571428571429 0.339285714285714 1.03571428571429 1.30357142857143 2.48214285714286 2.30357142857143 1.125 1.21428571428571 2.10714285714286 1.92857142857143 1.66071428571429 1.44642857142857 0.410714285714286 0.178571428571429 0.357142857142857
0.318181818181818 0.431818181818182 0.0681818181818182 0.5 0.522727272727273 1.63636363636364 1.22727272727273 0.409090909090909 0.545454545454545 0.727272727272727 0.977272727272727 1.84090909090909 1.18181818181818 0.159090909090909 0.181818181818182 0.409090909090909
0.0714285714285714 0.595238095238095 0.452380952380952 0.380952380952381 0.547619047619048 1.78571428571429 1.95238095238095 0.595238095238095 0.666666666666667 0.904761904761905 0.880952380952381 2.0952380952381 1.73809523809524 0.119047619047619 0.0476190476190476 0.0714285714285714
0.269230769230769 0.423076923076923 0.923076923076923 0.884615384615385 0.153846153846154 0.884615384615385 0.692307692307692 2.5 2.07692307692308 0.269230769230769 0.346153846153846 0.423076923076923 0.615384615384615 0.230769230769231 0.115384615384615 0.307692307692308
0.266666666666667 0.933333333333333 0.466666666666667 1.33333333333333 0.933333333333333 1.33333333333333 0.866666666666667 1.46666666666667 1.46666666666667 1.73333333333333 1.8 0.266666666666667 0.4 0.466666666666667 0.266666666666667 0.8
0.266666666666667 0.666666666666667 0.266666666666667 1.2 1.53333333333333 1.2 0.933333333333333 0.866666666666667 1.26666666666667 2.26666666666667 2.06666666666667 0.333333333333333 0.333333333333333 0 0 0.0666666666666667
