0.185185185185185 0.62962962962963 0.148148148148148 1.03703703703704 1.66666666666667 1.85185185185185 1.81481481481481 0.259259259259259 0.185185185185185 1.33333333333333 1.2962962962963 1.11111111111111 1.03703703703704 0.222222222222222 0.481481481481481 0.407407407407407
0.230769230769231 0.901098901098901 0.296703296703297 0.758241758241758 0.923076923076923 2.34065934065934 2.83516483516483 1.17582417582418 1.08791208791209 0.791208791208791 0.868131868131868 1.01098901098901 1 0.0549450549450549 0.120879120879121 0.142857142857143
0.107142857142857 0.678571428571428 0.571428571428571 0.714285714285714 0.232142857142857 1.32142857142857 1.625 2.26785714285714 1.98214285714286 0.910714285714286 0.75 0.839285714285714 1.07142857142857 0.482142857142857 0.392857142857143 0.571428571428571
0.159420289855072 0.956521739130435 0.536231884057971 1.33333333333333 1.04347826086956 1.28985507246377 1.14492753623188 2.31884057971014 2.21739130434783 1.88405797101449 1.52173913043478 0.579710144927536 0.36231884057971 0.144927536231884 0.289855072463768 0.463768115942029
0.535714285714286 1.33928571428571 0.357142857142857 3.30357142857143 3.83928571428571 1.48214285714286 1.58928571428571 1.41071428571429 1.41071428571429 2.28571428571429 1.91071428571429 1.30357142857143 0.839285714285714 0.142857142857143 0.178571428571429 0.375
0.824324324324324 2.31081081081081 0.243243243243243 0.851351351351351 1.5 3.22972972972973 3.64864864864865 1 0.891891891891892 1.35135135135135 1.40540540540541 1.13513513513513 0.864864864864865 0.175675675675676 0.0135135135135135 0.202702702702703
0.333333333333333 1.42105263157895 1.01754385964912 0.771929824561403 0.578947368421053 2.52631578947368 2.80701754385965 1.19298245614035 1.03508771929825 0.947368421052631 1.42105263157895 1.21052631578947 1.2280701754386 0.543859649122807 0.210526315789474 0.631578947368421
0.345454545454545 1.89090909090909 1.18181818181818 1.30909090909091 1 1.52727272727273 2.12727272727273 2.50909090909091 2.29090909090909 0.436363636363636 0.545454545454545 1.09090909090909 0.927272727272727 0.254545454545455 0.236363636363636 0.418181818181818
0.420289855072464 1.27536231884058 1.63768115942029 1.40579710144928 0.956521739130435 1.66666666666667 1.3768115942029 2.65217391304348 2.94202898550725 2.14492753623188 2 0.768115942028985 0.623188405797101 0.768115942028985 0.91304347826087 2.02898550724638
0.267605633802817 1.11267605633803 1.14084507042254 2.30985915492958 1.54929577464789 1.36619718309859 1.38028169014084 1.77464788732394 1.71830985915493 2.98591549295775 2.74647887323944 0.464788732394366 0.295774647887324 0.661971830985915 0.71830985915493 1.2112676056338
0.25 0.464285714285714 0.232142857142857 1.32142857142857 1.58928571428571 2.35714285714286 2.26785714285714 1.48214285714286 1.51785714285714 2.625 2.17857142857143 1.82142857142857 1.33928571428571 0.428571428571428 0.232142857142857 0.660714285714286
0.227272727272727 1.29545454545455 0.590909090909091 1.04545454545455 0.863636363636363 2.15909090909091 1.84090909090909 0.272727272727273 0.409090909090909 1.09090909090909 1.56818181818182 2.20454545454545 1.88636363636364 0.204545454545455 0.25 0.772727272727273
0.142857142857143 0.809523809523809 0.666666666666667 0.809523809523809 0.309523809523809 2.16666666666667 1.97619047619048 0.952380952380952 0.952380952380952 0.857142857142857 1.14285714285714 2.73809523809524 1.71428571428571 0.0952380952380952 0.0476190476190476 0.238095238095238
0.346153846153846 0.846153846153846 0.923076923076923 1.76923076923077 0.923076923076923 1 1.46153846153846 1.76923076923077 2.34615384615385 0.576923076923077 0.576923076923077 0.461538461538461 0.307692307692308 0.5 0.307692307692308 0.615384615384615
0.133333333333333 0.266666666666667 0.6 0.666666666666667 1.06666666666667 0.933333333333333 1.66666666666667 1.66666666666667 2.06666666666667 1.06666666666667 1.06666666666667 0.0666666666666667 0.266666666666667 0.133333333333333 0.333333333333333 0.466666666666667
0 1 0.333333333333333 0.533333333333333 0.866666666666667 1.2 1.06666666666667 1.13333333333333 1.53333333333333 1.4 1.6 0.466666666666667 0.533333333333333 0 0 0.133333333333333
