0 0 0 0.148148148148148 0.666666666666667 0.814814814814815 0.148148148148148 0 0 0.37037037037037 0.222222222222222 0.185185185185185 0.111111111111111 0 0.148148148148148 0
0 0.043956043956044 0.021978021978022 0.010989010989011 0.120879120879121 0.472527472527473 0.692307692307692 0.406593406593407 0.0659340659340659 0.0879120879120879 0.0769230769230769 0.131868131868132 0.131868131868132 0.032967032967033 0 0
0 0 0 0 0.0357142857142857 0.0892857142857143 0.517857142857143 0.357142857142857 0.482142857142857 0.392857142857143 0.125 0 0.0892857142857143 0.178571428571429 0.0714285714285714 0
0.0434782608695652 0.0434782608695652 0.0144927536231884 0.260869565217391 0.101449275362319 0.0579710144927536 0.0579710144927536 0.188405797101449 0.710144927536232 0.463768115942029 0.159420289855072 0.115942028985507 0 0 0.072463768115942 0.0434782608695652
0.142857142857143 0.267857142857143 0.0178571428571429 0.125 0.464285714285714 0.571428571428571 0.303571428571429 0.196428571428571 0.160714285714286 0.357142857142857 0.375 0.178571428571429 0.0714285714285714 0 0 0
0.283783783783784 0.432432432432432 0.0135135135135135 0.148648648648649 0.310810810810811 0.756756756756757 0.297297297297297 0.135135135135135 0.0810810810810811 0.0540540540540541 0.0405405405405405 0.22972972972973 0.0675675675675676 0 0 0
0.087719298245614 0.473684210526316 0.280701754385965 0.175438596491228 0.228070175438596 0.87719298245614 0.894736842105263 0.157894736842105 0 0.105263157894737 0.192982456140351 0.12280701754386 0.175438596491228 0.0701754385964912 0.0175438596491228 0
0.0181818181818182 0.418181818181818 0.181818181818182 0.0909090909090909 0.0363636363636364 0.0909090909090909 0.363636363636364 0.436363636363636 0.218181818181818 0.0181818181818182 0.0181818181818182 0.0727272727272727 0.218181818181818 0 0 0
0 0.144927536231884 0.36231884057971 0.36231884057971 0.144927536231884 0.260869565217391 0.202898550724638 0.202898550724638 0.536231884057971 0.304347826086957 0.231884057971014 0.0579710144927536 0.173913043478261 0.188405797101449 0.115942028985507 0.449275362318841
0.0563380281690141 0.0140845070422535 0.0845070422535211 0.436619718309859 0.295774647887324 0.169014084507042 0.211267605633803 0.197183098591549 0.380281690140845 0.422535211267606 0.267605633802817 0.0704225352112676 0 0.0704225352112676 0.0985915492957746 0.0845070422535211
0.0892857142857143 0.125 0 0.0892857142857143 0.375 0.375 0 0.214285714285714 0.0535714285714286 0.267857142857143 0.410714285714286 0.25 0.0714285714285714 0 0 0
0 0.0909090909090909 0 0 0.159090909090909 0.204545454545455 0.204545454545455 0.0681818181818182 0.0227272727272727 0.0227272727272727 0.340909090909091 0.613636363636364 0.181818181818182 0 0 0.113636363636364
0 0.142857142857143 0 0 0 0.166666666666667 0.166666666666667 0.0952380952380952 0.0476190476190476 0 0.119047619047619 0.476190476190476 0.285714285714286 0.0952380952380952 0 0
0.0384615384615385 0.115384615384615 0.153846153846154 0.192307692307692 0 0.230769230769231 0.346153846153846 0.5 0.269230769230769 0.0769230769230769 0 0.0384615384615385 0.153846153846154 0.192307692307692 0 0
0 0 0.133333333333333 0 0.133333333333333 0 0.133333333333333 0.466666666666667 0.333333333333333 0.133333333333333 0.733333333333333 0 0 0 0 0
0 0.0666666666666667 0 0.133333333333333 0.133333333333333 0.0666666666666667 0.0666666666666667 0.2 0.2 0.266666666666667 0.266666666666667 0.333333333333333 0 0 0 0.333333333333333
