0.0740740740740741 0.777777777777778 0.0740740740740741 1.33333333333333 2.03703703703704 2.11111111111111 2.11111111111111 0.296296296296296 0.296296296296296 1.33333333333333 1.96296296296296 0.888888888888889 0.814814814814815 0.296296296296296 0.148148148148148 0.518518518518518
0.175824175824176 0.725274725274725 0.417582417582418 0.472527472527473 0.769230769230769 2.61538461538462 3.20879120879121 1.16483516483516 1.01098901098901 0.989010989010989 1.08791208791209 1.53846153846154 1.58241758241758 0.274725274725275 0.131868131868132 0.318681318681319
0.178571428571429 0.607142857142857 0.392857142857143 0.767857142857143 0.482142857142857 1.35714285714286 1.76785714285714 2.57142857142857 2.32142857142857 0.785714285714286 0.75 0.767857142857143 0.732142857142857 0.267857142857143 0.178571428571429 0.482142857142857
0.173913043478261 0.855072463768116 0.681159420289855 1.71014492753623 1.69565217391304 1.2463768115942 1.30434782608696 2.36231884057971 2.18840579710145 1.73913043478261 1.55072463768116 0.681159420289855 0.666666666666667 0.376811594202899 0.36231884057971 0.811594202898551
0.482142857142857 1.21428571428571 0.535714285714286 2.23214285714286 2.92857142857143 2.32142857142857 1.71428571428571 1.76785714285714 1.51785714285714 2.16071428571429 1.98214285714286 1.41071428571429 0.964285714285714 0.303571428571429 0.214285714285714 0.589285714285714
1.02702702702703 2.5 0.256756756756757 0.945945945945946 1.01351351351351 3.51351351351351 3.25675675675676 0.702702702702703 0.540540540540541 1.25675675675676 1.22972972972973 1.43243243243243 1.08108108108108 0.0675675675675676 0.0945945945945946 0.22972972972973
0.333333333333333 1.78947368421053 1.36842105263158 1.26315789473684 0.859649122807018 3.63157894736842 4.01754385964912 1.71929824561404 1.21052631578947 1.45614035087719 1.50877192982456 1.47368421052632 1.3859649122807 0.508771929824561 0.263157894736842 0.578947368421053
0.363636363636364 1.61818181818182 0.963636363636364 1.10909090909091 0.672727272727273 1.85454545454545 2.16363636363636 2.29090909090909 2.18181818181818 0.6 0.472727272727273 1.14545454545455 1.18181818181818 0.218181818181818 0.0545454545454545 0.218181818181818
0.405797101449275 1.23188405797101 1.60869565217391 1.50724637681159 1.02898550724638 1.89855072463768 1.56521739130435 2.79710144927536 3.1304347826087 1.76811594202899 1.02898550724638 1 0.855072463768116 0.608695652173913 0.565217391304348 1.04347826086957
0.169014084507042 0.732394366197183 0.943661971830986 1.91549295774648 1.43661971830986 1.71830985915493 1.70422535211268 1.28169014084507 1.63380281690141 2.67605633802817 2.25352112676056 0.591549295774648 0.464788732394366 0.690140845070423 0.535211267605634 1.19718309859155
0.214285714285714 0.660714285714286 0.303571428571429 1.17857142857143 1.23214285714286 2.19642857142857 1.73214285714286 1.125 0.910714285714286 2.17857142857143 2.19642857142857 1.46428571428571 1.5 0.321428571428571 0.410714285714286 0.517857142857143
0.204545454545455 0.522727272727273 0.204545454545455 0.636363636363636 0.568181818181818 1.95454545454545 1.88636363636364 0.613636363636364 0.704545454545455 0.590909090909091 1.11363636363636 2 1.40909090909091 0.227272727272727 0.25 0.795454545454545
0.166666666666667 0.476190476190476 0.452380952380952 0.714285714285714 0.476190476190476 1.64285714285714 2.14285714285714 1.21428571428571 0.857142857142857 0.714285714285714 0.714285714285714 2.52380952380952 1.35714285714286 0.214285714285714 0.0952380952380952 0.333333333333333
0.307692307692308 1.26923076923077 0.5 0.884615384615385 0.576923076923077 0.730769230769231 1.46153846153846 2.65384615384615 2.53846153846154 0.769230769230769 0.538461538461538 0.576923076923077 0.615384615384615 0.615384615384615 0.5 1.76923076923077
0.133333333333333 0.266666666666667 0.2 0.933333333333333 1.33333333333333 0.533333333333333 0.666666666666667 1.33333333333333 2.06666666666667 2.13333333333333 0.933333333333333 0.2 0.533333333333333 0.133333333333333 0.133333333333333 0.4
0.4 0.466666666666667 0.4 1.53333333333333 1.46666666666667 0.866666666666667 1.26666666666667 0.866666666666667 1 2.6 2.86666666666667 0.666666666666667 0.533333333333333 0.4 0.333333333333333 0.666666666666667
