0.0740740740740741 0.740740740740741 0.037037037037037 1.37037037037037 1.77777777777778 1.7037037037037 1.11111111111111 0.148148148148148 0.185185185185185 1.44444444444444 0.888888888888889 1.22222222222222 1.37037037037037 0.333333333333333 0.185185185185185 0.259259259259259
0.21978021978022 0.714285714285714 0.417582417582418 0.538461538461538 0.714285714285714 2.57142857142857 2.93406593406593 1.25274725274725 0.956043956043956 0.692307692307692 0.703296703296703 1.38461538461538 1.57142857142857 0.197802197802198 0.0769230769230769 0.296703296703297
0.0357142857142857 0.428571428571429 0.607142857142857 0.5 0.267857142857143 0.910714285714286 1.42857142857143 2.60714285714286 2.71428571428571 0.875 0.625 0.553571428571429 0.732142857142857 0.446428571428571 0.428571428571429 0.660714285714286
0.231884057971014 1.07246376811594 0.710144927536232 1.6231884057971 1.53623188405797 1.52173913043478 1 2.73913043478261 2.56521739130435 1.60869565217391 1.23188405797101 0.753623188405797 0.63768115942029 0.260869565217391 0.333333333333333 0.739130434782609
0.607142857142857 1.33928571428571 0.535714285714286 2.28571428571429 2.48214285714286 1.75 1.98214285714286 1.30357142857143 1.01785714285714 2.10714285714286 2 1.23214285714286 0.964285714285714 0.392857142857143 0.160714285714286 0.375
0.891891891891892 2.40540540540541 0.283783783783784 1.37837837837838 1.62162162162162 3.22972972972973 3.14864864864865 0.905405405405405 0.797297297297297 1.36486486486486 1.35135135135135 1.54054054054054 1.09459459459459 0.189189189189189 0.108108108108108 0.283783783783784
0.333333333333333 1.49122807017544 1.28070175438596 1.19298245614035 0.771929824561403 3.52631578947368 3.57894736842105 1.3859649122807 1.29824561403509 1.12280701754386 1.35087719298246 0.982456140350877 1.36842105263158 0.473684210526316 0.333333333333333 0.614035087719298
0.254545454545455 1.52727272727273 0.890909090909091 1.41818181818182 0.927272727272727 1.83636363636364 2.2 2.47272727272727 1.94545454545455 0.854545454545454 0.309090909090909 1.54545454545455 1.47272727272727 0.2 0.181818181818182 0.436363636363636
0.608695652173913 1.76811594202899 1.73913043478261 1.66666666666667 0.927536231884058 1.89855072463768 1.8695652173913 2.8695652173913 3.21739130434783 1.33333333333333 1.20289855072464 1.11594202898551 1 0.797101449275362 0.376811594202899 1.55072463768116
0.507042253521127 1.45070422535211 1.22535211267606 2.59154929577465 2.2112676056338 2.11267605633803 1.94366197183099 1.54929577464789 1.76056338028169 2.43661971830986 2.43661971830986 0.802816901408451 0.535211267605634 0.971830985915493 0.915492957746479 2.1830985915493
0.25 0.553571428571429 0.339285714285714 1.03571428571429 0.928571428571429 2.125 2.33928571428571 1.67857142857143 1.53571428571429 1.78571428571429 2.01785714285714 1.83928571428571 1.57142857142857 0.357142857142857 0.232142857142857 0.553571428571429
0.204545454545455 1.18181818181818 0.863636363636364 1.06818181818182 1.13636363636364 2.27272727272727 1.95454545454545 0.818181818181818 0.590909090909091 1.36363636363636 1.81818181818182 2.20454545454545 1.25 0.25 0.159090909090909 0.477272727272727
0 0.666666666666667 0.619047619047619 0.619047619047619 0.30952380952381 1.33333333333333 1.47619047619048 0.80952380952381 0.80952380952381 0.666666666666667 0.595238095238095 1.5952380952381 1.80952380952381 0.0952380952380952 0.0952380952380952 0.166666666666667
0 0.269230769230769 0.346153846153846 0.884615384615385 0.192307692307692 0.923076923076923 1.30769230769231 1.96153846153846 1.26923076923077 0.615384615384615 0.615384615384615 1 0.730769230769231 0.307692307692308 0.0384615384615385 0.346153846153846
0.2 1.13333333333333 0.533333333333333 1 1.2 1.13333333333333 1.33333333333333 1.66666666666667 2.06666666666667 1.26666666666667 1.13333333333333 0.733333333333333 0.666666666666667 0.666666666666667 0.733333333333333 0.933333333333333
0 0.266666666666667 0 0.866666666666667 0.8 0.933333333333333 0.8 0.733333333333333 0.866666666666667 4.13333333333333 3.86666666666667 0.2 0.133333333333333 0.333333333333333 0.266666666666667 0.6
