0.111111111111111 0.259259259259259 0.037037037037037 0.851851851851852 1.55555555555556 1.88888888888889 1.55555555555556 0.185185185185185 0.111111111111111 1.37037037037037 0.851851851851852 1.25925925925926 0.888888888888889 0.259259259259259 0.296296296296296 0.259259259259259
0.154929577464789 0.661971830985915 0.535211267605634 0.929577464788732 0.915492957746479 2.47887323943662 3.15492957746479 1.43661971830986 1.04225352112676 0.887323943661972 0.774647887323944 1.35211267605634 1.45070422535211 0.140845070422535 0.154929577464789 0.23943661971831
0.157894736842105 0.368421052631579 1.11842105263158 0.789473684210526 0.513157894736842 1.07894736842105 1.46052631578947 2.21052631578947 2.5 0.868421052631579 0.921052631578947 0.671052631578947 1.05263157894737 0.486842105263158 0.355263157894737 0.921052631578947
0.246376811594203 0.565217391304348 0.753623188405797 1.91304347826087 1.6231884057971 1.36231884057971 1.28985507246377 2.23188405797101 2.98550724637681 1.50724637681159 1.26086956521739 0.550724637681159 0.449275362318841 0.391304347826087 0.260869565217391 0.652173913043478
0.642857142857143 1.28571428571429 0.767857142857143 2.07142857142857 2.14285714285714 1.39285714285714 1.46428571428571 1.28571428571429 1.16071428571429 1.69642857142857 1.875 1.35714285714286 1.16071428571429 0.196428571428571 0.107142857142857 0.267857142857143
0.621621621621622 1.78378378378378 0.540540540540541 1 1.33783783783784 3.25675675675676 2.82432432432432 0.702702702702703 0.608108108108108 1.39189189189189 1.14864864864865 1.72972972972973 1.32432432432432 0.135135135135135 0.135135135135135 0.108108108108108
0.350877192982456 1.43859649122807 1.10526315789474 1.14035087719298 0.894736842105263 2.59649122807018 3.26315789473684 1.19298245614035 1.01754385964912 0.807017543859649 0.807017543859649 1.70175438596491 1.6140350877193 0.403508771929825 0.105263157894737 0.315789473684211
0.381818181818182 0.872727272727273 1.56363636363636 1.10909090909091 0.654545454545455 1.98181818181818 1.81818181818182 2.16363636363636 2.27272727272727 0.636363636363636 0.563636363636364 1.50909090909091 1.36363636363636 0.272727272727273 0.2 0.345454545454545
0.246376811594203 0.753623188405797 1.97101449275362 1.52173913043478 1.04347826086957 1.36231884057971 1.31884057971015 2.71014492753623 2.84057971014493 1.23188405797101 1.11594202898551 0.739130434782609 0.681159420289855 0.608695652173913 0.36231884057971 1.33333333333333
0.295774647887324 0.605633802816901 0.915492957746479 2.02816901408451 1.94366197183099 1.97183098591549 1.70422535211268 2.54929577464789 2.33802816901408 3.01408450704225 2.71830985915493 0.647887323943662 0.47887323943662 0.577464788732394 0.535211267605634 1.26760563380282
0.196428571428571 0.321428571428571 0.392857142857143 0.982142857142857 0.928571428571429 2.07142857142857 2.28571428571429 1.78571428571429 1.67857142857143 1.89285714285714 2.23214285714286 1.58928571428571 1.60714285714286 0.339285714285714 0.214285714285714 0.517857142857143
0.159090909090909 0.5 0.522727272727273 0.909090909090909 0.818181818181818 1.77272727272727 1.86363636363636 0.681818181818182 0.477272727272727 1.43181818181818 1.68181818181818 2.06818181818182 1.25 0.204545454545455 0.0681818181818182 0.204545454545455
0.0952380952380952 0.333333333333333 0.642857142857143 0.547619047619048 0.261904761904762 1.02380952380952 1.02380952380952 0.952380952380952 0.833333333333333 0.642857142857143 0.5 1.85714285714286 1.45238095238095 0.119047619047619 0.142857142857143 0.0952380952380952
0.230769230769231 0.846153846153846 0.692307692307692 1.03846153846154 0.923076923076923 1.07692307692308 1.73076923076923 2.69230769230769 2.5 0.423076923076923 0.538461538461538 1.57692307692308 1.53846153846154 0.769230769230769 0.423076923076923 0.807692307692308
0 0.333333333333333 0.0666666666666667 1.06666666666667 1.26666666666667 1.2 0.8 1.66666666666667 2.33333333333333 1.73333333333333 2.13333333333333 0 0 0.533333333333333 0.4 1.26666666666667
0.0666666666666667 0.133333333333333 0.133333333333333 1 0.933333333333333 0.6 0.666666666666667 0.666666666666667 1.06666666666667 3.6 2.4 0.466666666666667 0.666666666666667 0.333333333333333 0.0666666666666667 0.666666666666667
