0 0.111111111111111 0 0.148148148148148 0.62962962962963 0.925925925925926 0.259259259259259 0 0 0.444444444444444 0.37037037037037 0.148148148148148 0.148148148148148 0 0.148148148148148 0
0 0.0879120879120879 0.010989010989011 0.021978021978022 0.208791208791209 0.472527472527473 0.703296703296703 0.285714285714286 0.0549450549450549 0.153846153846154 0.0769230769230769 0.120879120879121 0.175824175824176 0.021978021978022 0.010989010989011 0
0 0 0 0.0357142857142857 0.0535714285714286 0.0357142857142857 0.428571428571429 0.642857142857143 0.535714285714286 0.214285714285714 0.0357142857142857 0 0.0535714285714286 0.178571428571429 0.0357142857142857 0
0.0434782608695652 0.0144927536231884 0 0.159420289855072 0.0869565217391304 0.144927536231884 0.0434782608695652 0.405797101449275 0.521739130434783 0.449275362318841 0.188405797101449 0.0289855072463768 0 0 0.0434782608695652 0.0289855072463768
0.125 0.303571428571429 0.0357142857142857 0.875 1.19642857142857 0.464285714285714 0.160714285714286 0.178571428571429 0.125 0.178571428571429 0.107142857142857 0.107142857142857 0 0.0178571428571429 0 0
0.148648648648649 0.364864864864865 0.0540540540540541 0.0945945945945946 0.554054054054054 0.891891891891892 0.364864864864865 0.027027027027027 0.0675675675675676 0.162162162162162 0.0810810810810811 0.162162162162162 0.189189189189189 0 0 0
0.105263157894737 0.43859649122807 0.228070175438596 0.263157894736842 0.210526315789474 0.859649122807018 0.807017543859649 0.12280701754386 0 0.175438596491228 0.140350877192982 0.0350877192982456 0.12280701754386 0.105263157894737 0 0
0.0545454545454545 0.363636363636364 0.0909090909090909 0.109090909090909 0.163636363636364 0.2 0.272727272727273 0.454545454545455 0.272727272727273 0.0727272727272727 0.0181818181818182 0.0545454545454545 0.127272727272727 0.0363636363636364 0.0545454545454545 0.0545454545454545
0 0.0869565217391304 0.463768115942029 0.260869565217391 0.144927536231884 0.159420289855072 0.130434782608696 0.202898550724638 0.608695652173913 0.739130434782609 0.681159420289855 0.0579710144927536 0.101449275362319 0.521739130434783 0.463768115942029 1.08695652173913
0.0563380281690141 0 0.154929577464789 0.352112676056338 0.28169014084507 0.140845070422535 0.0985915492957746 0.140845070422535 0.47887323943662 0.380281690140845 0.23943661971831 0.0563380281690141 0 0.0140845070422535 0.0563380281690141 0.0845070422535211
0.0357142857142857 0.0357142857142857 0 0.0714285714285714 0.232142857142857 0.267857142857143 0.0535714285714286 0.142857142857143 0.0178571428571429 0.25 0.428571428571429 0.446428571428571 0.107142857142857 0 0 0
0.0227272727272727 0.0681818181818182 0 0.0227272727272727 0.227272727272727 0.204545454545455 0.136363636363636 0.0227272727272727 0 0 0.431818181818182 0.477272727272727 0.159090909090909 0 0 0.113636363636364
0 0.119047619047619 0 0 0 0.0952380952380952 0.19047619047619 0.0476190476190476 0.142857142857143 0 0.19047619047619 0.261904761904762 0.285714285714286 0.0476190476190476 0 0
0 0.0384615384615385 0.0384615384615385 0.192307692307692 0.0384615384615385 0.0384615384615385 0.307692307692308 0.384615384615385 0.269230769230769 0.192307692307692 0.0769230769230769 0.0384615384615385 0.0769230769230769 0.115384615384615 0 0
0 0 0.4 0.0666666666666667 0.2 0 0.666666666666667 0.266666666666667 0.4 0.466666666666667 0 0 0 0.0666666666666667 0 0
0 0.0666666666666667 0 0.0666666666666667 0.133333333333333 0.0666666666666667 0.0666666666666667 0.2 0.333333333333333 0.2 0.266666666666667 0.0666666666666667 0 0 0 0
