0.148148148148148 0.592592592592593 0.148148148148148 1.33333333333333 2.2962962962963 1.77777777777778 0.962962962962963 0.148148148148148 0.259259259259259 1.77777777777778 1.62962962962963 1 0.962962962962963 0.407407407407407 0.296296296296296 0.592592592592593
0.340659340659341 0.978021978021978 0.692307692307692 0.791208791208791 0.714285714285714 2.76923076923077 3.07692307692308 1.42857142857143 1.34065934065934 0.692307692307692 0.802197802197802 1.74725274725275 1.71428571428571 0.274725274725275 0.197802197802198 0.461538461538462
0.178571428571429 0.607142857142857 0.571428571428571 0.642857142857143 0.482142857142857 1.28571428571429 1.83928571428571 2.64285714285714 2.48214285714286 0.892857142857143 0.464285714285714 0.875 0.892857142857143 0.5 0.392857142857143 0.517857142857143
0.36231884057971 1.10144927536232 0.782608695652174 2.04347826086957 1.6231884057971 1.50724637681159 1.26086956521739 2.28985507246377 2.68115942028985 1.23188405797101 0.985507246376812 0.942028985507246 0.420289855072464 0.246376811594203 0.405797101449275 0.376811594202899
0.464285714285714 1.26785714285714 0.553571428571429 2.92857142857143 2.76785714285714 2.21428571428571 2.19642857142857 1.5 1.46428571428571 1.875 1.58928571428571 1.125 0.892857142857143 0.25 0.160714285714286 0.25
0.77027027027027 2.09459459459459 0.608108108108108 1.31081081081081 1.44594594594595 3.45945945945946 3.45945945945946 0.972972972972973 0.77027027027027 1.14864864864865 0.932432432432432 1.51351351351351 1.33783783783784 0.121621621621622 0.0945945945945946 0.378378378378378
0.421052631578947 1.31578947368421 1.26315789473684 1.01754385964912 0.929824561403509 3.71929824561404 3.59649122807018 1.28070175438596 1.10526315789474 0.771929824561403 0.842105263157895 1.17543859649123 1.28070175438596 0.543859649122807 0.210526315789474 0.508771929824561
0.345454545454545 1.4 1.10909090909091 0.909090909090909 0.654545454545455 1 1.29090909090909 2.45454545454545 2.25454545454545 0.436363636363636 0.290909090909091 1.05454545454545 1 0.254545454545455 0.127272727272727 0.363636363636364
0.594202898550725 1.97101449275362 2.20289855072464 1.95652173913043 1.21739130434783 1.8695652173913 1.76811594202899 3.81159420289855 4.05797101449275 2.76811594202899 3 0.956521739130435 1.10144927536232 1.15942028985507 1.28985507246377 2.60869565217391
0.197183098591549 0.704225352112676 0.802816901408451 2.30985915492958 1.87323943661972 2.09859154929577 2.43661971830986 2.38028169014085 2.49295774647887 3.30985915492958 2.56338028169014 0.436619718309859 0.492957746478873 0.830985915492958 0.52112676056338 1.42253521126761
0.214285714285714 0.571428571428571 0.375 1.21428571428571 1.05357142857143 2.80357142857143 2.66071428571429 2.07142857142857 2.30357142857143 2.23214285714286 2.51785714285714 1.64285714285714 1.44642857142857 0.267857142857143 0.232142857142857 0.267857142857143
0.363636363636364 0.613636363636364 0.863636363636364 0.568181818181818 0.431818181818182 1.5 1.81818181818182 0.454545454545455 0.386363636363636 0.954545454545455 1.68181818181818 1.31818181818182 0.795454545454545 0.272727272727273 0.136363636363636 0.795454545454545
0.142857142857143 0.333333333333333 0.357142857142857 0.476190476190476 0.523809523809524 1.78571428571429 1.66666666666667 1.16666666666667 0.928571428571429 0.69047619047619 0.714285714285714 1.80952380952381 1.61904761904762 0.214285714285714 0.0952380952380952 0.19047619047619
0.423076923076923 0.846153846153846 0.346153846153846 0.653846153846154 0.576923076923077 0.846153846153846 1.26923076923077 1.42307692307692 1.53846153846154 0.923076923076923 0.692307692307692 0.807692307692308 1.19230769230769 0.615384615384615 0.192307692307692 0.5
0.0666666666666667 0.533333333333333 0.466666666666667 2.06666666666667 1.26666666666667 0.466666666666667 0.666666666666667 1.73333333333333 2.46666666666667 1.8 1.66666666666667 0.133333333333333 0.266666666666667 0.133333333333333 0.2 0.466666666666667
0.2 0.533333333333333 0.133333333333333 1.06666666666667 1.66666666666667 1.26666666666667 0.733333333333333 0.933333333333333 0.8 4 4.26666666666667 0.466666666666667 0.2 0.266666666666667 0.533333333333333 1.4
