0.111111111111111 0.555555555555556 0.111111111111111 1.48148148148148 2.37037037037037 1.51851851851852 1.33333333333333 0.481481481481481 0.407407407407407 2.03703703703704 1.66666666666667 0.814814814814815 0.592592592592593 0.333333333333333 0.222222222222222 0.481481481481481
0.307692307692308 0.714285714285714 0.340659340659341 0.769230769230769 1.06593406593407 2.3956043956044 2.58241758241758 1.65934065934066 1.36263736263736 0.791208791208791 1.14285714285714 1.1978021978022 1.1978021978022 0.175824175824176 0.142857142857143 0.230769230769231
0.0892857142857143 0.696428571428571 0.589285714285714 0.910714285714286 0.607142857142857 1.03571428571429 1.21428571428571 3.21428571428571 3.01785714285714 0.892857142857143 0.767857142857143 0.928571428571429 0.732142857142857 0.267857142857143 0.25 0.446428571428571
0.260869565217391 0.855072463768116 0.797101449275362 1.76811594202899 1.84057971014493 1.47826086956522 1.36231884057971 2.44927536231884 2.31884057971015 1.42028985507246 1.08695652173913 0.666666666666667 0.594202898550725 0.202898550724638 0.304347826086957 0.492753623188406
0.535714285714286 1.46428571428571 0.696428571428571 2.16071428571429 2.53571428571429 2.30357142857143 2.16071428571429 1.23214285714286 1.53571428571429 2.07142857142857 2.08928571428571 1.05357142857143 0.803571428571429 0.375 0.142857142857143 0.267857142857143
0.918918918918919 2.52702702702703 0.445945945945946 1.01351351351351 1.18918918918919 3.44594594594595 3.2027027027027 1.05405405405405 0.797297297297297 1.28378378378378 1.14864864864865 1.40540540540541 1.09459459459459 0.162162162162162 0.0945945945945946 0.216216216216216
0.385964912280702 1.75438596491228 1.17543859649123 1.33333333333333 0.947368421052632 3.24561403508772 3.85964912280702 1.36842105263158 1.40350877192982 1.07017543859649 1.33333333333333 1.78947368421053 1.91228070175439 0.614035087719298 0.245614035087719 0.508771929824561
0.436363636363636 1.4 0.727272727272727 0.8 0.472727272727273 1.70909090909091 1.90909090909091 2.4 2.18181818181818 0.545454545454545 0.490909090909091 1.14545454545455 0.890909090909091 0.0909090909090909 0.0363636363636364 0.345454545454545
0.376811594202899 1.59420289855072 1.60869565217391 1.89855072463768 1.02898550724638 1.36231884057971 1.78260869565217 2.72463768115942 2.92753623188406 1.36231884057971 1.36231884057971 1.11594202898551 1.08695652173913 0.623188405797101 0.550724637681159 1.33333333333333
0.549295774647887 1.33802816901408 1.30985915492958 1.91549295774648 1.85915492957746 2.04225352112676 1.94366197183099 2.15492957746479 2.14084507042254 2.85915492957746 2.04225352112676 0.704225352112676 0.549295774647887 0.830985915492958 0.690140845070423 1.30985915492958
0.107142857142857 0.5 0.267857142857143 1.28571428571429 1.17857142857143 2.30357142857143 1.92857142857143 1.57142857142857 1.69642857142857 2.125 1.71428571428571 1.35714285714286 1.16071428571429 0.303571428571429 0.410714285714286 0.839285714285714
0.363636363636364 0.886363636363636 0.272727272727273 0.909090909090909 0.954545454545455 2.11363636363636 1.77272727272727 0.75 0.818181818181818 1.18181818181818 1.63636363636364 2.47727272727273 1.70454545454545 0.340909090909091 0.159090909090909 0.704545454545455
0.119047619047619 0.523809523809524 0.333333333333333 0.642857142857143 0.642857142857143 1.52380952380952 1.35714285714286 1.0952380952381 1.0952380952381 0.595238095238095 0.928571428571429 2.02380952380952 1.4047619047619 0.119047619047619 0.0476190476190476 0.0952380952380952
0.230769230769231 0.692307692307692 0.346153846153846 0.461538461538462 0.269230769230769 0.923076923076923 1.57692307692308 1.26923076923077 1.30769230769231 0.769230769230769 0.615384615384615 0.615384615384615 0.846153846153846 0.461538461538462 0.153846153846154 0.538461538461538
0.133333333333333 0.466666666666667 0.866666666666667 1.06666666666667 0.333333333333333 0.533333333333333 0.533333333333333 2.73333333333333 2.73333333333333 0.8 0.6 0 0.2 1 0.666666666666667 1.13333333333333
0.0666666666666667 0.733333333333333 0.2 1.8 1.4 0.6 0.8 0.8 1.6 2.26666666666667 2.06666666666667 0.466666666666667 0.6 0.0666666666666667 0.2 0.533333333333333
