0.111111111111111 0.296296296296296 0.037037037037037 1.03703703703704 1.66666666666667 1.92592592592593 1.59259259259259 0.333333333333333 0 1.03703703703704 0.962962962962963 1.55555555555556 1.40740740740741 0.185185185185185 0.444444444444444 0.333333333333333
0.0704225352112676 0.577464788732394 0.352112676056338 0.563380281690141 0.830985915492958 2.57746478873239 2.77464788732394 1.08450704225352 0.816901408450704 0.676056338028169 0.774647887323944 1.08450704225352 1.26760563380282 0.211267605633803 0.126760563380282 0.309859154929577
0.197368421052632 0.578947368421053 0.763157894736842 0.407894736842105 0.5 1.64473684210526 2.44736842105263 1.81578947368421 1.9078947368421 0.684210526315789 0.605263157894737 0.881578947368421 1.05263157894737 0.342105263157895 0.276315789473684 0.684210526315789
0.260869565217391 0.63768115942029 1.05797101449275 2.11594202898551 1.88405797101449 1.31884057971014 1.40579710144928 2.01449275362319 2.92753623188406 1.39130434782609 1.33333333333333 0.855072463768116 0.579710144927536 0.333333333333333 0.391304347826087 0.550724637681159
0.428571428571428 0.964285714285714 0.607142857142857 1.67857142857143 2.01785714285714 1.67857142857143 2.05357142857143 1.32142857142857 1.44642857142857 2.46428571428571 2.5 0.535714285714286 0.767857142857143 0.375 0.303571428571428 0.5
0.905405405405405 2.59459459459459 0.743243243243243 0.959459459459459 1.25675675675676 3.98648648648649 3.75675675675676 1.12162162162162 1.05405405405405 1.32432432432432 1.2972972972973 1.31081081081081 0.945945945945946 0.108108108108108 0.0945945945945946 0.27027027027027
0.385964912280702 0.964912280701754 1.73684210526316 1 0.912280701754386 4.01754385964912 4.52631578947368 1.87719298245614 1.2280701754386 0.859649122807017 0.982456140350877 1.24561403508772 1.35087719298246 0.403508771929824 0.368421052631579 0.596491228070175
0.436363636363636 1.09090909090909 1.10909090909091 1.14545454545455 1.03636363636364 1.61818181818182 1.74545454545455 1.67272727272727 2.2 0.436363636363636 0.418181818181818 1.52727272727273 1.49090909090909 0.181818181818182 0.0727272727272727 0.181818181818182
0.347826086956522 1.01449275362319 2.52173913043478 1.85507246376812 1.20289855072464 1.59420289855072 1.68115942028985 3.57971014492754 2.8695652173913 1.60869565217391 1.39130434782609 0.884057971014493 0.956521739130435 0.623188405797101 0.753623188405797 1.28985507246377
0.23943661971831 0.830985915492958 1.07042253521127 1.92957746478873 1.57746478873239 1.35211267605634 1.45070422535211 1.95774647887324 2.14084507042254 2.66197183098592 2.30985915492958 0.422535211267606 0.422535211267606 0.591549295774648 0.619718309859155 1
0.303571428571428 0.589285714285714 0.410714285714286 1.375 1.23214285714286 2.25 2.01785714285714 1.08928571428571 0.910714285714286 2.48214285714286 2.08928571428571 1.96428571428571 1.66071428571429 0.357142857142857 0.178571428571429 0.571428571428571
0.136363636363636 0.75 0.568181818181818 0.477272727272727 0.659090909090909 1.75 1.40909090909091 0.659090909090909 0.795454545454545 0.977272727272727 1.38636363636364 2.13636363636364 1.65909090909091 0.272727272727273 0.386363636363636 0.75
0.119047619047619 0.166666666666667 0.785714285714286 0.619047619047619 0.238095238095238 1.19047619047619 1.33333333333333 1.26190476190476 0.976190476190476 0.5 0.69047619047619 1.66666666666667 1.21428571428571 0.166666666666667 0.0714285714285714 0.238095238095238
0.0769230769230769 0.384615384615385 0.769230769230769 0.576923076923077 0.576923076923077 0.730769230769231 1.11538461538462 1.42307692307692 2.07692307692308 1.30769230769231 0.769230769230769 0.384615384615385 0.230769230769231 0.384615384615385 0.269230769230769 0.961538461538461
0 0 1.26666666666667 0.533333333333333 0.733333333333333 0.733333333333333 0.733333333333333 1.86666666666667 3.06666666666667 0.666666666666667 1.2 0.266666666666667 0.133333333333333 0.133333333333333 0 0.6
0.266666666666667 1 0.266666666666667 0.733333333333333 0.866666666666667 1.46666666666667 1.53333333333333 1.13333333333333 1 2.86666666666667 3 0.4 0.2 0.333333333333333 0.333333333333333 0.933333333333333
