0.222222222222222 0.481481481481481 0.037037037037037 0.962962962962963 1.77777777777778 1.85185185185185 1.66666666666667 0.259259259259259 0.222222222222222 1.07407407407407 1.03703703703704 1.07407407407407 1.44444444444444 0.148148148148148 0.111111111111111 0.333333333333333
0.164835164835165 0.791208791208791 0.406593406593407 0.67032967032967 0.747252747252747 2.97802197802198 3.08791208791209 1.24175824175824 0.978021978021978 0.615384615384615 1.03296703296703 1.2967032967033 1.49450549450549 0.175824175824176 0.0989010989010989 0.340659340659341
0.0892857142857143 0.946428571428571 0.892857142857143 1.55357142857143 0.732142857142857 1.71428571428571 2.14285714285714 2.69642857142857 2.91071428571429 1.05357142857143 0.928571428571429 0.696428571428571 0.375 0.232142857142857 0.321428571428571 0.482142857142857
0.405797101449275 1.08695652173913 0.594202898550725 1.42028985507246 1.05797101449275 1.1304347826087 1.1304347826087 2.59420289855072 2.79710144927536 1.52173913043478 1.27536231884058 0.72463768115942 0.63768115942029 0.391304347826087 0.391304347826087 0.507246376811594
0.714285714285714 1.41071428571429 0.428571428571429 2.23214285714286 2.67857142857143 1.375 1.25 1.28571428571429 1.28571428571429 1.91071428571429 2.08928571428571 0.982142857142857 0.767857142857143 0.232142857142857 0.160714285714286 0.339285714285714
0.662162162162162 1.93243243243243 0.364864864864865 1.21621621621622 1.47297297297297 2.95945945945946 2.63513513513514 1.04054054054054 0.608108108108108 1.13513513513514 1.12162162162162 1.40540540540541 1.27027027027027 0.135135135135135 0.0540540540540541 0.216216216216216
0.491228070175439 1.98245614035088 0.859649122807018 0.912280701754386 0.947368421052632 4.50877192982456 3.94736842105263 1.7719298245614 1.33333333333333 0.912280701754386 0.929824561403509 1.49122807017544 1.43859649122807 0.315789473684211 0.385964912280702 0.456140350877193
0.272727272727273 1.74545454545455 1.25454545454545 1.29090909090909 0.890909090909091 1.96363636363636 2.30909090909091 2.38181818181818 2.12727272727273 0.418181818181818 0.418181818181818 1.23636363636364 1.32727272727273 0.418181818181818 0.145454545454545 0.454545454545455
0.27536231884058 1.2463768115942 1.91304347826087 1.40579710144928 0.869565217391304 1.33333333333333 1.47826086956522 2.94202898550725 3.11594202898551 1.66666666666667 1.60869565217391 0.869565217391304 0.855072463768116 1.01449275362319 0.579710144927536 1.33333333333333
0.408450704225352 1.28169014084507 1.11267605633803 2.28169014084507 1.63380281690141 2.2112676056338 2.09859154929577 1.94366197183099 2.22535211267606 2.83098591549296 2.63380281690141 0.549295774647887 0.47887323943662 0.830985915492958 0.901408450704225 1.50704225352113
0.178571428571429 0.553571428571429 0.178571428571429 1.48214285714286 1.30357142857143 2.83928571428571 2.91071428571429 1.85714285714286 1.60714285714286 2.03571428571429 2.5 1.60714285714286 1.07142857142857 0.5 0.232142857142857 0.5
0.295454545454545 1.13636363636364 0.568181818181818 1.36363636363636 1.18181818181818 1.79545454545455 2.13636363636364 0.704545454545455 0.636363636363636 1.27272727272727 1.63636363636364 1.97727272727273 1.43181818181818 0.181818181818182 0.181818181818182 0.636363636363636
0.0476190476190476 0.452380952380952 0.404761904761905 0.428571428571429 0.285714285714286 1.57142857142857 2.0952380952381 0.785714285714286 0.642857142857143 0.833333333333333 0.785714285714286 1.69047619047619 1.88095238095238 0.142857142857143 0.0714285714285714 0.19047619047619
0.153846153846154 0.307692307692308 0.461538461538462 0.5 0.269230769230769 0.807692307692308 1.5 1.76923076923077 1.76923076923077 0.307692307692308 0.115384615384615 0.5 0.923076923076923 0.461538461538462 0.307692307692308 0.769230769230769
0 0.266666666666667 0.333333333333333 0.933333333333333 1.06666666666667 0.4 0.8 1.73333333333333 2.26666666666667 0.933333333333333 1.13333333333333 0.133333333333333 0.266666666666667 0.133333333333333 0.0666666666666667 0.4
0 0.333333333333333 0.0666666666666667 1.53333333333333 1.13333333333333 0.533333333333333 0.466666666666667 1.2 1.86666666666667 2.8 3 0.6 0.466666666666667 0.333333333333333 0.0666666666666667 0.333333333333333
