0 0.037037037037037 0 0.111111111111111 0.851851851851852 0.888888888888889 0.0740740740740741 0 0 0.333333333333333 0.185185185185185 0.148148148148148 0.0740740740740741 0 0.111111111111111 0
0 0.043956043956044 0.0549450549450549 0.021978021978022 0.10989010989011 0.340659340659341 0.901098901098901 0.406593406593407 0.010989010989011 0.0659340659340659 0.0769230769230769 0.0989010989010989 0.208791208791209 0.0659340659340659 0 0
0 0 0 0.0178571428571429 0.0535714285714286 0.0535714285714286 0.375 0.589285714285714 0.392857142857143 0.214285714285714 0.0178571428571429 0 0.25 0.142857142857143 0.0535714285714286 0
0.0289855072463768 0.0579710144927536 0 0.246376811594203 0.115942028985507 0.0869565217391304 0.115942028985507 0.260869565217391 0.695652173913043 0.318840579710145 0.231884057971014 0 0 0 0.0869565217391304 0
0.196428571428571 0.196428571428571 0 0.5 0.857142857142857 0.410714285714286 0.107142857142857 0.232142857142857 0.160714285714286 0.214285714285714 0.25 0.0892857142857143 0.0357142857142857 0 0 0
0.189189189189189 0.324324324324324 0.027027027027027 0.0810810810810811 0.27027027027027 0.824324324324324 0.337837837837838 0.108108108108108 0.0405405405405405 0.0675675675675676 0.0945945945945946 0.256756756756757 0.0675675675675676 0 0 0
0.0701754385964912 0.43859649122807 0.298245614035088 0.263157894736842 0.368421052631579 1.01754385964912 1.28070175438596 0.157894736842105 0 0.210526315789474 0.12280701754386 0.0701754385964912 0.175438596491228 0.105263157894737 0 0.0175438596491228
0.0181818181818182 0.236363636363636 0.236363636363636 0.0727272727272727 0.109090909090909 0.236363636363636 0.363636363636364 0.309090909090909 0.218181818181818 0.0545454545454545 0.0545454545454545 0.0363636363636364 0.127272727272727 0 0.0545454545454545 0.0181818181818182
0 0.101449275362319 0.536231884057971 0.304347826086956 0.072463768115942 0.0869565217391304 0.159420289855072 0.304347826086956 0.521739130434782 0.231884057971014 0.260869565217391 0.0434782608695652 0.173913043478261 0.27536231884058 0.231884057971014 0.36231884057971
0.0422535211267606 0 0.0985915492957746 0.464788732394366 0.295774647887324 0.126760563380282 0.169014084507042 0.408450704225352 0.422535211267606 0.732394366197183 0.225352112676056 0.0140845070422535 0 0 0.0563380281690141 0.267605633802817
0.0178571428571429 0.0535714285714286 0 0.125 0.25 0.303571428571428 0 0.0892857142857143 0.125 0.142857142857143 0.428571428571428 0.75 0.142857142857143 0 0 0
0 0.113636363636364 0 0 0.204545454545455 0.204545454545455 0.181818181818182 0.0681818181818182 0.0454545454545454 0.0681818181818182 0.25 0.545454545454545 0.204545454545455 0 0 0.0909090909090909
0 0.142857142857143 0 0 0 0.166666666666667 0.238095238095238 0 0 0 0.119047619047619 0.547619047619048 0.309523809523809 0.0238095238095238 0 0
0.0384615384615385 0.0769230769230769 0.192307692307692 0.192307692307692 0.0384615384615385 0.115384615384615 0.384615384615385 0.5 0.384615384615385 0.115384615384615 0.0769230769230769 0 0.192307692307692 0.153846153846154 0 0
0 0.133333333333333 0 0.133333333333333 0.266666666666667 0 0 0.2 0.466666666666667 0.733333333333333 0.533333333333333 0 0 0.133333333333333 0 0
0 0.0666666666666667 0 0.333333333333333 0.266666666666667 0.0666666666666667 0.0666666666666667 0.266666666666667 0.4 0.333333333333333 0 0.2 0 0 0 0.133333333333333
