0.185185185185185 0.444444444444444 0.222222222222222 0.851851851851852 1.81481481481481 1.96296296296296 1.62962962962963 0.481481481481481 0.148148148148148 1.37037037037037 1.2962962962963 0.888888888888889 0.925925925925926 0.296296296296296 0.259259259259259 0.333333333333333
0.140845070422535 0.577464788732394 0.380281690140845 0.887323943661972 0.830985915492958 2.6056338028169 2.88732394366197 1.67605633802817 1.09859154929577 0.943661971830986 1 1.33802816901408 1.25352112676056 0.126760563380282 0.0985915492957746 0.23943661971831
0.184210526315789 0.789473684210526 1.23684210526316 0.947368421052631 0.342105263157895 1.15789473684211 1.78947368421053 2.53947368421053 2.02631578947368 1.10526315789474 0.828947368421053 0.789473684210526 0.828947368421053 0.421052631578947 0.381578947368421 0.657894736842105
0.202898550724638 0.608695652173913 0.826086956521739 2.2463768115942 1.89855072463768 1.3768115942029 1.27536231884058 2.63768115942029 2.57971014492754 1.15942028985507 1.15942028985507 0.884057971014493 0.463768115942029 0.347826086956522 0.333333333333333 0.594202898550725
0.517857142857143 1.33928571428571 0.589285714285714 1.91071428571429 1.85714285714286 1.73214285714286 1.82142857142857 1.33928571428571 1.25 2.125 2.53571428571429 0.732142857142857 0.589285714285714 0.303571428571428 0.214285714285714 0.553571428571428
0.716216216216216 2.14864864864865 0.662162162162162 1.41891891891892 1.48648648648649 3.60810810810811 2.89189189189189 1.06756756756757 0.972972972972973 1.35135135135135 1.39189189189189 1.43243243243243 1.17567567567568 0.148648648648649 0.135135135135135 0.256756756756757
0.491228070175439 1.35087719298246 0.964912280701754 1.15789473684211 0.684210526315789 4.07017543859649 4.2280701754386 1.40350877192982 1.12280701754386 0.508771929824561 0.508771929824561 1.87719298245614 1.7719298245614 0.456140350877193 0.245614035087719 0.56140350877193
0.527272727272727 1.49090909090909 1.27272727272727 1.03636363636364 0.781818181818182 2.07272727272727 2.87272727272727 2.27272727272727 2.54545454545454 0.436363636363636 0.418181818181818 1 0.963636363636364 0.272727272727273 0.145454545454545 0.4
0.36231884057971 0.623188405797101 1.95652173913043 1.72463768115942 1.17391304347826 1.53623188405797 1.33333333333333 3.14492753623188 2.78260869565217 1.01449275362319 0.898550724637681 0.797101449275362 0.623188405797101 0.623188405797101 0.550724637681159 1.14492753623188
0.253521126760563 0.845070422535211 1.43661971830986 2.19718309859155 1.70422535211268 1.54929577464789 1.42253521126761 1.85915492957746 1.97183098591549 2.84507042253521 2.36619718309859 0.549295774647887 0.338028169014084 0.661971830985915 0.661971830985915 1.47887323943662
0.178571428571429 0.303571428571428 0.589285714285714 1.23214285714286 1.44642857142857 2.66071428571429 2.91071428571429 1.71428571428571 1.375 2.64285714285714 2.75 1.71428571428571 1.35714285714286 0.375 0.142857142857143 0.357142857142857
0.204545454545455 0.590909090909091 0.659090909090909 1.04545454545455 0.886363636363636 2 1.75 0.659090909090909 0.477272727272727 0.636363636363636 1.11363636363636 1.79545454545455 1 0.227272727272727 0.136363636363636 0.409090909090909
0.0238095238095238 0.309523809523809 0.714285714285714 0.452380952380952 0.380952380952381 2.02380952380952 1.76190476190476 1.35714285714286 1.71428571428571 0.666666666666667 0.857142857142857 1.73809523809524 1.54761904761905 0.0714285714285714 0.0476190476190476 0.119047619047619
0.576923076923077 0.653846153846154 0.769230769230769 0.846153846153846 0.961538461538461 1.30769230769231 1.53846153846154 1.96153846153846 2.15384615384615 0.961538461538461 0.730769230769231 0.5 0.538461538461538 0.5 0.230769230769231 0.692307692307692
0.2 0.6 1 1.26666666666667 1.13333333333333 0.933333333333333 1.4 1.26666666666667 2.06666666666667 2.33333333333333 1.13333333333333 1.06666666666667 0.4 0.6 0.666666666666667 0.866666666666667
0.533333333333333 0.666666666666667 0 0.466666666666667 0.533333333333333 1.93333333333333 1.33333333333333 0.8 0.8 4 3.66666666666667 0.2 0.0666666666666667 0.2 0.4 0.933333333333333
