0.148148148148148 0.481481481481481 0.111111111111111 1 1.51851851851852 2.22222222222222 1.2962962962963 0.333333333333333 0.148148148148148 1.48148148148148 0.851851851851852 1.59259259259259 0.925925925925926 0.407407407407407 0.333333333333333 0.407407407407407
0.183098591549296 0.52112676056338 0.23943661971831 0.830985915492958 1.08450704225352 2.74647887323944 2.57746478873239 1.01408450704225 0.647887323943662 0.549295774647887 0.746478873239437 1.12676056338028 1.2112676056338 0.169014084507042 0.112676056338028 0.140845070422535
0.0789473684210526 0.394736842105263 0.631578947368421 0.447368421052632 0.394736842105263 1.30263157894737 1.65789473684211 1.96052631578947 1.82894736842105 1.21052631578947 0.868421052631579 0.75 0.842105263157895 0.342105263157895 0.276315789473684 0.447368421052632
0.27536231884058 0.594202898550725 1.01449275362319 1.28985507246377 1.53623188405797 1.3768115942029 1.10144927536232 2.26086956521739 2.52173913043478 1.44927536231884 1.60869565217391 0.594202898550725 0.652173913043478 0.304347826086957 0.333333333333333 0.550724637681159
0.517857142857143 1.125 0.464285714285714 1.60714285714286 2.53571428571429 1.85714285714286 1.94642857142857 1.17857142857143 1.35714285714286 2.58928571428571 1.76785714285714 0.767857142857143 0.589285714285714 0.339285714285714 0.107142857142857 0.285714285714286
0.797297297297297 2.01351351351351 0.554054054054054 0.972972972972973 1.28378378378378 2.97297297297297 3.10810810810811 1.12162162162162 1.05405405405405 1.36486486486486 1.27027027027027 1.22972972972973 1.01351351351351 0.108108108108108 0.0810810810810811 0.0945945945945946
0.385964912280702 1.19298245614035 1.63157894736842 1.31578947368421 0.982456140350877 4.31578947368421 4.63157894736842 1.96491228070175 1.89473684210526 1.08771929824561 0.982456140350877 1.64912280701754 1.66666666666667 0.315789473684211 0.333333333333333 0.526315789473684
0.454545454545455 1.10909090909091 1.14545454545455 0.945454545454545 0.836363636363636 2.10909090909091 2.10909090909091 2.30909090909091 1.63636363636364 0.454545454545455 0.309090909090909 1.21818181818182 1.27272727272727 0.2 0.181818181818182 0.418181818181818
0.623188405797101 0.971014492753623 2.68115942028985 1.42028985507246 0.898550724637681 1.97101449275362 1.57971014492754 2.98550724637681 3.72463768115942 2.28985507246377 1.94202898550725 0.521739130434783 0.420289855072464 1.39130434782609 1 2.2463768115942
0.352112676056338 0.873239436619718 1.46478873239437 2.36619718309859 1.92957746478873 1.36619718309859 1.23943661971831 2.15492957746479 2.32394366197183 3.08450704225352 2.84507042253521 0.408450704225352 0.253521126760563 0.76056338028169 0.619718309859155 1.14084507042254
0.303571428571429 0.571428571428571 0.303571428571429 1.10714285714286 1.05357142857143 2.28571428571429 2.46428571428571 1.76785714285714 2.10714285714286 2.07142857142857 2.39285714285714 1.125 1.17857142857143 0.321428571428571 0.107142857142857 0.464285714285714
0.227272727272727 0.840909090909091 0.636363636363636 0.727272727272727 0.454545454545455 1.45454545454545 1.68181818181818 0.772727272727273 0.477272727272727 0.75 1.52272727272727 2.18181818181818 1.31818181818182 0.113636363636364 0.159090909090909 0.704545454545455
0.119047619047619 0.380952380952381 1.28571428571429 0.5 0.404761904761905 1.45238095238095 1.80952380952381 1.19047619047619 0.857142857142857 0.642857142857143 0.738095238095238 1.76190476190476 1.76190476190476 0.0952380952380952 0.0476190476190476 0.119047619047619
0.5 0.807692307692308 0.615384615384615 0.769230769230769 0.615384615384615 0.923076923076923 1.76923076923077 1.38461538461538 1.46153846153846 0.769230769230769 0.384615384615385 1 1.07692307692308 0.461538461538462 0.461538461538462 1
0.0666666666666667 0.466666666666667 0.866666666666667 1.06666666666667 1.53333333333333 0.8 1.73333333333333 1.6 2.13333333333333 2 2.06666666666667 0.266666666666667 0.466666666666667 0.733333333333333 0.333333333333333 1.13333333333333
0.133333333333333 0.2 0 0.6 0.933333333333333 0.733333333333333 0.6 0.6 0.866666666666667 3.53333333333333 2.93333333333333 0.533333333333333 0.4 0.533333333333333 0.0666666666666667 1
