0 0 0 0 1.07407407407407 0.555555555555556 0.259259259259259 0 0 0.0740740740740741 0.0740740740740741 0.111111111111111 0.111111111111111 0 0 0
0 0.021978021978022 0 0.0549450549450549 0.21978021978022 0.406593406593407 0.67032967032967 0.318681318681319 0.0989010989010989 0.0769230769230769 0.120879120879121 0.142857142857143 0.175824175824176 0.032967032967033 0 0
0 0 0 0.0178571428571429 0.0714285714285714 0.0178571428571429 0.428571428571429 0.732142857142857 0.5 0.107142857142857 0.0178571428571429 0 0.0892857142857143 0.196428571428571 0.0178571428571429 0
0.072463768115942 0.0144927536231884 0.0144927536231884 0.260869565217391 0.0579710144927536 0.202898550724638 0.0579710144927536 0.405797101449275 0.521739130434783 0.36231884057971 0.289855072463768 0.115942028985507 0 0.0144927536231884 0.0289855072463768 0.0434782608695652
0.125 0.232142857142857 0.0178571428571429 0.732142857142857 1.23214285714286 0.839285714285714 0.446428571428571 0.25 0.178571428571429 0.196428571428571 0.178571428571429 0.0178571428571429 0.0357142857142857 0 0 0
0.148648648648649 0.472972972972973 0.027027027027027 0.0540540540540541 0.175675675675676 0.567567567567568 0.445945945945946 0.0810810810810811 0.0810810810810811 0.0675675675675676 0.0135135135135135 0.243243243243243 0.22972972972973 0 0 0
0.0350877192982456 0.666666666666667 0.175438596491228 0.228070175438596 0.280701754385965 1.71929824561404 1.59649122807018 0.157894736842105 0 0.0701754385964912 0.105263157894737 0.0701754385964912 0.087719298245614 0.087719298245614 0 0
0.0181818181818182 0.4 0.109090909090909 0.0909090909090909 0.0909090909090909 0.363636363636364 0.145454545454545 0.454545454545455 0.181818181818182 0.0363636363636364 0.0545454545454545 0.0909090909090909 0.0909090909090909 0.0181818181818182 0.0363636363636364 0.0181818181818182
0 0.072463768115942 0.478260869565217 0.289855072463768 0.072463768115942 0.231884057971014 0.217391304347826 0.27536231884058 0.550724637681159 0.739130434782609 0.652173913043478 0.072463768115942 0.173913043478261 0.521739130434783 0.405797101449275 1.20289855072464
0.0422535211267606 0.028169014084507 0.126760563380282 0.464788732394366 0.183098591549296 0.183098591549296 0.126760563380282 0.211267605633803 0.422535211267606 0.549295774647887 0.436619718309859 0.0845070422535211 0.0140845070422535 0.0563380281690141 0.0563380281690141 0.0704225352112676
0.0178571428571429 0.107142857142857 0 0.0714285714285714 0.178571428571429 0.339285714285714 0 0.107142857142857 0 0.142857142857143 0.339285714285714 0.5 0.0714285714285714 0 0 0
0.0227272727272727 0.0681818181818182 0 0.0227272727272727 0.0227272727272727 0.227272727272727 0.0681818181818182 0 0 0.0227272727272727 0.318181818181818 0.522727272727273 0.181818181818182 0 0 0.136363636363636
0 0.0952380952380952 0 0 0 0.166666666666667 0.285714285714286 0.0476190476190476 0.142857142857143 0 0.142857142857143 0.5 0.333333333333333 0.0238095238095238 0 0
0.0384615384615385 0.115384615384615 0.115384615384615 0.153846153846154 0 0.230769230769231 0.307692307692308 0.615384615384615 0.192307692307692 0.153846153846154 0 0.153846153846154 0.423076923076923 0.115384615384615 0 0
0 0 0.133333333333333 0 0.133333333333333 0 0.133333333333333 0.133333333333333 0.333333333333333 0.466666666666667 0.4 0 0 0 0 0
0 0.0666666666666667 0 0 0.266666666666667 0.0666666666666667 0.0666666666666667 0.2 0.2 0.2 0.266666666666667 0.333333333333333 0 0 0 0.133333333333333
