0.111111111111111 0.62962962962963 0.111111111111111 1.25925925925926 1.96296296296296 1.59259259259259 1.14814814814815 0.259259259259259 0.222222222222222 1.48148148148148 1.2962962962963 1.51851851851852 0.777777777777778 0.333333333333333 0.296296296296296 0.62962962962963
0.169014084507042 0.366197183098592 0.309859154929577 0.633802816901408 0.887323943661972 2.91549295774648 2.98591549295775 0.816901408450704 0.887323943661972 0.802816901408451 0.816901408450704 0.985915492957746 1.11267605633803 0.126760563380282 0.169014084507042 0.169014084507042
0.342105263157895 0.434210526315789 0.631578947368421 0.684210526315789 0.447368421052632 1.36842105263158 2.11842105263158 2.14473684210526 1.82894736842105 0.815789473684211 0.75 0.789473684210526 0.855263157894737 0.434210526315789 0.315789473684211 0.381578947368421
0.173913043478261 0.492753623188406 0.492753623188406 1.55072463768116 1.2463768115942 1.26086956521739 1.21739130434783 2.01449275362319 2.01449275362319 1.8695652173913 1.95652173913043 0.91304347826087 0.391304347826087 0.376811594202899 0.246376811594203 0.623188405797101
0.392857142857143 1.125 0.5 2.28571428571429 2.35714285714286 1.78571428571429 1.44642857142857 1.39285714285714 1.14285714285714 2.125 1.94642857142857 1 0.482142857142857 0.446428571428571 0.267857142857143 0.375
0.689189189189189 1.87837837837838 0.689189189189189 1.16216216216216 1.55405405405405 3.28378378378378 3.01351351351351 1.22972972972973 0.783783783783784 1.28378378378378 1.40540540540541 1.43243243243243 1.10810810810811 0.0945945945945946 0.0945945945945946 0.135135135135135
0.403508771929825 0.859649122807018 1.40350877192982 1.33333333333333 1.17543859649123 3.3859649122807 3.26315789473684 1.15789473684211 1.14035087719298 1.56140350877193 1.33333333333333 1.40350877192982 1.42105263157895 0.368421052631579 0.228070175438596 0.421052631578947
0.309090909090909 1.05454545454545 1.47272727272727 1.16363636363636 0.945454545454545 2.01818181818182 1.87272727272727 2.36363636363636 2.21818181818182 0.636363636363636 0.6 1.36363636363636 1.49090909090909 0.254545454545455 0.218181818181818 0.272727272727273
0.405797101449275 0.942028985507246 2.05797101449275 1.63768115942029 1.04347826086957 1.8695652173913 1.69565217391304 3.3768115942029 3.17391304347826 2 1.68115942028985 0.594202898550725 0.594202898550725 1.01449275362319 0.63768115942029 2.14492753623188
0.366197183098592 0.802816901408451 1.38028169014085 2.14084507042254 1.70422535211268 1.67605633802817 1.53521126760563 1.94366197183099 2.30985915492958 2.74647887323944 2.32394366197183 0.647887323943662 0.535211267605634 0.647887323943662 0.788732394366197 1.35211267605634
0.107142857142857 0.178571428571429 0.535714285714286 1.375 1.46428571428571 2.98214285714286 3.30357142857143 1.67857142857143 1.41071428571429 2.66071428571429 2.57142857142857 2 1.75 0.375 0.321428571428571 0.553571428571429
0.431818181818182 0.840909090909091 0.25 0.954545454545455 1.04545454545455 1.93181818181818 1.36363636363636 0.568181818181818 0.613636363636364 1.04545454545455 1.56818181818182 1.93181818181818 1.63636363636364 0.25 0.409090909090909 0.75
0.19047619047619 0.30952380952381 0.785714285714286 0.5 0.333333333333333 1.76190476190476 1.5952380952381 1.30952380952381 1.21428571428571 0.857142857142857 0.857142857142857 1.88095238095238 1.42857142857143 0.0714285714285714 0.0952380952380952 0.19047619047619
0.269230769230769 0.730769230769231 0.846153846153846 0.692307692307692 0.769230769230769 1.5 1.65384615384615 1.61538461538462 2.26923076923077 0.269230769230769 0.5 0.5 0.615384615384615 0.769230769230769 0.653846153846154 0.884615384615385
0 0 0.466666666666667 0.6 1.4 0.866666666666667 1.06666666666667 1.06666666666667 1.73333333333333 1.6 0.933333333333333 0.2 0.0666666666666667 0.0666666666666667 0.0666666666666667 0
0.2 1.06666666666667 0 1.13333333333333 0.666666666666667 1.26666666666667 1.13333333333333 0.6 0.866666666666667 2.26666666666667 2.2 0.666666666666667 0.266666666666667 0.133333333333333 0.0666666666666667 0.4
