0.185185185185185 0.407407407407407 0.111111111111111 1.62962962962963 2 1.07407407407407 1.03703703703704 0.148148148148148 0.185185185185185 1.25925925925926 1.59259259259259 2.07407407407407 1.18518518518519 0.111111111111111 0.518518518518518 0.407407407407407
0.253521126760563 0.507042253521127 0.450704225352113 1.04225352112676 1.16901408450704 2.91549295774648 2.95774647887324 1.35211267605634 1.16901408450704 0.591549295774648 0.816901408450704 1.45070422535211 1.56338028169014 0.183098591549296 0.0985915492957746 0.169014084507042
0.263157894736842 0.657894736842105 1.02631578947368 0.684210526315789 0.657894736842105 1.55263157894737 2.09210526315789 1.96052631578947 1.98684210526316 1.23684210526316 1.14473684210526 0.907894736842105 0.868421052631579 0.328947368421053 0.342105263157895 0.552631578947368
0.202898550724638 0.63768115942029 1 1.82608695652174 1.72463768115942 1.34782608695652 1.42028985507246 1.79710144927536 1.82608695652174 2.28985507246377 2.07246376811594 0.782608695652174 0.63768115942029 0.333333333333333 0.246376811594203 0.63768115942029
0.660714285714286 1.46428571428571 0.696428571428571 2.17857142857143 2.375 1.96428571428571 1.76785714285714 1.57142857142857 1.48214285714286 2.17857142857143 2.30357142857143 0.839285714285714 0.821428571428571 0.321428571428571 0.196428571428571 0.428571428571428
0.972972972972973 2.16216216216216 0.594594594594595 1.05405405405405 1.60810810810811 3.75675675675676 3.12162162162162 1.02702702702703 0.864864864864865 1.37837837837838 1.48648648648649 1.48648648648649 1.22972972972973 0.0405405405405405 0.121621621621622 0.189189189189189
0.350877192982456 1.07017543859649 1.73684210526316 1.31578947368421 1.07017543859649 3.68421052631579 4.03508771929824 1.54385964912281 1.36842105263158 0.894736842105263 0.736842105263158 1.03508771929825 1.28070175438596 0.43859649122807 0.333333333333333 0.578947368421053
0.509090909090909 1.49090909090909 1.8 0.890909090909091 1 2.29090909090909 2.16363636363636 2.61818181818182 2.78181818181818 0.472727272727273 0.272727272727273 1.50909090909091 1.63636363636364 0.236363636363636 0.127272727272727 0.381818181818182
0.304347826086956 0.72463768115942 1.8695652173913 1.91304347826087 1.10144927536232 1.46376811594203 1.21739130434783 2.66666666666667 2.84057971014493 1.71014492753623 1.73913043478261 0.826086956521739 0.768115942028985 0.739130434782609 0.739130434782609 1.82608695652174
0.28169014084507 0.788732394366197 1.30985915492958 2.30985915492958 1.47887323943662 1.73239436619718 1.92957746478873 1.47887323943662 1.66197183098592 3.02816901408451 2.66197183098592 0.71830985915493 0.436619718309859 0.563380281690141 0.633802816901408 1.08450704225352
0.196428571428571 0.571428571428571 0.446428571428571 1.78571428571429 1.83928571428571 2.5 2.19642857142857 1.875 1.78571428571429 2.73214285714286 2.85714285714286 1.875 1.46428571428571 0.446428571428571 0.321428571428571 0.482142857142857
0.227272727272727 0.545454545454545 0.227272727272727 0.409090909090909 0.636363636363636 1.70454545454545 1.97727272727273 0.5 0.613636363636364 0.659090909090909 1 1.72727272727273 1.47727272727273 0.272727272727273 0.181818181818182 0.568181818181818
0.142857142857143 0.357142857142857 0.714285714285714 0.547619047619048 0.261904761904762 1.66666666666667 1.47619047619048 1.23809523809524 0.857142857142857 0.595238095238095 0.761904761904762 1.47619047619048 1.61904761904762 0.0952380952380952 0.119047619047619 0.142857142857143
0.153846153846154 0.538461538461538 0.461538461538461 0.538461538461538 0.730769230769231 0.884615384615384 1.53846153846154 1.38461538461538 1.53846153846154 0.807692307692308 0.653846153846154 1.23076923076923 1.03846153846154 0.307692307692308 0.346153846153846 0.230769230769231
0 0 0.2 1 1.46666666666667 0.6 0.6 1.33333333333333 1.6 1.93333333333333 1.33333333333333 0 0.133333333333333 0.2 0.0666666666666667 0.466666666666667
0.133333333333333 1.33333333333333 0.266666666666667 0.666666666666667 0.933333333333333 1.53333333333333 1.73333333333333 0.533333333333333 0.533333333333333 2.26666666666667 2.33333333333333 0.4 0.2 0.133333333333333 0.133333333333333 0.466666666666667
