0.111111111111111 0.703703703703704 0.0740740740740741 1.18518518518519 1.7037037037037 1.7037037037037 1.25925925925926 0.148148148148148 0.222222222222222 1.51851851851852 1.2962962962963 1.14814814814815 0.888888888888889 0.222222222222222 0.37037037037037 0.296296296296296
0.197802197802198 0.703296703296703 0.483516483516483 0.89010989010989 0.879120879120879 2.71428571428571 2.81318681318681 1.26373626373626 0.912087912087912 0.912087912087912 0.703296703296703 1.3956043956044 1.31868131868132 0.120879120879121 0.164835164835165 0.384615384615385
0.267857142857143 0.767857142857143 0.5 0.821428571428571 0.732142857142857 1.42857142857143 2.07142857142857 2.125 2.17857142857143 1.01785714285714 0.875 0.660714285714286 0.767857142857143 0.303571428571428 0.321428571428571 0.482142857142857
0.333333333333333 0.971014492753623 0.826086956521739 1.53623188405797 1.72463768115942 1.59420289855072 1.44927536231884 1.94202898550725 1.95652173913043 1.78260869565217 1.59420289855072 0.681159420289855 0.681159420289855 0.333333333333333 0.260869565217391 0.521739130434782
0.732142857142857 1.30357142857143 0.410714285714286 1.80357142857143 1.89285714285714 1.57142857142857 1.26785714285714 1.39285714285714 1.25 2.03571428571429 1.53571428571429 0.660714285714286 0.375 0.321428571428571 0.196428571428571 0.428571428571428
1.01351351351351 2 0.405405405405405 1.17567567567568 1.48648648648649 3.59459459459459 3.05405405405405 1.22972972972973 0.810810810810811 1.32432432432432 1.21621621621622 1.12162162162162 1.10810810810811 0.162162162162162 0.0945945945945946 0.189189189189189
0.491228070175439 1.68421052631579 0.771929824561403 0.87719298245614 0.701754385964912 3.12280701754386 3.03508771929825 1.52631578947368 1.03508771929825 0.543859649122807 0.578947368421053 1.24561403508772 1.56140350877193 0.421052631578947 0.175438596491228 0.56140350877193
0.290909090909091 1.41818181818182 1.05454545454545 1.65454545454545 1.12727272727273 2.43636363636364 2.94545454545454 2.16363636363636 2.61818181818182 0.545454545454545 0.527272727272727 1.27272727272727 1.18181818181818 0.236363636363636 0.2 0.436363636363636
0.434782608695652 2.10144927536232 2.05797101449275 1.95652173913043 1.20289855072464 2.08695652173913 1.95652173913043 3.18840579710145 3.52173913043478 2.21739130434783 2.27536231884058 0.782608695652174 0.840579710144927 1.17391304347826 1.14492753623188 2.04347826086956
0.380281690140845 0.845070422535211 1.23943661971831 2.22535211267606 1.87323943661972 1.8169014084507 2.02816901408451 1.90140845070423 2 3.2112676056338 2.67605633802817 0.408450704225352 0.323943661971831 0.816901408450704 0.633802816901408 1.43661971830986
0.410714285714286 0.589285714285714 0.392857142857143 1.58928571428571 1.73214285714286 2.32142857142857 2.55357142857143 1.69642857142857 1.28571428571429 2.55357142857143 2.64285714285714 1.73214285714286 1.57142857142857 0.464285714285714 0.125 0.5
0.5 0.909090909090909 0.0454545454545454 0.613636363636364 0.795454545454545 2.18181818181818 1.56818181818182 0.431818181818182 0.431818181818182 1.27272727272727 1.56818181818182 1.70454545454545 1.72727272727273 0.227272727272727 0.159090909090909 0.636363636363636
0.0476190476190476 0.380952380952381 0.666666666666667 0.547619047619048 0.452380952380952 1.4047619047619 1.5 1.4047619047619 1.02380952380952 0.523809523809524 0.619047619047619 1.66666666666667 1.38095238095238 0.0952380952380952 0.0952380952380952 0.166666666666667
0.346153846153846 0.615384615384615 0.730769230769231 0.423076923076923 0.346153846153846 1.11538461538462 1.46153846153846 1.69230769230769 1.73076923076923 0.384615384615385 0.846153846153846 0.192307692307692 0.692307692307692 0.653846153846154 0.384615384615385 1
0.0666666666666667 0.266666666666667 0.666666666666667 1.2 0.866666666666667 0.6 1.06666666666667 2 2 1.4 1.33333333333333 0.2 0.0666666666666667 0.266666666666667 0.133333333333333 0.533333333333333
0 0.533333333333333 0 0.6 1 0.733333333333333 0.666666666666667 0.866666666666667 0.866666666666667 3.4 2.26666666666667 1 0.6 0.333333333333333 0.466666666666667 0.666666666666667
