0.222222222222222 0.37037037037037 0.0740740740740741 1.14814814814815 1.77777777777778 1.55555555555556 1.37037037037037 0.185185185185185 0.296296296296296 1.51851851851852 1.40740740740741 1 0.592592592592593 0.222222222222222 0.296296296296296 0.444444444444444
0.197802197802198 0.78021978021978 0.351648351648352 0.67032967032967 0.769230769230769 2.7032967032967 2.67032967032967 1.28571428571429 0.813186813186813 0.692307692307692 0.725274725274725 1.25274725274725 1.38461538461538 0.307692307692308 0.10989010989011 0.318681318681319
0.0357142857142857 0.428571428571429 0.5 0.946428571428571 0.321428571428571 0.928571428571429 1.14285714285714 2.39285714285714 2.80357142857143 1.05357142857143 0.803571428571429 0.625 0.517857142857143 0.392857142857143 0.196428571428571 0.660714285714286
0.231884057971014 0.782608695652174 0.826086956521739 1.40579710144928 1.71014492753623 1.40579710144928 1.39130434782609 2.02898550724638 2.3768115942029 1.68115942028985 1.47826086956522 0.652173913043478 0.449275362318841 0.289855072463768 0.246376811594203 0.753623188405797
0.517857142857143 1.58928571428571 0.5 1.92857142857143 2.26785714285714 2.16071428571429 2.76785714285714 1.66071428571429 1.5 2.17857142857143 2.55357142857143 0.660714285714286 0.678571428571429 0.339285714285714 0.214285714285714 0.357142857142857
0.851351351351351 2.28378378378378 0.297297297297297 1.10810810810811 1.66216216216216 3.04054054054054 2.64864864864865 1 0.743243243243243 1.40540540540541 1.35135135135135 1.74324324324324 1.36486486486486 0.148648648648649 0.121621621621622 0.283783783783784
0.614035087719298 1.7719298245614 0.964912280701754 1.19298245614035 1.07017543859649 3.64912280701754 4.24561403508772 1.40350877192982 1.33333333333333 0.87719298245614 1.03508771929825 1.40350877192982 1.82456140350877 0.228070175438596 0.245614035087719 0.578947368421053
0.363636363636364 1.27272727272727 1.03636363636364 0.963636363636364 0.727272727272727 1.98181818181818 2.36363636363636 2.18181818181818 2.21818181818182 0.436363636363636 0.436363636363636 1.54545454545455 1.07272727272727 0.345454545454545 0.236363636363636 0.272727272727273
0.333333333333333 1.60869565217391 2.1304347826087 1.95652173913043 1.14492753623188 1.43478260869565 1.36231884057971 3.02898550724638 3.28985507246377 1.26086956521739 1.39130434782609 0.927536231884058 1.08695652173913 0.608695652173913 0.463768115942029 1.30434782608696
0.267605633802817 0.704225352112676 0.873239436619718 2.1830985915493 1.52112676056338 1.87323943661972 1.53521126760563 1.46478873239437 2.04225352112676 3.36619718309859 2.92957746478873 0.323943661971831 0.323943661971831 0.563380281690141 0.732394366197183 0.929577464788732
0.303571428571429 0.589285714285714 0.0535714285714286 1.375 1.375 3.16071428571429 2.67857142857143 1.10714285714286 1.14285714285714 2.51785714285714 1.69642857142857 1.85714285714286 1.58928571428571 0.25 0.339285714285714 0.517857142857143
0.181818181818182 0.636363636363636 0.0909090909090909 0.227272727272727 0.522727272727273 1.68181818181818 1.79545454545455 0.886363636363636 0.477272727272727 1.11363636363636 1.27272727272727 2.06818181818182 1.72727272727273 0.25 0.113636363636364 0.545454545454545
0.238095238095238 0.833333333333333 0.547619047619048 0.452380952380952 0.428571428571429 2.38095238095238 2.26190476190476 0.785714285714286 0.5 0.738095238095238 1.02380952380952 2.0952380952381 2.14285714285714 0.119047619047619 0.119047619047619 0.428571428571429
0.346153846153846 0.423076923076923 0.961538461538462 0.730769230769231 0.346153846153846 1.15384615384615 1.30769230769231 2.76923076923077 2.73076923076923 0.384615384615385 0.807692307692308 0.884615384615385 0.576923076923077 0.807692307692308 0.576923076923077 0.923076923076923
0 0.133333333333333 0.933333333333333 0.466666666666667 0.4 0.8 1.33333333333333 1.26666666666667 2.13333333333333 1 0.533333333333333 0.4 0.266666666666667 0.133333333333333 0.2 0.4
0 0.133333333333333 0.266666666666667 1.26666666666667 1.33333333333333 0.333333333333333 0.333333333333333 1.06666666666667 1.73333333333333 1.93333333333333 1.86666666666667 0.866666666666667 0.466666666666667 0.0666666666666667 0 0.266666666666667
