0.222222222222222 0.481481481481481 0.037037037037037 1.48148148148148 2.33333333333333 1.33333333333333 1.37037037037037 0.333333333333333 0.0740740740740741 1.18518518518519 1.40740740740741 0.777777777777778 0.703703703703704 0.185185185185185 0.296296296296296 0.296296296296296
0.263736263736264 0.758241758241758 0.527472527472527 0.615384615384615 0.582417582417582 2.67032967032967 2.87912087912088 1.37362637362637 0.923076923076923 0.593406593406593 0.802197802197802 1.35164835164835 1.40659340659341 0.274725274725275 0.0989010989010989 0.417582417582418
0.178571428571429 0.839285714285714 0.464285714285714 0.803571428571429 0.482142857142857 0.982142857142857 1.5 2.01785714285714 2.28571428571429 1.46428571428571 1.01785714285714 0.732142857142857 0.732142857142857 0.464285714285714 0.339285714285714 0.535714285714286
0.173913043478261 0.855072463768116 0.753623188405797 1.66666666666667 1.43478260869565 1.49275362318841 1.30434782608696 2.31884057971015 2.17391304347826 1.69565217391304 1.78260869565217 0.565217391304348 0.492753623188406 0.188405797101449 0.246376811594203 0.536231884057971
0.446428571428571 1.125 0.5 2.44642857142857 2.16071428571429 2.23214285714286 1.89285714285714 1.33928571428571 1.28571428571429 2.19642857142857 2.32142857142857 1 0.857142857142857 0.25 0.196428571428571 0.285714285714286
0.905405405405405 1.95945945945946 0.337837837837838 1.13513513513514 1.68918918918919 3.24324324324324 2.62162162162162 0.810810810810811 0.689189189189189 1.37837837837838 1.47297297297297 1.45945945945946 1.12162162162162 0.189189189189189 0.189189189189189 0.27027027027027
0.315789473684211 1.49122807017544 1.03508771929825 1.08771929824561 0.666666666666667 2.57894736842105 3 0.982456140350877 0.894736842105263 1.08771929824561 1.17543859649123 1.70175438596491 1.63157894736842 0.403508771929825 0.368421052631579 0.649122807017544
0.454545454545455 1.49090909090909 0.8 1.16363636363636 0.981818181818182 2.34545454545455 2.05454545454545 2.63636363636364 2.47272727272727 0.545454545454545 0.290909090909091 1.78181818181818 2.03636363636364 0.272727272727273 0.163636363636364 0.254545454545455
0.36231884057971 1.73913043478261 1.78260869565217 2.07246376811594 1.20289855072464 1.71014492753623 1.63768115942029 2.6231884057971 2.34782608695652 1.21739130434783 1.05797101449275 0.927536231884058 1 0.710144927536232 0.492753623188406 1.2463768115942
0.464788732394366 1 0.985915492957746 2.09859154929577 1.92957746478873 1.46478873239437 1.2112676056338 1.16901408450704 1.64788732394366 2.74647887323944 2.63380281690141 0.732394366197183 0.563380281690141 0.704225352112676 0.732394366197183 1.19718309859155
0.178571428571429 0.642857142857143 0.357142857142857 1.69642857142857 1.375 2.53571428571429 2.64285714285714 1.625 2.01785714285714 2.76785714285714 2.875 1.92857142857143 1.76785714285714 0.5 0.142857142857143 0.446428571428571
0.363636363636364 1.04545454545455 0.409090909090909 1.13636363636364 0.681818181818182 1.25 1.70454545454545 0.363636363636364 0.568181818181818 1.02272727272727 1.45454545454545 1.68181818181818 1.65909090909091 0.295454545454545 0.272727272727273 0.522727272727273
0.0952380952380952 0.404761904761905 0.261904761904762 0.595238095238095 0.357142857142857 1.78571428571429 1.23809523809524 1.11904761904762 1.35714285714286 0.80952380952381 1.02380952380952 1.42857142857143 1.11904761904762 0.119047619047619 0.0238095238095238 0.0952380952380952
0.423076923076923 0.846153846153846 0.884615384615385 0.730769230769231 0.538461538461538 1.46153846153846 1.65384615384615 1.61538461538462 1.69230769230769 0.307692307692308 0.153846153846154 0.576923076923077 0.461538461538462 0.153846153846154 0.0769230769230769 0.423076923076923
0.133333333333333 0.466666666666667 0.6 1.13333333333333 0.933333333333333 0.933333333333333 1.26666666666667 2.26666666666667 2.06666666666667 1.26666666666667 1.6 0.533333333333333 0.466666666666667 0.466666666666667 0.2 0.533333333333333
0.2 0.866666666666667 0 1.53333333333333 1.4 1 1.06666666666667 0.8 0.933333333333333 2.86666666666667 2.46666666666667 0.266666666666667 0.266666666666667 0.2 0.266666666666667 0.333333333333333
