0.185185185185185 0.407407407407407 0.037037037037037 0.666666666666667 1.33333333333333 2.33333333333333 1.37037037037037 0.185185185185185 0.259259259259259 1.07407407407407 0.888888888888889 1.7037037037037 1.2962962962963 0.296296296296296 0.222222222222222 0.444444444444444
0.362637362637363 0.879120879120879 0.505494505494505 0.89010989010989 0.956043956043956 2.87912087912088 3.40659340659341 1.25274725274725 0.945054945054945 1.02197802197802 1 1.49450549450549 1.74725274725275 0.252747252747253 0.120879120879121 0.285714285714286
0.25 0.714285714285714 0.732142857142857 0.928571428571429 0.732142857142857 1.375 1.51785714285714 2.57142857142857 2.35714285714286 1.05357142857143 0.928571428571429 0.375 0.589285714285714 0.392857142857143 0.285714285714286 0.607142857142857
0.246376811594203 0.72463768115942 0.710144927536232 1.82608695652174 1.88405797101449 1.57971014492754 1.36231884057971 2.11594202898551 3.15942028985507 1.56521739130435 1.34782608695652 0.782608695652174 0.623188405797101 0.304347826086957 0.492753623188406 0.826086956521739
0.464285714285714 1.19642857142857 0.571428571428571 2.64285714285714 2.76785714285714 1.48214285714286 1.58928571428571 1.33928571428571 1.48214285714286 1.91071428571429 1.875 1.21428571428571 0.857142857142857 0.339285714285714 0.303571428571429 0.625
0.702702702702703 2.27027027027027 0.405405405405405 1.40540540540541 1.2027027027027 3.40540540540541 3.21621621621622 0.918918918918919 0.594594594594595 1.09459459459459 1.12162162162162 1.85135135135135 1.2972972972973 0.148648648648649 0.121621621621622 0.364864864864865
0.263157894736842 1.42105263157895 0.842105263157895 1.21052631578947 0.894736842105263 4.26315789473684 3.7719298245614 1.45614035087719 1.29824561403509 0.859649122807018 1.26315789473684 1.2280701754386 1.2280701754386 0.403508771929825 0.263157894736842 0.491228070175439
0.563636363636364 1.36363636363636 1 1.65454545454545 1.27272727272727 2.50909090909091 2.12727272727273 2.87272727272727 2.43636363636364 0.636363636363636 0.381818181818182 1.56363636363636 1.36363636363636 0.290909090909091 0.145454545454545 0.381818181818182
0.449275362318841 2.08695652173913 1.85507246376812 2.33333333333333 1.39130434782609 1.47826086956522 1.6231884057971 2.6231884057971 2.85507246376812 1.44927536231884 1.30434782608696 0.869565217391304 1.20289855072464 0.594202898550725 0.594202898550725 1.17391304347826
0.169014084507042 0.802816901408451 0.816901408450704 2.25352112676056 1.73239436619718 1.47887323943662 1.43661971830986 1.95774647887324 1.94366197183099 3.07042253521127 2.59154929577465 0.47887323943662 0.464788732394366 0.633802816901408 0.563380281690141 1.1830985915493
0.25 0.732142857142857 0.196428571428571 1.33928571428571 1.91071428571429 2.35714285714286 2.21428571428571 1.53571428571429 1.05357142857143 2.35714285714286 2.07142857142857 1.53571428571429 1.26785714285714 0.392857142857143 0.232142857142857 0.767857142857143
0.181818181818182 0.863636363636364 0.681818181818182 0.659090909090909 0.704545454545455 2.06818181818182 2.13636363636364 0.522727272727273 0.704545454545455 1 1.45454545454545 1.59090909090909 1.43181818181818 0.181818181818182 0.0681818181818182 0.363636363636364
0.214285714285714 0.642857142857143 0.357142857142857 0.5 0.380952380952381 1.76190476190476 1.64285714285714 0.857142857142857 0.69047619047619 0.571428571428571 0.547619047619048 1.73809523809524 1.69047619047619 0.214285714285714 0.0714285714285714 0.30952380952381
0.153846153846154 0.615384615384615 0.230769230769231 0.923076923076923 0.653846153846154 1.34615384615385 1.96153846153846 1.92307692307692 2.23076923076923 0.576923076923077 0.230769230769231 0.576923076923077 0.538461538461538 0.461538461538462 0.576923076923077 0.423076923076923
0.0666666666666667 0.866666666666667 1.06666666666667 1.73333333333333 1.46666666666667 1.2 1.26666666666667 1.66666666666667 2 2.33333333333333 2.06666666666667 0.2 0.466666666666667 0.0666666666666667 0.2 0.333333333333333
0.2 1.06666666666667 0.2 0.8 0.8 1.4 1.13333333333333 0.733333333333333 0.466666666666667 2.06666666666667 3.13333333333333 0.8 0.266666666666667 0.266666666666667 0.466666666666667 0.933333333333333
