0.111111111111111 0.666666666666667 0.259259259259259 1 1.88888888888889 2.25925925925926 2.11111111111111 0.185185185185185 0.296296296296296 1.2962962962963 1.74074074074074 0.925925925925926 1.18518518518519 0.185185185185185 0.185185185185185 0.333333333333333
0.28169014084507 0.619718309859155 0.366197183098592 0.943661971830986 1.11267605633803 2.97183098591549 3.07042253521127 0.985915492957746 0.535211267605634 0.704225352112676 0.901408450704225 1.63380281690141 1.49295774647887 0.140845070422535 0.154929577464789 0.211267605633803
0.118421052631579 0.513157894736842 0.697368421052632 0.447368421052632 0.526315789473684 1.46052631578947 1.52631578947368 2.21052631578947 1.94736842105263 0.868421052631579 0.460526315789474 0.605263157894737 0.894736842105263 0.25 0.144736842105263 0.447368421052632
0.130434782608696 0.579710144927536 0.63768115942029 2.17391304347826 1.55072463768116 1.34782608695652 1.28985507246377 1.95652173913043 2.28985507246377 1.3768115942029 1.28985507246377 0.927536231884058 0.449275362318841 0.260869565217391 0.260869565217391 0.318840579710145
0.25 0.857142857142857 0.732142857142857 1.55357142857143 1.75 1.98214285714286 1.55357142857143 1.125 1.03571428571429 1.66071428571429 2.01785714285714 0.946428571428571 1.08928571428571 0.392857142857143 0.142857142857143 0.392857142857143
0.878378378378378 1.91891891891892 0.635135135135135 1.18918918918919 1.09459459459459 2.93243243243243 2.87837837837838 1.24324324324324 1.06756756756757 1.2972972972973 1.32432432432432 1.35135135135135 1.06756756756757 0.135135135135135 0.0675675675675676 0.202702702702703
0.43859649122807 1.05263157894737 1.35087719298246 1.2280701754386 0.929824561403509 3.57894736842105 3.50877192982456 1.33333333333333 1.24561403508772 0.789473684210526 0.964912280701754 1.40350877192982 1.50877192982456 0.228070175438596 0.175438596491228 0.56140350877193
0.472727272727273 1.67272727272727 1.32727272727273 1.10909090909091 0.981818181818182 2.65454545454545 2.41818181818182 2.94545454545455 2.8 0.345454545454545 0.454545454545455 1.8 1.52727272727273 0.254545454545455 0.0727272727272727 0.2
0.420289855072464 1.15942028985507 2.95652173913043 1.68115942028985 0.811594202898551 1.92753623188406 1.91304347826087 3.36231884057971 3.26086956521739 1.36231884057971 1.10144927536232 1 0.826086956521739 0.826086956521739 0.782608695652174 1.39130434782609
0.267605633802817 0.661971830985915 0.985915492957746 2.2112676056338 1.74647887323944 1.97183098591549 1.8169014084507 2.35211267605634 2.30985915492958 3.09859154929577 2.19718309859155 0.788732394366197 0.647887323943662 0.661971830985915 0.633802816901408 1.35211267605634
0.178571428571429 0.571428571428571 0.428571428571429 0.892857142857143 1.17857142857143 2.26785714285714 2.26785714285714 1.375 1.39285714285714 1.71428571428571 1.80357142857143 1.85714285714286 1.48214285714286 0.357142857142857 0.196428571428571 0.357142857142857
0.25 0.613636363636364 1.15909090909091 1.04545454545455 0.681818181818182 1.29545454545455 1.38636363636364 0.477272727272727 0.659090909090909 0.840909090909091 1.04545454545455 1.25 0.909090909090909 0.181818181818182 0.25 0.363636363636364
0.214285714285714 0.428571428571429 1 0.571428571428571 0.333333333333333 2 2 1.0952380952381 0.880952380952381 0.619047619047619 0.80952380952381 2.04761904761905 2.28571428571429 0.166666666666667 0.0952380952380952 0.214285714285714
0.5 0.653846153846154 0.769230769230769 1.53846153846154 0.692307692307692 1.23076923076923 1.46153846153846 2.07692307692308 2.03846153846154 1 1.03846153846154 0.384615384615385 0.653846153846154 0.423076923076923 0.346153846153846 0.576923076923077
0.2 0.4 0.733333333333333 2.26666666666667 1.06666666666667 1 1 1.26666666666667 1.6 2.6 1.33333333333333 0.333333333333333 0.266666666666667 0.4 0.2 0.8
0.133333333333333 0.6 0 1.13333333333333 1.06666666666667 0.866666666666667 0.733333333333333 1.06666666666667 2.13333333333333 2.66666666666667 2 0.466666666666667 0.133333333333333 0.133333333333333 0.0666666666666667 0.933333333333333
