0.222222222222222 0.222222222222222 0.0740740740740741 1.25925925925926 1.51851851851852 1.74074074074074 1.37037037037037 0.296296296296296 0.148148148148148 1.48148148148148 1.14814814814815 0.814814814814815 0.666666666666667 0.407407407407407 0.333333333333333 0.296296296296296
0.120879120879121 0.637362637362637 0.263736263736264 0.461538461538462 0.659340659340659 2.51648351648352 2.62637362637363 1.27472527472527 0.747252747252747 0.659340659340659 0.626373626373626 1.01098901098901 1.31868131868132 0.131868131868132 0.131868131868132 0.153846153846154
0.0714285714285714 0.553571428571429 0.446428571428571 0.660714285714286 0.375 1.32142857142857 1.5 2.17857142857143 1.92857142857143 1.53571428571429 1 0.571428571428571 0.732142857142857 0.410714285714286 0.285714285714286 0.785714285714286
0.231884057971014 0.884057971014493 0.623188405797101 1.66666666666667 1.34782608695652 1.14492753623188 1.05797101449275 2.02898550724638 2.30434782608696 1.88405797101449 1.44927536231884 0.869565217391304 0.463768115942029 0.536231884057971 0.405797101449275 0.91304347826087
0.714285714285714 1.51785714285714 0.321428571428571 2.23214285714286 2.5 2.01785714285714 1.82142857142857 1.39285714285714 1.30357142857143 2.16071428571429 2.25 0.696428571428571 0.714285714285714 0.267857142857143 0.160714285714286 0.357142857142857
0.459459459459459 1.5 0.337837837837838 1.02702702702703 1.44594594594595 2.66216216216216 2.48648648648649 0.878378378378378 0.675675675675676 1.28378378378378 1.33783783783784 1.66216216216216 1.10810810810811 0.108108108108108 0.148648648648649 0.135135135135135
0.456140350877193 1.54385964912281 0.964912280701754 1.12280701754386 0.859649122807018 2.54385964912281 2.68421052631579 0.964912280701754 0.754385964912281 1.07017543859649 1.01754385964912 1.6140350877193 1.68421052631579 0.56140350877193 0.192982456140351 0.473684210526316
0.436363636363636 1.54545454545455 0.909090909090909 1.65454545454545 1.34545454545455 2.23636363636364 2.36363636363636 2.45454545454545 1.94545454545455 0.636363636363636 0.4 1.49090909090909 1.61818181818182 0.127272727272727 0.0909090909090909 0.345454545454545
0.507246376811594 1.44927536231884 1.69565217391304 1.78260869565217 1.05797101449275 1.36231884057971 1.63768115942029 2.39130434782609 3.1304347826087 0.942028985507246 0.782608695652174 0.884057971014493 0.927536231884058 0.652173913043478 0.405797101449275 1.20289855072464
0.309859154929577 1.01408450704225 0.647887323943662 2.29577464788732 1.46478873239437 1.77464788732394 1.3943661971831 1.49295774647887 1.57746478873239 2.84507042253521 2.54929577464789 0.436619718309859 0.28169014084507 0.661971830985915 0.704225352112676 1.23943661971831
0.160714285714286 0.464285714285714 0.0892857142857143 1.30357142857143 1.375 2.69642857142857 2.67857142857143 1.51785714285714 1.21428571428571 2.375 2.58928571428571 1.82142857142857 1.60714285714286 0.285714285714286 0.285714285714286 0.5
0.204545454545455 0.704545454545455 0.545454545454545 0.727272727272727 0.727272727272727 2.04545454545455 1.54545454545455 0.840909090909091 0.704545454545455 0.886363636363636 1.18181818181818 1.79545454545455 1.40909090909091 0.136363636363636 0.318181818181818 0.818181818181818
0.142857142857143 0.476190476190476 0.285714285714286 0.595238095238095 0.69047619047619 1.76190476190476 1.85714285714286 1.07142857142857 1.45238095238095 0.80952380952381 0.904761904761905 1.88095238095238 1.85714285714286 0.119047619047619 0.0952380952380952 0.214285714285714
0.115384615384615 0.692307692307692 0.5 0.461538461538462 0.346153846153846 0.846153846153846 1.84615384615385 2.15384615384615 2.38461538461538 0.461538461538462 0.192307692307692 1.23076923076923 1.03846153846154 0.576923076923077 0.5 0.884615384615385
0.4 1.8 0.333333333333333 2.13333333333333 2.06666666666667 1.2 1.66666666666667 0.666666666666667 0.866666666666667 2.26666666666667 1.46666666666667 0.666666666666667 0.466666666666667 0.2 1 0.733333333333333
0.466666666666667 0.933333333333333 0.133333333333333 1.2 0.6 1.33333333333333 1.26666666666667 0.866666666666667 1.13333333333333 1.06666666666667 2 0.866666666666667 0.8 0.333333333333333 0.266666666666667 0.866666666666667
