0.185185185185185 0.703703703703704 0.111111111111111 1.51851851851852 1.88888888888889 1.96296296296296 1.74074074074074 0.259259259259259 0.259259259259259 1.92592592592593 1.51851851851852 1.33333333333333 0.888888888888889 0.296296296296296 0.444444444444444 0.259259259259259
0.252747252747253 0.846153846153846 0.461538461538462 0.549450549450549 0.813186813186813 2.48351648351648 3.14285714285714 1.65934065934066 1.15384615384615 0.67032967032967 0.967032967032967 1.46153846153846 1.53846153846154 0.252747252747253 0.10989010989011 0.252747252747253
0.0535714285714286 0.714285714285714 0.553571428571429 0.928571428571429 0.517857142857143 1.26785714285714 1.44642857142857 2.51785714285714 2.58928571428571 1.28571428571429 0.625 0.732142857142857 0.589285714285714 0.214285714285714 0.285714285714286 0.357142857142857
0.289855072463768 0.652173913043478 0.550724637681159 1.88405797101449 1.76811594202899 1.07246376811594 1.05797101449275 2.1304347826087 2.43478260869565 1.66666666666667 1.52173913043478 0.681159420289855 0.492753623188406 0.260869565217391 0.478260869565217 0.594202898550725
0.589285714285714 1.35714285714286 0.392857142857143 2.10714285714286 1.92857142857143 2.05357142857143 1.875 0.982142857142857 1.19642857142857 1.94642857142857 1.73214285714286 0.839285714285714 0.553571428571429 0.178571428571429 0.214285714285714 0.267857142857143
1.05405405405405 2.24324324324324 0.391891891891892 1.21621621621622 1.48648648648649 3.91891891891892 3.66216216216216 1.04054054054054 1.18918918918919 1.62162162162162 1.71621621621622 1.2027027027027 1.02702702702703 0.0810810810810811 0.0945945945945946 0.135135135135135
0.43859649122807 1.68421052631579 1.33333333333333 1.33333333333333 1.03508771929825 3.94736842105263 3.19298245614035 1.54385964912281 1.12280701754386 0.912280701754386 0.947368421052632 1.75438596491228 1.80701754385965 0.421052631578947 0.228070175438596 0.456140350877193
0.454545454545455 1.21818181818182 1.03636363636364 1.14545454545455 0.727272727272727 1.96363636363636 1.54545454545455 2.12727272727273 2.16363636363636 0.490909090909091 0.345454545454545 1.18181818181818 1.25454545454545 0.309090909090909 0.218181818181818 0.381818181818182
0.492753623188406 1.85507246376812 1.98550724637681 2.60869565217391 1.39130434782609 1.56521739130435 1.72463768115942 2.7536231884058 2.82608695652174 1.26086956521739 1.3768115942029 1.1304347826087 0.985507246376812 0.695652173913043 0.536231884057971 1.14492753623188
0.309859154929577 0.971830985915493 1.09859154929577 2.15492957746479 1.95774647887324 1.61971830985915 1.22535211267606 1.8169014084507 1.80281690140845 3.57746478873239 2.97183098591549 0.549295774647887 0.436619718309859 0.732394366197183 0.676056338028169 1.46478873239437
0.178571428571429 0.321428571428571 0.196428571428571 1.16071428571429 1.16071428571429 3.125 3.23214285714286 1.875 2.05357142857143 2.64285714285714 2.53571428571429 2.07142857142857 1.82142857142857 0.0892857142857143 0.160714285714286 0.464285714285714
0.25 0.863636363636364 0.431818181818182 1.11363636363636 0.75 1.79545454545455 1.75 0.727272727272727 0.386363636363636 0.818181818181818 1.65909090909091 1.61363636363636 1.20454545454545 0.113636363636364 0.272727272727273 0.568181818181818
0.0476190476190476 0.595238095238095 0.452380952380952 0.642857142857143 0.69047619047619 1.71428571428571 1.95238095238095 1.02380952380952 1.28571428571429 0.666666666666667 0.952380952380952 2.21428571428571 1.92857142857143 0.119047619047619 0.261904761904762 0.452380952380952
0.346153846153846 0.846153846153846 0.423076923076923 0.576923076923077 0.538461538461538 1 1.34615384615385 2.69230769230769 2.69230769230769 0.307692307692308 0.307692307692308 0.807692307692308 1 0.5 0.346153846153846 0.884615384615385
0.0666666666666667 0.733333333333333 0.866666666666667 0.733333333333333 0.866666666666667 0.8 1.46666666666667 1.93333333333333 1.33333333333333 1.33333333333333 1.93333333333333 0.4 0.666666666666667 0.4 0.466666666666667 0.733333333333333
0 0.0666666666666667 0 0.466666666666667 0.4 0.6 0.0666666666666667 1.33333333333333 1.06666666666667 2.4 1.2 0.533333333333333 0.2 0.133333333333333 0 0.6
