0.222222222222222 0.814814814814815 0.111111111111111 1.77777777777778 2.14814814814815 2 1.66666666666667 0.444444444444444 0.111111111111111 1.85185185185185 1.55555555555556 0.592592592592593 0.666666666666667 0.259259259259259 0.259259259259259 0.37037037037037
0.21978021978022 0.681318681318681 0.274725274725275 0.67032967032967 0.846153846153846 2.83516483516484 2.68131868131868 1.27472527472527 0.868131868131868 0.934065934065934 0.769230769230769 1.48351648351648 1.49450549450549 0.153846153846154 0.10989010989011 0.21978021978022
0.232142857142857 0.678571428571429 0.821428571428571 1.07142857142857 0.5 1.51785714285714 1.82142857142857 2.83928571428571 2.67857142857143 0.839285714285714 0.964285714285714 0.857142857142857 0.678571428571429 0.607142857142857 0.392857142857143 0.535714285714286
0.144927536231884 0.739130434782609 0.463768115942029 2.28985507246377 1.94202898550725 1.42028985507246 1.39130434782609 2.21739130434783 2.50724637681159 1.60869565217391 1.52173913043478 0.869565217391304 0.594202898550725 0.27536231884058 0.289855072463768 0.753623188405797
0.553571428571429 1.375 0.5 2.39285714285714 2.57142857142857 2.23214285714286 2.125 1.44642857142857 1.71428571428571 2.57142857142857 1.89285714285714 0.696428571428571 0.696428571428571 0.357142857142857 0.142857142857143 0.607142857142857
0.905405405405405 2.56756756756757 0.351351351351351 1.25675675675676 1.58108108108108 3.81081081081081 3.22972972972973 1.22972972972973 0.918918918918919 1.7027027027027 1.59459459459459 1.40540540540541 0.986486486486487 0.0810810810810811 0.108108108108108 0.202702702702703
0.315789473684211 1.71929824561404 1.2280701754386 0.842105263157895 0.666666666666667 4.36842105263158 4.29824561403509 1.78947368421053 1.73684210526316 0.754385964912281 0.87719298245614 0.982456140350877 1.50877192982456 0.736842105263158 0.192982456140351 0.543859649122807
0.581818181818182 1.67272727272727 0.618181818181818 1.18181818181818 0.6 1.85454545454545 2.03636363636364 3.09090909090909 2.27272727272727 0.436363636363636 0.545454545454545 1.52727272727273 1.45454545454545 0.290909090909091 0.181818181818182 0.327272727272727
0.304347826086957 1.15942028985507 1.56521739130435 1.97101449275362 0.985507246376812 1.23188405797101 0.91304347826087 2.97101449275362 3.18840579710145 1.82608695652174 1.94202898550725 0.768115942028985 0.565217391304348 0.811594202898551 0.869565217391304 1.98550724637681
0.211267605633803 0.802816901408451 0.929577464788732 2.22535211267606 1.66197183098592 2.08450704225352 1.66197183098592 2.02816901408451 1.95774647887324 2.70422535211268 2.23943661971831 0.845070422535211 0.661971830985915 0.690140845070423 0.591549295774648 1.1830985915493
0.339285714285714 0.642857142857143 0.178571428571429 1.01785714285714 1.30357142857143 1.91071428571429 1.78571428571429 1.35714285714286 1.26785714285714 2.26785714285714 1.71428571428571 1.32142857142857 1.25 0.285714285714286 0.196428571428571 0.375
0.25 0.795454545454545 0.113636363636364 0.613636363636364 0.704545454545455 1.56818181818182 1.61363636363636 0.522727272727273 0.340909090909091 0.818181818181818 0.795454545454545 1.88636363636364 1.59090909090909 0.227272727272727 0.272727272727273 0.681818181818182
0.214285714285714 0.714285714285714 0.452380952380952 0.523809523809524 0.238095238095238 1.45238095238095 1.47619047619048 1.21428571428571 1.28571428571429 0.833333333333333 0.785714285714286 2.26190476190476 2.0952380952381 0.0952380952380952 0.142857142857143 0.214285714285714
0.461538461538462 0.961538461538462 0.692307692307692 0.923076923076923 0.730769230769231 1.38461538461538 1.96153846153846 2.84615384615385 2.88461538461538 0.653846153846154 0.576923076923077 0.961538461538462 1.19230769230769 0.692307692307692 0.730769230769231 1.30769230769231
0.133333333333333 0.533333333333333 0.2 1.26666666666667 1.13333333333333 0.6 0.933333333333333 1.33333333333333 1.13333333333333 2.26666666666667 1.13333333333333 0.533333333333333 0.133333333333333 0.333333333333333 0.666666666666667 0.8
0.533333333333333 1.26666666666667 0 1.06666666666667 1.13333333333333 1.53333333333333 1.73333333333333 0.333333333333333 0.333333333333333 3.06666666666667 2.13333333333333 0.6 0.4 0.2 0.2 0.866666666666667
