0 0 0 0.0740740740740741 0.962962962962963 0.444444444444444 0.407407407407407 0 0 0.222222222222222 0.0740740740740741 0.148148148148148 0.0740740740740741 0 0.0740740740740741 0
0 0.021978021978022 0.032967032967033 0.010989010989011 0.131868131868132 0.604395604395604 0.736263736263736 0.351648351648352 0.043956043956044 0.021978021978022 0.021978021978022 0.175824175824176 0.175824175824176 0.021978021978022 0 0
0 0 0 0.0535714285714286 0.0357142857142857 0.0714285714285714 0.357142857142857 0.482142857142857 0.5 0.375 0.160714285714286 0 0.267857142857143 0.125 0.0357142857142857 0
0.0144927536231884 0.0434782608695652 0.0289855072463768 0.130434782608696 0.0869565217391304 0.0579710144927536 0.130434782608696 0.376811594202899 0.449275362318841 0.463768115942029 0.333333333333333 0 0 0.0289855072463768 0.0869565217391304 0.0579710144927536
0.125 0.178571428571429 0 0.767857142857143 1.125 0.946428571428571 0.821428571428571 0.142857142857143 0.196428571428571 0.285714285714286 0.267857142857143 0.125 0.0714285714285714 0 0 0
0.216216216216216 0.364864864864865 0.0540540540540541 0.0810810810810811 0.459459459459459 0.635135135135135 0.351351351351351 0.175675675675676 0.108108108108108 0.0810810810810811 0.0405405405405405 0.162162162162162 0.121621621621622 0 0 0
0.105263157894737 0.596491228070175 0.280701754385965 0.105263157894737 0.087719298245614 1 0.947368421052632 0.192982456140351 0 0.0526315789473684 0.087719298245614 0.087719298245614 0.157894736842105 0.0526315789473684 0 0
0.0727272727272727 0.454545454545455 0.127272727272727 0.0545454545454545 0.0727272727272727 0.0909090909090909 0.418181818181818 0.236363636363636 0.309090909090909 0.0363636363636364 0.0545454545454545 0.0727272727272727 0.109090909090909 0.0363636363636364 0 0.0363636363636364
0 0.0869565217391304 0.420289855072464 0.36231884057971 0.144927536231884 0.130434782608696 0.231884057971014 0.217391304347826 0.420289855072464 0.144927536231884 0.072463768115942 0.0434782608695652 0.0869565217391304 0.130434782608696 0.0434782608695652 0.130434782608696
0 0 0.225352112676056 0.464788732394366 0.169014084507042 0.23943661971831 0.408450704225352 0.366197183098592 0.436619718309859 0.605633802816901 0.0845070422535211 0.0422535211267606 0 0.0563380281690141 0.0140845070422535 0.183098591549296
0.0714285714285714 0.0892857142857143 0 0.125 0.339285714285714 0.357142857142857 0 0.178571428571429 0.0357142857142857 0.339285714285714 0.357142857142857 0.285714285714286 0.0535714285714286 0 0 0
0.0227272727272727 0.159090909090909 0 0.0454545454545455 0.0909090909090909 0.340909090909091 0.113636363636364 0.0227272727272727 0 0 0.25 0.5 0.159090909090909 0 0 0.0909090909090909
0 0.119047619047619 0 0 0 0.119047619047619 0.166666666666667 0.0476190476190476 0 0 0.238095238095238 0.523809523809524 0.261904761904762 0 0 0
0.0769230769230769 0.0769230769230769 0.115384615384615 0.115384615384615 0.0769230769230769 0.0769230769230769 0.384615384615385 0.423076923076923 0.269230769230769 0.153846153846154 0.0384615384615385 0 0.0384615384615385 0.423076923076923 0.0384615384615385 0
0 0.2 0.266666666666667 0 0.266666666666667 0 0.333333333333333 0.333333333333333 0.2 0.266666666666667 0.533333333333333 0 0 0 0.133333333333333 0
0 0 0 0.133333333333333 0.666666666666667 0 0 0.0666666666666667 0.0666666666666667 0.466666666666667 0.266666666666667 0.133333333333333 0 0 0 0.133333333333333
