0.185185185185185 0.518518518518518 0.037037037037037 1.44444444444444 2.03703703703704 1 1.37037037037037 0.185185185185185 0.111111111111111 0.925925925925926 1.14814814814815 1.48148148148148 1.33333333333333 0.296296296296296 0.37037037037037 0.444444444444444
0.32967032967033 0.813186813186813 0.417582417582417 0.516483516483516 0.912087912087912 2.61538461538461 2.87912087912088 1.31868131868132 0.912087912087912 0.648351648351648 0.835164835164835 1.31868131868132 1.26373626373626 0.186813186813187 0.164835164835165 0.318681318681319
0.321428571428571 0.75 0.964285714285714 1.08928571428571 0.75 1.82142857142857 2.23214285714286 2.28571428571429 2.35714285714286 0.821428571428571 0.589285714285714 0.857142857142857 0.946428571428571 0.25 0.214285714285714 0.375
0.27536231884058 0.768115942028985 0.478260869565217 1.7536231884058 1.40579710144928 1.08695652173913 1.01449275362319 1.71014492753623 2.30434782608696 2.10144927536232 1.81159420289855 0.521739130434782 0.608695652173913 0.36231884057971 0.478260869565217 0.492753623188406
0.446428571428571 1.32142857142857 0.464285714285714 2.21428571428571 2.14285714285714 2.23214285714286 2.55357142857143 1.26785714285714 1.25 2.17857142857143 2.42857142857143 0.803571428571428 0.910714285714286 0.232142857142857 0.303571428571428 0.428571428571428
1.12162162162162 2.78378378378378 0.581081081081081 1.18918918918919 1.41891891891892 3.28378378378378 2.9054054054054 1.25675675675676 0.918918918918919 1.87837837837838 1.44594594594595 1.28378378378378 1.17567567567568 0.148648648648649 0.148648648648649 0.337837837837838
0.473684210526316 1.64912280701754 0.964912280701754 1.17543859649123 0.912280701754386 4.01754385964912 4.7719298245614 1.54385964912281 1.28070175438596 0.947368421052631 0.894736842105263 1.54385964912281 1.59649122807018 0.210526315789474 0.175438596491228 0.491228070175439
0.290909090909091 1.54545454545455 1.03636363636364 1.05454545454545 0.781818181818182 1.65454545454545 1.81818181818182 2.65454545454545 2.36363636363636 0.418181818181818 0.418181818181818 1.12727272727273 1.70909090909091 0.127272727272727 0.109090909090909 0.290909090909091
0.434782608695652 1.52173913043478 1.72463768115942 1.60869565217391 0.782608695652174 1.39130434782609 1.30434782608696 2.31884057971014 2.50724637681159 0.898550724637681 0.797101449275362 0.565217391304348 0.623188405797101 0.797101449275362 0.608695652173913 1.49275362318841
0.394366197183099 1.02816901408451 0.915492957746479 2.42253521126761 1.80281690140845 2.30985915492958 2.29577464788732 2.33802816901408 2.12676056338028 2.43661971830986 2.05633802816901 0.436619718309859 0.422535211267606 0.591549295774648 0.591549295774648 1.50704225352113
0.357142857142857 0.75 0.607142857142857 1.03571428571429 1.21428571428571 2.66071428571429 2.875 1.21428571428571 1.73214285714286 2.125 1.98214285714286 1.16071428571429 1.07142857142857 0.375 0.232142857142857 0.357142857142857
0.0909090909090909 0.568181818181818 0.0909090909090909 0.295454545454545 0.409090909090909 1.63636363636364 1.40909090909091 0.363636363636364 0.909090909090909 1.02272727272727 1.27272727272727 2.13636363636364 1.84090909090909 0.181818181818182 0.272727272727273 0.522727272727273
0.380952380952381 0.952380952380952 0.785714285714286 0.761904761904762 0.571428571428571 1.85714285714286 1.9047619047619 0.69047619047619 0.976190476190476 0.976190476190476 1.4047619047619 2.45238095238095 2.52380952380952 0.238095238095238 0.261904761904762 0.333333333333333
0.269230769230769 0.769230769230769 0.384615384615385 0.5 0.115384615384615 1 1.57692307692308 2.19230769230769 1.19230769230769 0.384615384615385 0.384615384615385 0.346153846153846 0.307692307692308 0.346153846153846 0.115384615384615 0.538461538461538
0.0666666666666667 0.533333333333333 0.8 1.13333333333333 0.866666666666667 0.866666666666667 1.06666666666667 2.73333333333333 2.6 0.8 1.06666666666667 0.133333333333333 0.333333333333333 0.2 0.266666666666667 0.8
0.2 0.533333333333333 0.2 1.13333333333333 1.4 1 0.866666666666667 1.26666666666667 1.26666666666667 2.86666666666667 2.53333333333333 0.6 0.2 0.4 0.4 0.466666666666667
