0.185185185185185 0.62962962962963 0.037037037037037 1.48148148148148 1.62962962962963 1.74074074074074 1.92592592592593 0.296296296296296 0.037037037037037 1.55555555555556 1.11111111111111 1.51851851851852 0.925925925925926 0.296296296296296 0.37037037037037 0.185185185185185
0.164835164835165 0.538461538461538 0.384615384615385 0.67032967032967 0.604395604395604 2.3956043956044 2.59340659340659 1.51648351648352 1.24175824175824 0.538461538461538 0.626373626373626 1.17582417582418 1.46153846153846 0.230769230769231 0.0769230769230769 0.175824175824176
0.267857142857143 0.660714285714286 0.553571428571428 0.732142857142857 0.464285714285714 1 1.5 2.48214285714286 2.33928571428571 0.928571428571428 0.803571428571428 0.821428571428571 0.892857142857143 0.285714285714286 0.392857142857143 0.625
0.188405797101449 0.666666666666667 0.507246376811594 1.71014492753623 1.40579710144928 1.66666666666667 1.2463768115942 2.68115942028985 2.8695652173913 1.73913043478261 1.28985507246377 0.72463768115942 0.478260869565217 0.246376811594203 0.405797101449275 0.681159420289855
0.642857142857143 1.53571428571429 0.357142857142857 2.19642857142857 2.55357142857143 1.76785714285714 1.625 1.10714285714286 1.23214285714286 1.92857142857143 2.14285714285714 0.892857142857143 0.535714285714286 0.267857142857143 0.107142857142857 0.607142857142857
0.783783783783784 1.98648648648649 0.513513513513513 1.01351351351351 1.2972972972973 3.48648648648649 2.74324324324324 1.12162162162162 0.783783783783784 1.48648648648649 1.41891891891892 1.59459459459459 1.18918918918919 0.108108108108108 0.121621621621622 0.27027027027027
0.350877192982456 1.42105263157895 0.87719298245614 1.03508771929825 0.87719298245614 3.42105263157895 3.42105263157895 1.08771929824561 1.15789473684211 0.982456140350877 1.66666666666667 1.35087719298246 1.43859649122807 0.263157894736842 0.157894736842105 0.43859649122807
0.581818181818182 1.54545454545455 0.490909090909091 1.12727272727273 0.690909090909091 1.8 1.63636363636364 2.21818181818182 2.01818181818182 0.490909090909091 0.472727272727273 0.872727272727273 0.709090909090909 0.254545454545455 0.145454545454545 0.254545454545455
0.318840579710145 1.44927536231884 1.79710144927536 1.56521739130435 0.869565217391304 1.21739130434783 1.30434782608696 2.65217391304348 3.17391304347826 1.50724637681159 1.65217391304348 0.565217391304348 0.565217391304348 0.91304347826087 0.739130434782609 1.76811594202899
0.23943661971831 0.873239436619718 0.71830985915493 2.28169014084507 1.70422535211268 1.69014084507042 1.42253521126761 2.52112676056338 2.56338028169014 3.08450704225352 2.83098591549296 0.436619718309859 0.338028169014084 0.704225352112676 0.830985915492958 1.23943661971831
0.232142857142857 0.642857142857143 0.142857142857143 1.125 1.55357142857143 2.35714285714286 2.05357142857143 1.33928571428571 1.5 2.35714285714286 2.42857142857143 1.60714285714286 1.30357142857143 0.428571428571428 0.160714285714286 0.428571428571428
0.204545454545455 0.977272727272727 0.159090909090909 0.727272727272727 0.659090909090909 1.86363636363636 1.88636363636364 0.659090909090909 0.477272727272727 1.11363636363636 1.04545454545455 2.11363636363636 1.54545454545455 0.159090909090909 0.159090909090909 0.25
0.142857142857143 0.761904761904762 0.547619047619048 0.666666666666667 0.428571428571428 1.61904761904762 1.76190476190476 0.880952380952381 0.738095238095238 0.761904761904762 0.619047619047619 1.95238095238095 1.69047619047619 0.309523809523809 0.0714285714285714 0.214285714285714
0.230769230769231 0.653846153846154 0.346153846153846 0.5 0.346153846153846 0.653846153846154 2.19230769230769 1.88461538461538 1.84615384615385 0.384615384615385 0.346153846153846 0.692307692307692 0.846153846153846 0.230769230769231 0.153846153846154 0.615384615384615
0.0666666666666667 0.533333333333333 1.4 1.13333333333333 0.8 1.13333333333333 1.73333333333333 2.46666666666667 2.26666666666667 1 0.866666666666667 0.2 0.533333333333333 0.133333333333333 0.333333333333333 0.466666666666667
0.4 0.866666666666667 0.133333333333333 1.66666666666667 1.2 1.46666666666667 1.06666666666667 0.533333333333333 1.2 2.53333333333333 2.86666666666667 0.4 0.533333333333333 0.2 0.4 0.733333333333333
