0.148148148148148 0.333333333333333 0.148148148148148 1.22222222222222 1.85185185185185 1.51851851851852 1.51851851851852 0.222222222222222 0.222222222222222 1.25925925925926 1.03703703703704 1 0.666666666666667 0.111111111111111 0.333333333333333 0.259259259259259
0.23943661971831 0.647887323943662 0.253521126760563 0.507042253521127 0.830985915492958 2.76056338028169 3.08450704225352 1.08450704225352 0.732394366197183 0.704225352112676 0.591549295774648 0.915492957746479 0.901408450704225 0.23943661971831 0.112676056338028 0.225352112676056
0.25 0.526315789473684 0.947368421052632 0.815789473684211 0.697368421052632 1.65789473684211 1.78947368421053 2.05263157894737 2.46052631578947 0.868421052631579 0.789473684210526 0.684210526315789 0.763157894736842 0.394736842105263 0.184210526315789 0.407894736842105
0.260869565217391 0.623188405797101 0.753623188405797 1.97101449275362 1.44927536231884 1.28985507246377 1.14492753623188 1.92753623188406 2.1304347826087 2.27536231884058 1.7536231884058 0.594202898550725 0.391304347826087 0.318840579710145 0.36231884057971 0.695652173913043
0.678571428571429 1.28571428571429 0.678571428571429 1.83928571428571 2.07142857142857 1.28571428571429 1.42857142857143 1.35714285714286 1.48214285714286 2.16071428571429 2.30357142857143 1.25 0.982142857142857 0.214285714285714 0.160714285714286 0.5
1.04054054054054 2.55405405405405 0.959459459459459 1.16216216216216 1.32432432432432 4.10810810810811 3.66216216216216 1.08108108108108 0.918918918918919 1.62162162162162 1.14864864864865 1.10810810810811 0.932432432432432 0.0405405405405405 0.135135135135135 0.0945945945945946
0.368421052631579 1.28070175438596 1.6140350877193 1.28070175438596 0.771929824561403 4.68421052631579 5.10526315789474 1.78947368421053 1.15789473684211 1.21052631578947 1 1.50877192982456 2.01754385964912 0.543859649122807 0.315789473684211 0.56140350877193
0.290909090909091 1.14545454545455 1.12727272727273 1.07272727272727 0.981818181818182 1.34545454545455 1.27272727272727 2.03636363636364 2.07272727272727 0.690909090909091 0.290909090909091 1.41818181818182 1.4 0.254545454545455 0.145454545454545 0.2
0.376811594202899 0.898550724637681 2.07246376811594 1.56521739130435 0.91304347826087 1.81159420289855 1.49275362318841 2.52173913043478 2.49275362318841 1.30434782608696 1.60869565217391 0.927536231884058 0.927536231884058 0.463768115942029 0.478260869565217 1.44927536231884
0.47887323943662 1.16901408450704 1.08450704225352 2.22535211267606 1.61971830985915 1.59154929577465 1.50704225352113 1.92957746478873 2.23943661971831 3.19718309859155 2.88732394366197 0.985915492957746 0.676056338028169 0.788732394366197 0.535211267605634 1.29577464788732
0.160714285714286 0.25 0.339285714285714 1.21428571428571 1.03571428571429 2.44642857142857 1.89285714285714 1.01785714285714 0.875 1.92857142857143 1.82142857142857 1.16071428571429 1.26785714285714 0.339285714285714 0.339285714285714 0.642857142857143
0.5 0.772727272727273 0.318181818181818 0.727272727272727 0.681818181818182 2.20454545454545 2.02272727272727 0.613636363636364 0.704545454545455 0.909090909090909 1.02272727272727 1.81818181818182 1.40909090909091 0.181818181818182 0.204545454545455 0.613636363636364
0.166666666666667 0.5 0.69047619047619 0.571428571428571 0.333333333333333 1.5 1.61904761904762 1.11904761904762 0.976190476190476 0.714285714285714 1.07142857142857 1.76190476190476 1.66666666666667 0.0952380952380952 0.0714285714285714 0.285714285714286
0.307692307692308 0.923076923076923 0.923076923076923 0.961538461538462 1 1.19230769230769 1.69230769230769 1.84615384615385 1.92307692307692 0.961538461538462 0.730769230769231 0.5 0.269230769230769 0.923076923076923 0.730769230769231 1.19230769230769
0.133333333333333 0.333333333333333 0.733333333333333 1.26666666666667 0.733333333333333 0.866666666666667 1.26666666666667 1.8 1.66666666666667 1.53333333333333 1.73333333333333 0.266666666666667 0.466666666666667 0.2 0.333333333333333 0.333333333333333
0.133333333333333 0.2 0.266666666666667 0.933333333333333 1.6 0.266666666666667 0.4 1.06666666666667 1.06666666666667 2.2 1.33333333333333 0.4 0.333333333333333 0 0.133333333333333 0.0666666666666667
