0.111111111111111 0.666666666666667 0.0740740740740741 1.51851851851852 1.88888888888889 1.77777777777778 1.2962962962963 0.148148148148148 0.296296296296296 1.33333333333333 1.74074074074074 1.11111111111111 1.18518518518519 0.37037037037037 0.0740740740740741 0.407407407407407
0.175824175824176 0.67032967032967 0.208791208791209 0.494505494505495 0.703296703296703 2.73626373626374 3.15384615384615 1.15384615384615 0.747252747252747 0.681318681318681 0.582417582417582 1.05494505494505 1.01098901098901 0.252747252747253 0.142857142857143 0.175824175824176
0.267857142857143 0.946428571428571 0.803571428571429 1.01785714285714 0.5 1.08928571428571 1.875 2.30357142857143 2.66071428571429 1.32142857142857 0.857142857142857 0.857142857142857 1.01785714285714 0.339285714285714 0.392857142857143 0.5
0.246376811594203 0.855072463768116 0.768115942028985 1.57971014492754 1.6231884057971 1.10144927536232 1.18840579710145 2.01449275362319 2.44927536231884 1.57971014492754 1.89855072463768 0.72463768115942 0.840579710144927 0.376811594202899 0.463768115942029 0.565217391304348
0.464285714285714 1.51785714285714 0.482142857142857 2 1.89285714285714 2.16071428571429 1.75 1.26785714285714 1.25 1.66071428571429 2.21428571428571 0.625 0.607142857142857 0.339285714285714 0.125 0.517857142857143
0.837837837837838 2.16216216216216 0.324324324324324 1.06756756756757 1.56756756756757 3.2972972972973 3.24324324324324 1.2972972972973 0.824324324324324 1.68918918918919 1.47297297297297 1.63513513513514 1.14864864864865 0.0945945945945946 0.0675675675675676 0.378378378378378
0.456140350877193 1.68421052631579 1.15789473684211 0.894736842105263 0.578947368421053 3.63157894736842 3.92982456140351 1.6140350877193 1.26315789473684 1.08771929824561 1.15789473684211 1.56140350877193 1.43859649122807 0.508771929824561 0.263157894736842 0.614035087719298
0.472727272727273 1.72727272727273 0.781818181818182 1.61818181818182 1.09090909090909 2.12727272727273 1.58181818181818 2.01818181818182 1.94545454545455 0.690909090909091 0.418181818181818 1.03636363636364 1.10909090909091 0.236363636363636 0.181818181818182 0.472727272727273
0.173913043478261 0.927536231884058 1.33333333333333 1.30434782608696 0.72463768115942 1.23188405797101 1.15942028985507 3.28985507246377 3.53623188405797 2.3768115942029 2.46376811594203 0.608695652173913 0.63768115942029 1.1304347826087 0.942028985507246 2.42028985507246
0.323943661971831 0.929577464788732 1.14084507042254 2.12676056338028 1.69014084507042 1.25352112676056 0.957746478873239 1.32394366197183 1.67605633802817 3.26760563380282 2.49295774647887 0.690140845070423 0.464788732394366 0.690140845070423 0.929577464788732 1.64788732394366
0.178571428571429 0.535714285714286 0.25 1.16071428571429 0.964285714285714 2.53571428571429 2.32142857142857 1.39285714285714 1.33928571428571 2.08928571428571 1.46428571428571 1.42857142857143 1.33928571428571 0.285714285714286 0.303571428571429 0.785714285714286
0.204545454545455 0.772727272727273 0.295454545454545 0.590909090909091 0.681818181818182 1.93181818181818 1.65909090909091 0.477272727272727 0.545454545454545 1.22727272727273 1.5 2.09090909090909 2 0.272727272727273 0.181818181818182 0.931818181818182
0.166666666666667 0.833333333333333 0.476190476190476 0.5 0.285714285714286 1.71428571428571 2.21428571428571 0.952380952380952 0.904761904761905 0.880952380952381 0.738095238095238 2.14285714285714 2 0.142857142857143 0.0476190476190476 0.261904761904762
0.192307692307692 0.961538461538462 0.346153846153846 0.884615384615385 0.846153846153846 0.846153846153846 1.42307692307692 2.15384615384615 1.61538461538462 0.769230769230769 0.615384615384615 0.653846153846154 0.846153846153846 0.730769230769231 0.5 0.807692307692308
0.0666666666666667 0.666666666666667 0.533333333333333 1 1.4 0.6 0.6 1.33333333333333 1.6 2 1.8 0.0666666666666667 0.333333333333333 0.0666666666666667 0.133333333333333 0.266666666666667
0.266666666666667 0.466666666666667 0.2 1.2 1 0.733333333333333 1.2 0.666666666666667 0.533333333333333 2.66666666666667 2.93333333333333 0.333333333333333 0.333333333333333 0.266666666666667 0.2 0.533333333333333
