0.111111111111111 0.333333333333333 0.148148148148148 1.48148148148148 1.62962962962963 2.14814814814815 1.51851851851852 0.296296296296296 0.185185185185185 1.85185185185185 1.14814814814815 1.33333333333333 0.851851851851852 0.259259259259259 0.37037037037037 0.555555555555556
0.183098591549296 0.52112676056338 0.464788732394366 0.830985915492958 1.16901408450704 2.64788732394366 2.80281690140845 1.49295774647887 1.19718309859155 0.563380281690141 0.676056338028169 1.46478873239437 1.30985915492958 0.0845070422535211 0.0845070422535211 0.197183098591549
0.276315789473684 0.934210526315789 1.22368421052632 0.671052631578947 0.302631578947368 1.61842105263158 2.31578947368421 2.01315789473684 1.88157894736842 1.03947368421053 0.842105263157895 0.934210526315789 1.13157894736842 0.447368421052632 0.342105263157895 0.815789473684211
0.231884057971014 0.753623188405797 0.840579710144927 1.60869565217391 1.7536231884058 1.2463768115942 1.30434782608696 2.33333333333333 2.42028985507246 1.71014492753623 1.47826086956522 0.695652173913043 0.623188405797101 0.304347826086957 0.231884057971014 0.492753623188406
0.5 1.55357142857143 0.660714285714286 2.10714285714286 2.71428571428571 1.76785714285714 2.69642857142857 1.23214285714286 1.19642857142857 1.625 1.625 1 0.696428571428571 0.25 0.267857142857143 0.357142857142857
1 2.21621621621622 0.567567567567568 0.959459459459459 1.27027027027027 3.48648648648649 3.17567567567568 1.37837837837838 0.891891891891892 1.10810810810811 1.05405405405405 1.28378378378378 1.02702702702703 0.162162162162162 0.135135135135135 0.22972972972973
0.350877192982456 0.859649122807018 1.3859649122807 1.36842105263158 0.894736842105263 2.92982456140351 3.40350877192982 1.63157894736842 1.12280701754386 1.33333333333333 1.19298245614035 1.35087719298246 1.50877192982456 0.43859649122807 0.280701754385965 0.43859649122807
0.345454545454545 1.32727272727273 1.14545454545455 1.41818181818182 1.05454545454545 1.78181818181818 2.25454545454545 2.38181818181818 2.63636363636364 0.327272727272727 0.218181818181818 1.72727272727273 1.61818181818182 0.454545454545455 0.272727272727273 0.309090909090909
0.420289855072464 1.18840579710145 2.27536231884058 1.81159420289855 1.04347826086957 1.85507246376812 1.42028985507246 2.89855072463768 2.85507246376812 1.40579710144928 1.27536231884058 0.811594202898551 0.811594202898551 0.811594202898551 0.63768115942029 1.31884057971015
0.605633802816901 1.35211267605634 1.32394366197183 2.92957746478873 2.14084507042254 2.11267605633803 1.59154929577465 2.35211267605634 2.38028169014085 3.85915492957746 3.35211267605634 1.15492957746479 0.985915492957746 1.08450704225352 1.12676056338028 2.40845070422535
0.232142857142857 0.375 0.446428571428571 1.08928571428571 1.14285714285714 2.73214285714286 2.625 1.80357142857143 1.80357142857143 2.14285714285714 2.14285714285714 1.57142857142857 1.10714285714286 0.267857142857143 0.214285714285714 0.464285714285714
0.272727272727273 0.795454545454545 0.954545454545455 0.818181818181818 0.977272727272727 2.43181818181818 2.15909090909091 0.727272727272727 0.727272727272727 0.931818181818182 1.06818181818182 1.5 1.02272727272727 0.181818181818182 0.272727272727273 0.431818181818182
0.238095238095238 0.738095238095238 0.619047619047619 0.380952380952381 0.714285714285714 2.0952380952381 2.21428571428571 0.857142857142857 0.547619047619048 0.857142857142857 0.952380952380952 2.16666666666667 2.5 0.380952380952381 0.238095238095238 0.428571428571429
0.346153846153846 0.730769230769231 1.11538461538462 1 0.769230769230769 0.923076923076923 1.61538461538462 2.42307692307692 2.23076923076923 0.692307692307692 0.384615384615385 0.346153846153846 0.5 0.730769230769231 0.307692307692308 0.961538461538462
0.133333333333333 0.6 1.93333333333333 1.73333333333333 1.4 1.2 2.2 2.06666666666667 3 1.46666666666667 1 0.6 0.466666666666667 0.2 0.133333333333333 0.266666666666667
0.333333333333333 1.06666666666667 0.2 0.933333333333333 0.733333333333333 1.93333333333333 1.33333333333333 0.533333333333333 0.933333333333333 3.2 2 0.466666666666667 0.4 0 0.333333333333333 0.333333333333333
