0.185185185185185 0.481481481481481 0.037037037037037 1.07407407407407 1.88888888888889 2.07407407407407 1.55555555555556 0.296296296296296 0.296296296296296 1 0.962962962962963 0.888888888888889 0.814814814814815 0.185185185185185 0.148148148148148 0.148148148148148
0.285714285714286 0.692307692307692 0.252747252747253 0.56043956043956 0.78021978021978 2.41758241758242 2.89010989010989 1.04395604395604 0.89010989010989 0.681318681318681 0.604395604395604 1.31868131868132 1.28571428571429 0.153846153846154 0.10989010989011 0.120879120879121
0.267857142857143 0.678571428571429 0.589285714285714 0.946428571428571 0.696428571428571 1.25 1.42857142857143 2.30357142857143 2.64285714285714 0.803571428571429 0.5 0.642857142857143 0.767857142857143 0.321428571428571 0.285714285714286 0.410714285714286
0.202898550724638 0.782608695652174 0.695652173913043 1.79710144927536 1.85507246376812 1.26086956521739 0.971014492753623 1.95652173913043 2.33333333333333 2.17391304347826 1.56521739130435 0.797101449275362 0.884057971014493 0.391304347826087 0.376811594202899 0.536231884057971
0.553571428571429 1.44642857142857 0.660714285714286 2 2.26785714285714 2.125 1.66071428571429 1.55357142857143 1.26785714285714 1.76785714285714 1.5 0.875 0.910714285714286 0.321428571428571 0.267857142857143 0.553571428571429
0.959459459459459 1.98648648648649 0.364864864864865 1.08108108108108 1.35135135135135 2.89189189189189 2.89189189189189 0.702702702702703 0.594594594594595 1.12162162162162 1.02702702702703 1.37837837837838 1.12162162162162 0.148648648648649 0.108108108108108 0.189189189189189
0.526315789473684 1.64912280701754 1.07017543859649 1.56140350877193 1.05263157894737 4.03508771929825 4.64912280701754 1.75438596491228 1.56140350877193 1.36842105263158 1.14035087719298 1.42105263157895 1.43859649122807 0.350877192982456 0.245614035087719 0.385964912280702
0.254545454545455 1.69090909090909 0.854545454545454 0.636363636363636 0.6 1.52727272727273 1.61818181818182 2.43636363636364 1.90909090909091 0.418181818181818 0.254545454545455 1.32727272727273 1.23636363636364 0.181818181818182 0.127272727272727 0.527272727272727
0.347826086956522 1.11594202898551 1.59420289855072 1.40579710144928 0.739130434782609 1.52173913043478 1.42028985507246 2.78260869565217 3.1304347826087 1.31884057971015 1.60869565217391 0.608695652173913 0.565217391304348 0.840579710144927 0.695652173913043 1.78260869565217
0.140845070422535 0.563380281690141 0.619718309859155 1.97183098591549 1.46478873239437 1.46478873239437 1.16901408450704 2.22535211267606 2.33802816901408 2.77464788732394 2.90140845070423 0.676056338028169 0.563380281690141 0.422535211267606 0.422535211267606 1.09859154929577
0.267857142857143 0.785714285714286 0.178571428571429 1.10714285714286 1.33928571428571 2.33928571428571 2.55357142857143 1.64285714285714 1.44642857142857 2.25 2.39285714285714 1.73214285714286 1.64285714285714 0.357142857142857 0.160714285714286 0.642857142857143
0.409090909090909 0.795454545454545 0.113636363636364 0.863636363636364 1.06818181818182 2.27272727272727 1.81818181818182 0.681818181818182 0.590909090909091 0.954545454545455 1.13636363636364 1.88636363636364 1.27272727272727 0.318181818181818 0.318181818181818 0.613636363636364
0.214285714285714 0.69047619047619 0.428571428571429 0.452380952380952 0.333333333333333 2.0952380952381 1.83333333333333 0.80952380952381 1.07142857142857 0.833333333333333 0.785714285714286 1.97619047619048 1.76190476190476 0.0476190476190476 0.119047619047619 0.19047619047619
0.269230769230769 0.538461538461538 0.692307692307692 0.692307692307692 0.5 1.57692307692308 1.69230769230769 1.96153846153846 1.96153846153846 0.5 0.269230769230769 0.538461538461538 0.807692307692308 0.730769230769231 0.384615384615385 1
0.133333333333333 0.8 1.06666666666667 1.2 1.06666666666667 1.06666666666667 1.8 1.66666666666667 2.2 1.33333333333333 1.13333333333333 0.733333333333333 0.533333333333333 0.266666666666667 0.333333333333333 0.266666666666667
0.133333333333333 0.6 0.266666666666667 1.46666666666667 1.73333333333333 0.6 1.06666666666667 0.466666666666667 0.866666666666667 2.13333333333333 2.33333333333333 0.866666666666667 0.6 0.2 0.333333333333333 0.666666666666667
