0.111111111111111 0.518518518518518 0.296296296296296 1.48148148148148 2.22222222222222 1.55555555555556 1.40740740740741 0.148148148148148 0.37037037037037 2.03703703703704 2.18518518518519 1.25925925925926 1.22222222222222 0.333333333333333 0.259259259259259 0.444444444444444
0.23943661971831 0.647887323943662 0.47887323943662 1.04225352112676 1.11267605633803 2.38028169014085 2.74647887323944 1.56338028169014 0.873239436619718 0.450704225352113 0.492957746478873 1.3943661971831 1.64788732394366 0.140845070422535 0.112676056338028 0.154929577464789
0.263157894736842 0.565789473684211 1.18421052631579 0.723684210526316 0.605263157894737 1.60526315789474 2.14473684210526 2.69736842105263 2.40789473684211 0.934210526315789 0.684210526315789 0.828947368421053 0.960526315789474 0.355263157894737 0.302631578947368 0.618421052631579
0.289855072463768 0.63768115942029 0.985507246376812 1.82608695652174 1.79710144927536 1.36231884057971 1.01449275362319 2.43478260869565 2.34782608695652 1.59420289855072 1.20289855072464 0.666666666666667 0.521739130434783 0.347826086956522 0.347826086956522 0.594202898550725
0.482142857142857 0.982142857142857 0.982142857142857 1.60714285714286 1.92857142857143 2.16071428571429 1.625 1.10714285714286 1.26785714285714 1.66071428571429 2 0.803571428571429 0.892857142857143 0.267857142857143 0.160714285714286 0.410714285714286
0.581081081081081 1.62162162162162 0.486486486486487 0.959459459459459 1.45945945945946 2.60810810810811 2.59459459459459 1.08108108108108 0.797297297297297 1.22972972972973 1.48648648648649 1.58108108108108 1.24324324324324 0.0675675675675676 0.135135135135135 0.297297297297297
0.350877192982456 1.21052631578947 1.35087719298246 1.33333333333333 0.859649122807018 2.47368421052632 2.98245614035088 1.19298245614035 1.28070175438596 1.03508771929825 1.19298245614035 1.47368421052632 1.33333333333333 0.228070175438596 0.140350877192982 0.350877192982456
0.381818181818182 1.09090909090909 1.2 1.30909090909091 1.29090909090909 1.98181818181818 2.2 1.96363636363636 1.89090909090909 0.418181818181818 0.4 1.10909090909091 0.890909090909091 0.127272727272727 0.272727272727273 0.545454545454545
0.420289855072464 1.15942028985507 2.55072463768116 1.63768115942029 1.1304347826087 1.79710144927536 1.71014492753623 3.47826086956522 3.23188405797101 2.15942028985507 2.10144927536232 0.72463768115942 0.739130434782609 0.869565217391304 1 1.94202898550725
0.464788732394366 0.802816901408451 1.45070422535211 2.32394366197183 1.54929577464789 2.45070422535211 1.88732394366197 2.04225352112676 2.07042253521127 3.05633802816901 2.77464788732394 0.633802816901408 0.690140845070423 0.830985915492958 0.830985915492958 1.83098591549296
0.107142857142857 0.160714285714286 0.589285714285714 0.785714285714286 0.946428571428571 3.16071428571429 3.375 1.53571428571429 1.71428571428571 2.33928571428571 2.57142857142857 1.94642857142857 1.71428571428571 0.232142857142857 0.0892857142857143 0.375
0.363636363636364 0.863636363636364 0.681818181818182 0.977272727272727 0.75 1.93181818181818 1.59090909090909 0.522727272727273 0.681818181818182 1.22727272727273 1.93181818181818 1.56818181818182 1.31818181818182 0.181818181818182 0.159090909090909 0.340909090909091
0.214285714285714 0.666666666666667 0.833333333333333 0.857142857142857 0.380952380952381 1.80952380952381 2.07142857142857 0.666666666666667 0.785714285714286 1 1.02380952380952 2.61904761904762 2.30952380952381 0.0952380952380952 0.214285714285714 0.238095238095238
0 0.615384615384615 0.615384615384615 0.5 0.461538461538462 1.23076923076923 1.69230769230769 1.42307692307692 1.53846153846154 0.538461538461538 0.307692307692308 0.576923076923077 1.07692307692308 0.730769230769231 0.5 0.615384615384615
0 0 0.6 0.666666666666667 0.4 0.533333333333333 0.266666666666667 2.53333333333333 1.6 1.33333333333333 1.86666666666667 0 0.0666666666666667 0.266666666666667 0.2 0.466666666666667
0.4 0.666666666666667 0.733333333333333 1.66666666666667 1.06666666666667 1.6 1.4 1 0.733333333333333 2.06666666666667 2.06666666666667 0.933333333333333 0.466666666666667 0.133333333333333 0.133333333333333 0.333333333333333
