0 0.037037037037037 0 0.0740740740740741 0.666666666666667 0.814814814814815 0.185185185185185 0 0 0.259259259259259 0.407407407407407 0.222222222222222 0.148148148148148 0 0.0740740740740741 0
0 0.021978021978022 0.010989010989011 0 0.175824175824176 0.527472527472527 0.824175824175824 0.208791208791209 0.021978021978022 0.0879120879120879 0.0659340659340659 0.153846153846154 0.0989010989010989 0.010989010989011 0 0
0 0 0 0.0178571428571429 0.0178571428571429 0.0892857142857143 0.232142857142857 0.589285714285714 0.607142857142857 0.357142857142857 0.0714285714285714 0 0.0892857142857143 0.160714285714286 0.0357142857142857 0
0.0144927536231884 0.0289855072463768 0.0289855072463768 0.231884057971014 0.072463768115942 0.072463768115942 0.115942028985507 0.260869565217391 0.72463768115942 0.405797101449275 0.333333333333333 0.0289855072463768 0 0 0.0579710144927536 0.0144927536231884
0.107142857142857 0.178571428571429 0.0892857142857143 1.23214285714286 1.26785714285714 0.678571428571429 0.196428571428571 0 0.232142857142857 0.0892857142857143 0.214285714285714 0.107142857142857 0.107142857142857 0 0 0
0.202702702702703 0.391891891891892 0.0135135135135135 0.175675675675676 0.554054054054054 0.702702702702703 0.337837837837838 0.0810810810810811 0.0945945945945946 0.135135135135135 0.0405405405405405 0.0945945945945946 0.027027027027027 0 0 0
0.12280701754386 0.631578947368421 0.175438596491228 0.175438596491228 0.263157894736842 1.49122807017544 1.47368421052632 0.12280701754386 0 0.105263157894737 0.0701754385964912 0.175438596491228 0.192982456140351 0.0175438596491228 0 0
0.0545454545454545 0.418181818181818 0.218181818181818 0.181818181818182 0.254545454545455 0.163636363636364 0.327272727272727 0.418181818181818 0.436363636363636 0.109090909090909 0.0363636363636364 0.109090909090909 0.218181818181818 0.0181818181818182 0.0181818181818182 0
0 0.0869565217391304 0.420289855072464 0.289855072463768 0.144927536231884 0.101449275362319 0.144927536231884 0.217391304347826 0.478260869565217 0.304347826086957 0.173913043478261 0.0579710144927536 0.130434782608696 0.217391304347826 0.115942028985507 0.405797101449275
0 0 0.0563380281690141 0.535211267605634 0.183098591549296 0.267605633802817 0.253521126760563 0.112676056338028 0.366197183098592 0.633802816901408 0.253521126760563 0.0704225352112676 0.0140845070422535 0.028169014084507 0.0845070422535211 0.0845070422535211
0 0.107142857142857 0 0.125 0.303571428571429 0.178571428571429 0 0.0714285714285714 0.0892857142857143 0.142857142857143 0.464285714285714 0.285714285714286 0.107142857142857 0 0 0
0 0.0681818181818182 0 0 0.0454545454545455 0.272727272727273 0.159090909090909 0.0454545454545455 0 0.113636363636364 0.25 0.431818181818182 0.204545454545455 0 0 0.136363636363636
0 0.142857142857143 0 0 0 0.166666666666667 0.166666666666667 0.142857142857143 0.142857142857143 0 0.142857142857143 0.404761904761905 0.214285714285714 0.0476190476190476 0 0
0.153846153846154 0.0769230769230769 0.115384615384615 0.115384615384615 0 0.0769230769230769 0.653846153846154 0.230769230769231 0.230769230769231 0.0384615384615385 0 0.0769230769230769 0.192307692307692 0.153846153846154 0 0
0 0.0666666666666667 0.133333333333333 0 0.4 0 0.266666666666667 0.2 0.2 0.333333333333333 0.133333333333333 0 0 0 0.0666666666666667 0
0 0 0 0.133333333333333 0.4 0 0 0.133333333333333 0.133333333333333 0.133333333333333 0.533333333333333 0.2 0 0 0 0.0666666666666667
