0.259259259259259 0.481481481481481 0.111111111111111 1.22222222222222 1.2962962962963 2.37037037037037 2 0.333333333333333 0.259259259259259 1.33333333333333 1.74074074074074 1.03703703703704 0.555555555555556 0.222222222222222 0.259259259259259 0.481481481481481
0.164835164835165 0.505494505494505 0.351648351648352 0.505494505494505 0.494505494505495 2.35164835164835 2.79120879120879 1.21978021978022 1.03296703296703 0.989010989010989 1.17582417582418 1.01098901098901 1.06593406593407 0.208791208791209 0.21978021978022 0.32967032967033
0.107142857142857 0.607142857142857 0.714285714285714 0.767857142857143 0.553571428571429 1.30357142857143 1.46428571428571 2.53571428571429 2.55357142857143 1.14285714285714 0.642857142857143 0.821428571428571 0.5 0.482142857142857 0.303571428571429 0.607142857142857
0.173913043478261 0.782608695652174 0.608695652173913 1.55072463768116 1.40579710144928 1.01449275362319 0.91304347826087 2 2.15942028985507 2.31884057971015 2 0.797101449275362 0.608695652173913 0.579710144927536 0.492753623188406 0.72463768115942
0.625 1.53571428571429 0.607142857142857 2.44642857142857 2.96428571428571 2.42857142857143 2.75 2 1.69642857142857 2.21428571428571 2.10714285714286 0.714285714285714 0.625 0.375 0.160714285714286 0.392857142857143
0.675675675675676 2 0.527027027027027 1.10810810810811 1.40540540540541 2.81081081081081 2.67567567567568 1.02702702702703 0.797297297297297 1.04054054054054 1.28378378378378 1.33783783783784 1.2027027027027 0.243243243243243 0.121621621621622 0.189189189189189
0.315789473684211 1.40350877192982 1.07017543859649 1.07017543859649 0.982456140350877 4.35087719298246 4.24561403508772 1.47368421052632 1.2280701754386 0.87719298245614 0.894736842105263 1.59649122807018 1.73684210526316 0.43859649122807 0.368421052631579 0.754385964912281
0.309090909090909 1.54545454545455 0.727272727272727 1.49090909090909 1.29090909090909 1.69090909090909 1.83636363636364 2.49090909090909 2.10909090909091 0.490909090909091 0.418181818181818 1.01818181818182 1.09090909090909 0.145454545454545 0.0727272727272727 0.581818181818182
0.521739130434783 2.07246376811594 2.26086956521739 1.66666666666667 1.1304347826087 1.81159420289855 1.89855072463768 3.18840579710145 2.71014492753623 1.20289855072464 1.04347826086957 0.985507246376812 1.20289855072464 0.681159420289855 0.666666666666667 1.26086956521739
0.23943661971831 0.788732394366197 0.887323943661972 1.67605633802817 1.49295774647887 1.54929577464789 1.52112676056338 2.23943661971831 2.25352112676056 2.77464788732394 2.69014084507042 0.774647887323944 0.591549295774648 0.492957746478873 0.788732394366197 1.19718309859155
0.178571428571429 0.660714285714286 0.178571428571429 1.26785714285714 1.5 1.89285714285714 2.25 0.839285714285714 0.910714285714286 2.30357142857143 2.125 2.23214285714286 1.5 0.285714285714286 0.25 0.357142857142857
0.386363636363636 0.727272727272727 0.431818181818182 0.840909090909091 0.795454545454545 1.75 2.09090909090909 0.545454545454545 0.704545454545455 1.04545454545455 0.954545454545455 1.88636363636364 1.40909090909091 0.113636363636364 0.136363636363636 0.363636363636364
0.214285714285714 0.738095238095238 0.452380952380952 0.523809523809524 0.333333333333333 1.47619047619048 1.71428571428571 1.33333333333333 1.16666666666667 0.80952380952381 0.595238095238095 2.16666666666667 1.95238095238095 0.214285714285714 0.0714285714285714 0.166666666666667
0.0769230769230769 0.692307692307692 0.769230769230769 0.923076923076923 0.884615384615385 0.961538461538462 1.03846153846154 2.23076923076923 2.57692307692308 0.692307692307692 0.846153846153846 0.576923076923077 0.5 0.730769230769231 0.346153846153846 0.384615384615385
0.0666666666666667 0.6 1.46666666666667 1.46666666666667 0.866666666666667 1.2 1.13333333333333 2.13333333333333 2.73333333333333 1.26666666666667 0.933333333333333 0.2 0.4 0.0666666666666667 0.0666666666666667 0.333333333333333
0.2 0.2 0 1 0.8 0.666666666666667 1 1 1.53333333333333 3 3.8 0.2 0.266666666666667 0.466666666666667 0.266666666666667 1.06666666666667
