0.148148148148148 0.518518518518518 0.148148148148148 1 2.03703703703704 2.03703703703704 1.7037037037037 0.148148148148148 0.296296296296296 1.44444444444444 1.33333333333333 1.14814814814815 0.888888888888889 0.296296296296296 0.222222222222222 0.703703703703704
0.230769230769231 0.802197802197802 0.428571428571428 0.813186813186813 0.692307692307692 2.79120879120879 2.98901098901099 1.43956043956044 1.08791208791209 0.692307692307692 0.637362637362637 1.35164835164835 1.41758241758242 0.21978021978022 0.197802197802198 0.32967032967033
0.232142857142857 0.5 0.375 0.589285714285714 0.375 0.964285714285714 1.60714285714286 1.82142857142857 2.48214285714286 0.892857142857143 0.642857142857143 0.714285714285714 1.125 0.321428571428571 0.303571428571428 0.285714285714286
0.130434782608696 0.942028985507246 0.753623188405797 1.66666666666667 1.57971014492754 1.60869565217391 1.52173913043478 2.84057971014493 2.97101449275362 1.42028985507246 1.23188405797101 0.72463768115942 0.536231884057971 0.304347826086956 0.246376811594203 0.710144927536232
0.428571428571428 1.10714285714286 0.589285714285714 2.73214285714286 2.71428571428571 1.85714285714286 1.92857142857143 1.5 1.69642857142857 2.07142857142857 2.19642857142857 0.767857142857143 0.857142857142857 0.303571428571428 0.107142857142857 0.357142857142857
0.567567567567567 1.91891891891892 0.310810810810811 1.25675675675676 1.41891891891892 3.28378378378378 3.18918918918919 0.72972972972973 0.72972972972973 1 1.2027027027027 1.31081081081081 0.905405405405405 0.189189189189189 0.108108108108108 0.378378378378378
0.491228070175439 1.80701754385965 1.03508771929825 1.42105263157895 0.912280701754386 4.82456140350877 4.50877192982456 1.3859649122807 1.28070175438596 0.701754385964912 0.771929824561403 2.05263157894737 2.07017543859649 0.31578947368421 0.192982456140351 0.280701754385965
0.418181818181818 1.41818181818182 0.818181818181818 1.43636363636364 1.14545454545455 1.92727272727273 2.14545454545455 2.65454545454545 2.34545454545454 0.436363636363636 0.490909090909091 1.65454545454545 1.8 0.254545454545455 0.0727272727272727 0.363636363636364
0.36231884057971 1.57971014492754 1.76811594202899 1.21739130434783 0.811594202898551 1.76811594202899 1.39130434782609 2.27536231884058 2.95652173913043 1.14492753623188 1.07246376811594 0.840579710144927 0.652173913043478 0.710144927536232 0.594202898550725 1.60869565217391
0.23943661971831 0.859154929577465 0.661971830985915 2 1.88732394366197 1.69014084507042 1.50704225352113 2.11267605633803 2.02816901408451 2.73239436619718 2.6056338028169 0.647887323943662 0.676056338028169 0.52112676056338 0.549295774647887 1.11267605633803
0.232142857142857 0.464285714285714 0.285714285714286 1.44642857142857 1.51785714285714 2.89285714285714 2.75 1.85714285714286 1.80357142857143 2.32142857142857 2.58928571428571 1.75 1.46428571428571 0.339285714285714 0.214285714285714 0.625
0.340909090909091 0.886363636363636 0.340909090909091 1.02272727272727 0.886363636363636 1.90909090909091 1.70454545454545 0.522727272727273 0.590909090909091 1.11363636363636 1.59090909090909 1.68181818181818 1.31818181818182 0.227272727272727 0.0909090909090909 0.704545454545454
0.0476190476190476 0.714285714285714 0.666666666666667 0.547619047619048 0.380952380952381 1.54761904761905 1.52380952380952 1.21428571428571 1.23809523809524 1.0952380952381 0.857142857142857 1.95238095238095 1.4047619047619 0.166666666666667 0.0952380952380952 0.19047619047619
0.269230769230769 1.23076923076923 0.692307692307692 1.42307692307692 1.03846153846154 1.46153846153846 1.53846153846154 1.96153846153846 1.92307692307692 0.807692307692308 0.730769230769231 0.346153846153846 0.423076923076923 0.769230769230769 0.423076923076923 0.692307692307692
0 0.0666666666666667 0.666666666666667 1.33333333333333 0.866666666666667 0.333333333333333 0.6 1.33333333333333 1.93333333333333 2.2 1.93333333333333 0 0.0666666666666667 0.0666666666666667 0.0666666666666667 0.4
0.2 0.466666666666667 0.333333333333333 0.466666666666667 1.13333333333333 0.733333333333333 1 0.6 0.733333333333333 2.4 2.13333333333333 0.6 0.733333333333333 0.0666666666666667 0.266666666666667 0.466666666666667
