0 0.0740740740740741 0 0.037037037037037 0.703703703703704 0.925925925925926 0.222222222222222 0 0 0.111111111111111 0.037037037037037 0.148148148148148 0.0740740740740741 0 0.037037037037037 0
0 0.0989010989010989 0 0.010989010989011 0.175824175824176 0.494505494505495 0.857142857142857 0.241758241758242 0.032967032967033 0.043956043956044 0.120879120879121 0.120879120879121 0.186813186813187 0.021978021978022 0.021978021978022 0
0 0 0 0.0178571428571429 0.0714285714285714 0.0357142857142857 0.428571428571429 0.553571428571429 0.428571428571429 0.303571428571429 0.0178571428571429 0 0.196428571428571 0.160714285714286 0.0178571428571429 0
0.0579710144927536 0.0144927536231884 0.0144927536231884 0.130434782608696 0.144927536231884 0.130434782608696 0.0579710144927536 0.27536231884058 0.536231884057971 0.36231884057971 0.405797101449275 0.0289855072463768 0 0 0.0579710144927536 0
0.160714285714286 0.142857142857143 0 0.410714285714286 0.857142857142857 0.714285714285714 0.589285714285714 0.0714285714285714 0.232142857142857 0.232142857142857 0.267857142857143 0.0714285714285714 0.0714285714285714 0 0 0
0.148648648648649 0.243243243243243 0.027027027027027 0.175675675675676 0.567567567567568 0.810810810810811 0.324324324324324 0.0675675675675676 0.0675675675675676 0.0810810810810811 0.0540540540540541 0.243243243243243 0.108108108108108 0 0 0
0.087719298245614 0.508771929824561 0.192982456140351 0.157894736842105 0.298245614035088 1.14035087719298 1.24561403508772 0.140350877192982 0 0.0701754385964912 0.105263157894737 0.0350877192982456 0.12280701754386 0.140350877192982 0 0
0.0727272727272727 0.272727272727273 0.145454545454545 0.0727272727272727 0.2 0.418181818181818 0.418181818181818 0.4 0.236363636363636 0.0181818181818182 0.0363636363636364 0.0909090909090909 0.218181818181818 0.0727272727272727 0.0545454545454545 0
0 0.159420289855072 0.376811594202899 0.347826086956522 0.0434782608695652 0.217391304347826 0.318840579710145 0.246376811594203 0.550724637681159 0.376811594202899 0.347826086956522 0.0434782608695652 0.144927536231884 0.391304347826087 0.173913043478261 0.652173913043478
0.028169014084507 0.0140845070422535 0.140845070422535 0.450704225352113 0.295774647887324 0.183098591549296 0.0563380281690141 0.352112676056338 0.338028169014085 0.633802816901408 0.323943661971831 0 0.0422535211267606 0.0704225352112676 0.183098591549296 0.140845070422535
0.0714285714285714 0.0535714285714286 0 0.178571428571429 0.303571428571429 0.339285714285714 0.0178571428571429 0.125 0.0357142857142857 0.303571428571429 0.357142857142857 0.446428571428571 0.0178571428571429 0 0 0
0.0227272727272727 0.0454545454545455 0 0.0454545454545455 0.181818181818182 0.227272727272727 0.0681818181818182 0.0454545454545455 0.0227272727272727 0.0454545454545455 0.386363636363636 0.431818181818182 0.136363636363636 0 0 0.181818181818182
0 0.0952380952380952 0 0 0 0.214285714285714 0.261904761904762 0.0476190476190476 0.0476190476190476 0 0.0714285714285714 0.666666666666667 0.357142857142857 0.0238095238095238 0 0
0 0.0384615384615385 0.0384615384615385 0.192307692307692 0 0 0.346153846153846 0.5 0.307692307692308 0.192307692307692 0.0384615384615385 0.0384615384615385 0.0384615384615385 0.192307692307692 0 0
0 0.0666666666666667 0.0666666666666667 0.2 0.133333333333333 0 0.0666666666666667 0.266666666666667 0.6 0.466666666666667 0.333333333333333 0 0 0.2 0.0666666666666667 0
0 0 0 0.133333333333333 0.2 0 0 0.2 0.466666666666667 0.533333333333333 0.133333333333333 0.0666666666666667 0 0 0 0.0666666666666667
