0.185185185185185 0.481481481481481 0.037037037037037 0.703703703703704 1.66666666666667 2.44444444444444 1.44444444444444 0.259259259259259 0.148148148148148 1.07407407407407 1.07407407407407 1.11111111111111 0.814814814814815 0.222222222222222 0.296296296296296 0.37037037037037
0.267605633802817 0.492957746478873 0.436619718309859 0.619718309859155 0.71830985915493 3.11267605633803 3.19718309859155 1.2112676056338 0.619718309859155 0.676056338028169 0.788732394366197 1.09859154929577 1.47887323943662 0.0845070422535211 0.112676056338028 0.295774647887324
0.118421052631579 0.552631578947368 1.17105263157895 0.552631578947368 0.210526315789474 1.44736842105263 1.67105263157895 2.69736842105263 2.23684210526316 0.815789473684211 0.934210526315789 0.776315789473684 0.907894736842105 0.578947368421053 0.473684210526316 0.565789473684211
0.260869565217391 0.565217391304348 0.855072463768116 1.52173913043478 1.60869565217391 1.57971014492754 1.33333333333333 1.97101449275362 2.39130434782609 1.59420289855072 1.33333333333333 0.594202898550725 0.507246376811594 0.173913043478261 0.318840579710145 0.579710144927536
0.642857142857143 1.10714285714286 0.660714285714286 2.30357142857143 2.64285714285714 1.28571428571429 1.625 1.23214285714286 1.10714285714286 1.92857142857143 1.875 1.05357142857143 0.696428571428571 0.178571428571429 0.410714285714286 0.375
1.2972972972973 2.67567567567568 0.432432432432432 1.14864864864865 1.55405405405405 3.77027027027027 2.93243243243243 1.06756756756757 0.864864864864865 1.62162162162162 1.66216216216216 1.64864864864865 1.12162162162162 0.148648648648649 0.0945945945945946 0.189189189189189
0.43859649122807 1.26315789473684 1.19298245614035 0.87719298245614 0.614035087719298 3.92982456140351 3.40350877192982 1.87719298245614 1.64912280701754 1 0.824561403508772 1.43859649122807 1.28070175438596 0.543859649122807 0.350877192982456 0.614035087719298
0.418181818181818 1.14545454545455 1.34545454545455 1.69090909090909 1.12727272727273 2.14545454545455 2.14545454545455 2.52727272727273 2.09090909090909 0.581818181818182 0.418181818181818 1.07272727272727 1.09090909090909 0.218181818181818 0.163636363636364 0.363636363636364
0.347826086956522 1 2.65217391304348 2.05797101449275 1.1304347826087 1.2463768115942 1.92753623188406 2.82608695652174 2.94202898550725 2.07246376811594 1.69565217391304 1.04347826086957 0.855072463768116 0.782608695652174 0.91304347826087 1.76811594202899
0.450704225352113 0.774647887323944 0.929577464788732 2.38028169014085 1.98591549295775 2.05633802816901 2 2.11267605633803 2.61971830985915 3.85915492957746 3.2112676056338 0.661971830985915 0.76056338028169 0.549295774647887 0.605633802816901 1.23943661971831
0.160714285714286 0.357142857142857 0.303571428571429 1.16071428571429 1.60714285714286 1.82142857142857 2.10714285714286 1.32142857142857 0.875 2.33928571428571 1.80357142857143 1.14285714285714 1 0.321428571428571 0.285714285714286 0.571428571428571
0.204545454545455 0.727272727272727 0.136363636363636 0.522727272727273 0.590909090909091 1.70454545454545 1.61363636363636 0.75 0.431818181818182 1.36363636363636 1.15909090909091 1.86363636363636 1.36363636363636 0.0681818181818182 0.159090909090909 0.25
0.0952380952380952 0.142857142857143 0.928571428571429 0.619047619047619 0.523809523809524 1.71428571428571 1.9047619047619 0.857142857142857 1.04761904761905 0.880952380952381 1.0952380952381 1.97619047619048 1.45238095238095 0.0714285714285714 0.0476190476190476 0.142857142857143
0.307692307692308 0.5 0.769230769230769 0.538461538461538 0.346153846153846 0.846153846153846 1.57692307692308 1.76923076923077 1.69230769230769 0.807692307692308 0.653846153846154 0.307692307692308 0.5 0.730769230769231 0.307692307692308 0.923076923076923
0.266666666666667 0.733333333333333 1.4 1.8 1.86666666666667 0.8 2.13333333333333 1.66666666666667 1.93333333333333 0.8 1.33333333333333 0.4 0.666666666666667 0.266666666666667 0.666666666666667 0.8
0.133333333333333 0.266666666666667 0 1 1.4 0.333333333333333 0.8 0.533333333333333 0.666666666666667 3.2 2.13333333333333 0.2 0.133333333333333 0 0.333333333333333 0.6
