0 0.037037037037037 0 0.037037037037037 0.962962962962963 0.666666666666667 0.148148148148148 0 0 0.259259259259259 0.259259259259259 0.296296296296296 0.148148148148148 0 0.037037037037037 0
0 0.043956043956044 0.021978021978022 0.010989010989011 0.164835164835165 0.318681318681319 0.879120879120879 0.318681318681319 0.043956043956044 0.021978021978022 0.032967032967033 0.131868131868132 0.142857142857143 0 0 0
0 0 0 0 0.0892857142857143 0.0535714285714286 0.392857142857143 0.375 0.553571428571429 0.410714285714286 0.125 0 0.178571428571429 0.0535714285714286 0.0357142857142857 0
0.0289855072463768 0.0289855072463768 0.0289855072463768 0.246376811594203 0.0579710144927536 0.0579710144927536 0.159420289855072 0.260869565217391 0.521739130434783 0.521739130434783 0.188405797101449 0.101449275362319 0 0 0 0.0289855072463768
0.125 0.214285714285714 0.0178571428571429 0.660714285714286 0.767857142857143 0.75 0.928571428571429 0.178571428571429 0.125 0.125 0.160714285714286 0.0535714285714286 0.0357142857142857 0.0178571428571429 0 0
0.148648648648649 0.405405405405405 0.0540540540540541 0.310810810810811 0.351351351351351 0.824324324324324 0.337837837837838 0.0540540540540541 0.0405405405405405 0.108108108108108 0.108108108108108 0.283783783783784 0.189189189189189 0 0 0
0.105263157894737 0.526315789473684 0.210526315789474 0.087719298245614 0.0175438596491228 1.89473684210526 1.75438596491228 0.210526315789474 0 0.0701754385964912 0.0526315789473684 0.0175438596491228 0.105263157894737 0.175438596491228 0 0
0.0363636363636364 0.454545454545455 0.109090909090909 0.236363636363636 0.290909090909091 0.309090909090909 0.618181818181818 0.472727272727273 0.272727272727273 0.0363636363636364 0.0909090909090909 0.127272727272727 0.218181818181818 0.0181818181818182 0.0363636363636364 0
0 0.0579710144927536 0.420289855072464 0.333333333333333 0.115942028985507 0.115942028985507 0.202898550724638 0.202898550724638 0.521739130434783 0.318840579710145 0.376811594202899 0.0144927536231884 0.101449275362319 0.36231884057971 0.27536231884058 0.550724637681159
0.0422535211267606 0 0.169014084507042 0.380281690140845 0.23943661971831 0.225352112676056 0.140845070422535 0.183098591549296 0.422535211267606 0.676056338028169 0.183098591549296 0.0985915492957746 0.028169014084507 0.0422535211267606 0.0845070422535211 0.0704225352112676
0.0357142857142857 0.0178571428571429 0 0.196428571428571 0.178571428571429 0.357142857142857 0 0.0535714285714286 0.0357142857142857 0.25 0.25 0.517857142857143 0.0178571428571429 0 0 0
0.0227272727272727 0.0909090909090909 0 0 0.272727272727273 0.159090909090909 0.204545454545455 0.136363636363636 0 0.181818181818182 0.25 0.568181818181818 0.113636363636364 0 0 0.181818181818182
0 0.142857142857143 0 0 0 0.119047619047619 0.142857142857143 0.0952380952380952 0.0476190476190476 0 0.142857142857143 0.404761904761905 0.30952380952381 0.0238095238095238 0 0
0 0.153846153846154 0.0769230769230769 0.115384615384615 0.192307692307692 0.115384615384615 0.423076923076923 0.576923076923077 0.192307692307692 0.346153846153846 0.115384615384615 0 0.0384615384615385 0.346153846153846 0 0
0 0 0.266666666666667 0.0666666666666667 0.0666666666666667 0 0.333333333333333 0.4 0.333333333333333 0.333333333333333 0.133333333333333 0 0 0.0666666666666667 0 0
0 0.0666666666666667 0 0.466666666666667 0.266666666666667 0.0666666666666667 0.0666666666666667 0.266666666666667 0.4 0.466666666666667 0.533333333333333 0 0 0 0 0
