0.111111111111111 0.666666666666667 0 1.14814814814815 1.81481481481481 1.85185185185185 1.66666666666667 0.444444444444444 0.185185185185185 1.18518518518519 1.14814814814815 0.851851851851852 0.592592592592593 0.222222222222222 0.296296296296296 0.481481481481481
0.241758241758242 0.714285714285714 0.296703296703297 0.373626373626374 0.527472527472527 2.43956043956044 3.02197802197802 0.879120879120879 0.89010989010989 0.659340659340659 0.527472527472527 1.08791208791209 1.32967032967033 0.153846153846154 0.0989010989010989 0.450549450549451
0.232142857142857 0.767857142857143 0.553571428571429 0.660714285714286 0.196428571428571 1.35714285714286 1.85714285714286 2.53571428571429 2.30357142857143 1.21428571428571 0.857142857142857 0.928571428571429 0.928571428571429 0.428571428571429 0.160714285714286 0.464285714285714
0.318840579710145 0.985507246376812 0.594202898550725 2.15942028985507 1.81159420289855 1.36231884057971 1.11594202898551 2.10144927536232 2.31884057971015 1.7536231884058 1.3768115942029 0.811594202898551 0.623188405797101 0.289855072463768 0.318840579710145 0.623188405797101
0.464285714285714 1.44642857142857 0.410714285714286 1.46428571428571 1.82142857142857 1.48214285714286 1.01785714285714 1.19642857142857 0.875 2.21428571428571 2.14285714285714 0.964285714285714 0.767857142857143 0.410714285714286 0.232142857142857 0.5
0.932432432432432 2.31081081081081 0.324324324324324 1.28378378378378 1.37837837837838 4 3.40540540540541 1.04054054054054 0.851351351351351 1.32432432432432 1.28378378378378 1.24324324324324 1.16216216216216 0.148648648648649 0.121621621621622 0.135135135135135
0.43859649122807 1.73684210526316 1.2280701754386 1.40350877192982 0.824561403508772 4.19298245614035 3.64912280701754 1.66666666666667 1.01754385964912 1.07017543859649 1 1.33333333333333 1.45614035087719 0.526315789473684 0.315789473684211 0.719298245614035
0.290909090909091 1.65454545454545 0.854545454545454 1.30909090909091 1.09090909090909 2.03636363636364 2.23636363636364 2.03636363636364 1.85454545454545 0.709090909090909 0.636363636363636 1.38181818181818 1.09090909090909 0.181818181818182 0.109090909090909 0.363636363636364
0.420289855072464 1.42028985507246 1.46376811594203 1.8695652173913 1.20289855072464 1.27536231884058 1.46376811594203 2.88405797101449 2.79710144927536 1.69565217391304 1.69565217391304 0.985507246376812 0.898550724637681 0.927536231884058 0.753623188405797 1.44927536231884
0.436619718309859 1.63380281690141 1.22535211267606 2.57746478873239 1.83098591549296 2.05633802816901 1.88732394366197 2.15492957746479 2.36619718309859 3.61971830985915 3.32394366197183 0.732394366197183 0.52112676056338 1.09859154929577 0.887323943661972 1.83098591549296
0.178571428571429 0.428571428571429 0.232142857142857 1.26785714285714 1.08928571428571 3.64285714285714 3 1.92857142857143 1.96428571428571 2.21428571428571 2.60714285714286 2.01785714285714 2 0.25 0.267857142857143 0.5
0.227272727272727 0.704545454545455 0.340909090909091 0.795454545454545 0.545454545454545 2.15909090909091 2.02272727272727 0.727272727272727 0.772727272727273 1.56818181818182 1.81818181818182 1.61363636363636 1 0.159090909090909 0.272727272727273 0.5
0.166666666666667 0.785714285714286 0.547619047619048 0.5 0.238095238095238 1.66666666666667 1.14285714285714 1.19047619047619 1.07142857142857 0.761904761904762 0.714285714285714 1.42857142857143 1.23809523809524 0.142857142857143 0.0238095238095238 0.0476190476190476
0.346153846153846 1.07692307692308 0.576923076923077 0.769230769230769 0.923076923076923 1.5 1.96153846153846 3.15384615384615 2.61538461538462 0.5 0.423076923076923 0.653846153846154 0.538461538461538 0.846153846153846 0.461538461538462 1
0.0666666666666667 0.6 0.666666666666667 1 0.333333333333333 1.2 1.6 0.733333333333333 1.6 1.33333333333333 0.933333333333333 0.666666666666667 0.533333333333333 0.266666666666667 0.466666666666667 0.266666666666667
0.0666666666666667 0.733333333333333 0 1.73333333333333 0.866666666666667 0.666666666666667 1.06666666666667 1 1 1.93333333333333 2.6 0.333333333333333 0.4 0.133333333333333 0.0666666666666667 0.466666666666667
