0.0740740740740741 0.37037037037037 0.148148148148148 1.33333333333333 1.7037037037037 1.81481481481481 1.59259259259259 0.259259259259259 0.185185185185185 1.18518518518519 1.25925925925926 1.07407407407407 1.33333333333333 0.259259259259259 0.296296296296296 0.37037037037037
0.154929577464789 0.450704225352113 0.408450704225352 0.690140845070423 0.859154929577465 3.02816901408451 2.90140845070423 1.19718309859155 1.04225352112676 0.633802816901408 0.605633802816901 1.16901408450704 1.43661971830986 0.0985915492957746 0.0704225352112676 0.112676056338028
0.171052631578947 0.223684210526316 1.05263157894737 0.671052631578947 0.5 1.40789473684211 1.77631578947368 2.14473684210526 2.10526315789474 0.973684210526316 0.907894736842105 0.671052631578947 0.473684210526316 0.5 0.473684210526316 0.763157894736842
0.231884057971014 0.63768115942029 1.08695652173913 1.7536231884058 1.53623188405797 1.26086956521739 1.27536231884058 2.05797101449275 2.40579710144928 1.79710144927536 1.66666666666667 0.666666666666667 0.579710144927536 0.391304347826087 0.304347826086957 0.579710144927536
0.446428571428571 1.375 0.607142857142857 1.85714285714286 1.82142857142857 1.64285714285714 1.26785714285714 1.21428571428571 1.26785714285714 2.39285714285714 2.58928571428571 0.767857142857143 0.857142857142857 0.321428571428571 0.214285714285714 0.517857142857143
1.25675675675676 2.63513513513514 0.716216216216216 1.33783783783784 1.64864864864865 3.81081081081081 3.33783783783784 0.851351351351351 0.810810810810811 1.36486486486486 1.17567567567568 0.864864864864865 1.01351351351351 0.162162162162162 0.216216216216216 0.324324324324324
0.456140350877193 1.21052631578947 1.36842105263158 1.42105263157895 1.15789473684211 3.42105263157895 3.7719298245614 1.47368421052632 1.17543859649123 0.719298245614035 1.10526315789474 1.59649122807018 1.94736842105263 0.315789473684211 0.228070175438596 0.614035087719298
0.490909090909091 1.29090909090909 1.21818181818182 1.29090909090909 0.672727272727273 2.29090909090909 2.09090909090909 2.81818181818182 2.4 0.563636363636364 0.709090909090909 1.47272727272727 1.83636363636364 0.327272727272727 0.163636363636364 0.181818181818182
0.391304347826087 1.18840579710145 2.69565217391304 2.04347826086957 0.91304347826087 1.71014492753623 1.82608695652174 3.47826086956522 3.82608695652174 2.11594202898551 2.46376811594203 0.72463768115942 0.91304347826087 0.855072463768116 0.985507246376812 1.88405797101449
0.197183098591549 0.47887323943662 1.15492957746479 2.3943661971831 1.45070422535211 1.56338028169014 1.50704225352113 1.91549295774648 1.91549295774648 2.57746478873239 2.45070422535211 0.394366197183099 0.225352112676056 0.535211267605634 0.47887323943662 1.26760563380282
0.357142857142857 0.392857142857143 0.660714285714286 1.33928571428571 1.07142857142857 2.39285714285714 2.44642857142857 1.05357142857143 0.785714285714286 2.375 2.10714285714286 1.44642857142857 1.53571428571429 0.303571428571429 0.125 0.482142857142857
0.25 0.568181818181818 0.204545454545455 0.522727272727273 0.636363636363636 2.29545454545455 1.77272727272727 0.386363636363636 0.363636363636364 0.590909090909091 0.772727272727273 2.27272727272727 2.13636363636364 0.295454545454545 0.454545454545455 0.772727272727273
0.285714285714286 0.595238095238095 0.80952380952381 0.738095238095238 0.404761904761905 1.78571428571429 2.02380952380952 1.30952380952381 0.738095238095238 0.738095238095238 1.04761904761905 1.83333333333333 1.69047619047619 0.0714285714285714 0.166666666666667 0.214285714285714
0.423076923076923 0.538461538461538 0.615384615384615 0.769230769230769 0.230769230769231 1.15384615384615 1.34615384615385 2.84615384615385 2.15384615384615 0.538461538461538 0.423076923076923 0.461538461538462 0.846153846153846 0.538461538461538 0.192307692307692 0.346153846153846
0.266666666666667 0.733333333333333 0.933333333333333 1.26666666666667 1.06666666666667 1 1.13333333333333 1.46666666666667 1.26666666666667 1.4 1.46666666666667 0.466666666666667 0.133333333333333 0.533333333333333 0.666666666666667 1.06666666666667
0.0666666666666667 0.533333333333333 0.0666666666666667 2.2 1.2 0.533333333333333 1 0.6 0.866666666666667 2.6 3.6 0.8 0.6 0.333333333333333 0.266666666666667 0.666666666666667
