0.111111111111111 0.481481481481481 0.037037037037037 1.51851851851852 1.55555555555556 2.03703703703704 1.07407407407407 0.148148148148148 0.148148148148148 1.81481481481481 1.25925925925926 1.37037037037037 0.62962962962963 0.259259259259259 0.518518518518518 0.444444444444444
0.21978021978022 0.725274725274725 0.296703296703297 0.494505494505495 0.527472527472527 2.8021978021978 2.86813186813187 1.07692307692308 0.901098901098901 0.637362637362637 0.725274725274725 1.0989010989011 1.1978021978022 0.241758241758242 0.164835164835165 0.208791208791209
0.0714285714285714 0.696428571428571 0.517857142857143 0.571428571428571 0.125 1.21428571428571 1.32142857142857 2.32142857142857 2.33928571428571 1.71428571428571 1 0.732142857142857 0.714285714285714 0.303571428571429 0.25 0.660714285714286
0.217391304347826 0.811594202898551 0.449275362318841 1.72463768115942 1.3768115942029 1.15942028985507 1.10144927536232 1.97101449275362 2.30434782608696 1.71014492753623 1.46376811594203 0.608695652173913 0.405797101449275 0.246376811594203 0.420289855072464 0.579710144927536
0.517857142857143 1.55357142857143 0.571428571428571 2.46428571428571 2.51785714285714 2.14285714285714 2.66071428571429 1.76785714285714 1.39285714285714 1.98214285714286 2.19642857142857 0.857142857142857 0.785714285714286 0.375 0.446428571428571 0.357142857142857
0.581081081081081 2 0.27027027027027 1.09459459459459 1.25675675675676 2.54054054054054 2.97297297297297 0.959459459459459 0.716216216216216 1.32432432432432 1.72972972972973 0.824324324324324 0.810810810810811 0.0945945945945946 0.148648648648649 0.283783783783784
0.298245614035088 1.63157894736842 0.807017543859649 1.05263157894737 1.01754385964912 3.2280701754386 3.33333333333333 1.54385964912281 1.14035087719298 0.701754385964912 0.789473684210526 1.66666666666667 1.91228070175439 0.350877192982456 0.298245614035088 0.333333333333333
0.290909090909091 1.72727272727273 0.8 0.909090909090909 0.745454545454545 1.87272727272727 2.16363636363636 1.65454545454545 1.94545454545455 0.436363636363636 0.309090909090909 1.12727272727273 0.981818181818182 0.109090909090909 0.181818181818182 0.309090909090909
0.289855072463768 1.1304347826087 1.7536231884058 1.43478260869565 1.04347826086957 1.31884057971015 1.23188405797101 2.72463768115942 2.71014492753623 1.11594202898551 1.15942028985507 0.782608695652174 0.811594202898551 0.681159420289855 0.536231884057971 1.66666666666667
0.366197183098592 1.09859154929577 0.830985915492958 2.26760563380282 1.71830985915493 1.70422535211268 1.30985915492958 1.88732394366197 2.16901408450704 2.64788732394366 2.25352112676056 0.633802816901408 0.619718309859155 0.690140845070423 0.661971830985915 1.28169014084507
0.160714285714286 0.357142857142857 0.375 1.03571428571429 0.982142857142857 2.69642857142857 2.33928571428571 1.48214285714286 1.75 1.875 2.08928571428571 1.57142857142857 1.64285714285714 0.375 0.571428571428571 0.589285714285714
0.181818181818182 0.522727272727273 0.0681818181818182 0.568181818181818 0.863636363636364 1.63636363636364 1.47727272727273 0.590909090909091 0.25 1.43181818181818 1.31818181818182 1.61363636363636 1.06818181818182 0.136363636363636 0.159090909090909 0.272727272727273
0.0952380952380952 0.452380952380952 0.428571428571429 0.452380952380952 0.380952380952381 1.73809523809524 1.88095238095238 1.0952380952381 0.642857142857143 0.928571428571429 1.11904761904762 1.80952380952381 1.57142857142857 0.0952380952380952 0.0714285714285714 0.0952380952380952
0.269230769230769 1.11538461538462 0.5 1.30769230769231 0.653846153846154 0.884615384615385 1.26923076923077 2.57692307692308 1.96153846153846 0.5 0.269230769230769 0.346153846153846 0.5 0.692307692307692 0.5 1.26923076923077
0 0.2 0.6 1 1.13333333333333 0.8 0.4 1.8 1.8 1.13333333333333 1.2 0.2 0.333333333333333 0 0.266666666666667 0.266666666666667
0.266666666666667 0.466666666666667 0.533333333333333 1.06666666666667 0.8 1.06666666666667 1.33333333333333 0.8 0.4 2.33333333333333 2 0.733333333333333 0.733333333333333 0.0666666666666667 0.0666666666666667 0.333333333333333
