0.0740740740740741 0.333333333333333 0.111111111111111 1.18518518518519 2.18518518518519 1.48148148148148 1.22222222222222 0.259259259259259 0.185185185185185 1.77777777777778 1.33333333333333 0.703703703703704 0.518518518518518 0.407407407407407 0.111111111111111 0.333333333333333
0.23943661971831 0.52112676056338 0.450704225352113 0.492957746478873 0.816901408450704 2.91549295774648 3.32394366197183 0.690140845070422 0.774647887323944 0.563380281690141 0.690140845070422 1.50704225352113 1.50704225352113 0.183098591549296 0.0845070422535211 0.225352112676056
0.289473684210526 0.75 0.81578947368421 0.56578947368421 0.5 1.47368421052632 2.1578947368421 2.05263157894737 1.93421052631579 0.960526315789473 0.986842105263158 0.921052631578947 0.842105263157895 0.368421052631579 0.184210526315789 0.56578947368421
0.289855072463768 0.666666666666667 0.884057971014493 1.98550724637681 1.50724637681159 1.31884057971014 1.31884057971014 2.49275362318841 2.40579710144927 1.57971014492754 1.36231884057971 0.840579710144927 0.550724637681159 0.27536231884058 0.36231884057971 0.623188405797101
0.642857142857143 1.125 0.875 2.25 2.23214285714286 2.30357142857143 2.60714285714286 1.92857142857143 1.66071428571429 2.19642857142857 2.21428571428571 0.892857142857143 0.892857142857143 0.303571428571428 0.142857142857143 0.410714285714286
0.743243243243243 1.68918918918919 0.459459459459459 1.33783783783784 1.72972972972973 2.7972972972973 2.71621621621622 0.878378378378378 0.810810810810811 1.48648648648649 1.91891891891892 1.59459459459459 1.05405405405405 0.108108108108108 0.0810810810810811 0.256756756756757
0.350877192982456 1.17543859649123 1.31578947368421 1.14035087719298 1.07017543859649 3.66666666666667 4.1578947368421 1.63157894736842 1.07017543859649 0.771929824561403 0.649122807017544 1.07017543859649 1.35087719298246 0.368421052631579 0.157894736842105 0.350877192982456
0.363636363636364 1.30909090909091 1.52727272727273 0.927272727272727 0.636363636363636 2.14545454545455 2.61818181818182 2.61818181818182 2.27272727272727 0.618181818181818 0.472727272727273 1.43636363636364 1.32727272727273 0.327272727272727 0.236363636363636 0.436363636363636
0.318840579710145 0.898550724637681 2.2463768115942 1.68115942028985 0.811594202898551 1.05797101449275 1.05797101449275 2.8695652173913 3.01449275362319 1.26086956521739 1.04347826086956 1.02898550724638 0.985507246376811 0.579710144927536 0.536231884057971 1.2463768115942
0.197183098591549 0.549295774647887 1.07042253521127 1.87323943661972 1.52112676056338 1.74647887323944 1.45070422535211 1.95774647887324 1.95774647887324 2.2112676056338 2.05633802816901 0.450704225352113 0.253521126760563 0.323943661971831 0.352112676056338 0.788732394366197
0.196428571428571 0.375 0.321428571428571 0.875 1.42857142857143 2.58928571428571 2.91071428571429 1.19642857142857 1.05357142857143 2.26785714285714 2.16071428571429 1.58928571428571 1.67857142857143 0.428571428571428 0.25 0.625
0.204545454545455 0.5 0.295454545454545 0.522727272727273 0.931818181818182 2.09090909090909 1.65909090909091 0.613636363636364 0.613636363636364 0.772727272727273 1.18181818181818 2.06818181818182 1.54545454545455 0.204545454545455 0.136363636363636 0.409090909090909
0.0714285714285714 0.404761904761905 0.761904761904762 0.69047619047619 0.428571428571428 2.02380952380952 1.80952380952381 0.904761904761905 0.904761904761905 1.02380952380952 1.21428571428571 1.54761904761905 1.52380952380952 0.166666666666667 0.0714285714285714 0.166666666666667
0.153846153846154 0.423076923076923 0.692307692307692 0.692307692307692 0.653846153846154 1.15384615384615 1.26923076923077 1.34615384615385 1.34615384615385 0.730769230769231 1 0.769230769230769 0.923076923076923 0.423076923076923 0.192307692307692 0.307692307692308
0.0666666666666667 0.2 1.2 0.866666666666667 0.466666666666667 1.06666666666667 1 1.26666666666667 1.73333333333333 1.93333333333333 2.13333333333333 0.2 0.4 0 0 0
0.466666666666667 1 0 0.533333333333333 0.266666666666667 1.46666666666667 1.73333333333333 0.6 1.13333333333333 2.53333333333333 2.86666666666667 0.266666666666667 0.133333333333333 0.333333333333333 0.0666666666666667 1
