0.185185185185185 0.407407407407407 0.185185185185185 0.888888888888889 1.81481481481481 1.74074074074074 1.48148148148148 0.333333333333333 0.222222222222222 1.07407407407407 1.51851851851852 1.37037037037037 0.777777777777778 0.222222222222222 0.333333333333333 0.296296296296296
0.267605633802817 0.732394366197183 0.577464788732394 0.661971830985915 0.816901408450704 2.28169014084507 2.59154929577465 1.64788732394366 1.19718309859155 0.535211267605634 0.52112676056338 1.12676056338028 1.50704225352113 0.126760563380282 0.0845070422535211 0.225352112676056
0.105263157894737 0.421052631578947 0.460526315789474 0.513157894736842 0.328947368421053 1.31578947368421 1.53947368421053 1.98684210526316 1.77631578947368 1.15789473684211 0.934210526315789 0.486842105263158 0.723684210526316 0.328947368421053 0.0921052631578947 0.434210526315789
0.217391304347826 0.420289855072464 0.869565217391304 1.43478260869565 1.76811594202899 1.36231884057971 1.27536231884058 2.39130434782609 2.46376811594203 1.59420289855072 1.40579710144928 0.782608695652174 0.550724637681159 0.173913043478261 0.318840579710145 0.434782608695652
0.571428571428571 1.39285714285714 0.857142857142857 2.16071428571429 2.5 1.67857142857143 1.67857142857143 1.32142857142857 1.73214285714286 1.94642857142857 1.58928571428571 1.17857142857143 0.660714285714286 0.357142857142857 0.285714285714286 0.392857142857143
0.391891891891892 1.41891891891892 0.554054054054054 0.959459459459459 1.10810810810811 2.93243243243243 2.39189189189189 0.851351351351351 0.959459459459459 1.36486486486486 1.28378378378378 1.40540540540541 1.01351351351351 0.0405405405405405 0.0405405405405405 0.189189189189189
0.491228070175439 1.21052631578947 1.42105263157895 1.36842105263158 0.754385964912281 4.50877192982456 5.08771929824561 1.82456140350877 1.57894736842105 0.982456140350877 0.87719298245614 1.89473684210526 1.57894736842105 0.421052631578947 0.157894736842105 0.43859649122807
0.418181818181818 1.41818181818182 1.32727272727273 1.09090909090909 0.745454545454545 2.2 2.43636363636364 2.56363636363636 2.58181818181818 0.6 0.509090909090909 1.63636363636364 1.6 0.254545454545455 0.145454545454545 0.509090909090909
0.304347826086957 0.478260869565217 2.46376811594203 1.97101449275362 1.02898550724638 1.21739130434783 1.30434782608696 3.2463768115942 3.43478260869565 2.18840579710145 1.97101449275362 0.623188405797101 0.869565217391304 0.855072463768116 0.869565217391304 1.91304347826087
0.169014084507042 0.661971830985915 1.15492957746479 2.07042253521127 1.50704225352113 1.61971830985915 1.53521126760563 1.47887323943662 2.12676056338028 2.92957746478873 2.88732394366197 0.394366197183099 0.464788732394366 0.47887323943662 0.704225352112676 1.28169014084507
0.196428571428571 0.553571428571429 0.25 1.23214285714286 1.42857142857143 3.07142857142857 2.71428571428571 2 1.57142857142857 2.44642857142857 2.23214285714286 1.25 1.42857142857143 0.214285714285714 0.196428571428571 0.285714285714286
0.318181818181818 0.272727272727273 0.772727272727273 0.863636363636364 0.477272727272727 1.77272727272727 1.27272727272727 0.795454545454545 0.818181818181818 0.522727272727273 0.931818181818182 1.36363636363636 0.931818181818182 0.0909090909090909 0.159090909090909 0.318181818181818
0.142857142857143 0.476190476190476 0.976190476190476 1.04761904761905 0.619047619047619 1.23809523809524 1.76190476190476 1.30952380952381 1.28571428571429 1 0.80952380952381 2 1.69047619047619 0.0714285714285714 0.166666666666667 0.238095238095238
0.115384615384615 0.461538461538462 0.961538461538462 0.730769230769231 0.423076923076923 0.807692307692308 1.53846153846154 3.19230769230769 2.42307692307692 0.384615384615385 0.346153846153846 0.807692307692308 0.384615384615385 0.461538461538462 0.346153846153846 0.923076923076923
0.0666666666666667 0.266666666666667 0.533333333333333 0.666666666666667 1 1 1.53333333333333 1.33333333333333 1.13333333333333 2 2.06666666666667 0.533333333333333 0.333333333333333 0.266666666666667 0.2 0.2
0.0666666666666667 0.266666666666667 0.666666666666667 1.73333333333333 1.66666666666667 1.06666666666667 0.466666666666667 0.866666666666667 1 3.13333333333333 2.26666666666667 0.8 0.466666666666667 0.133333333333333 0 0.6
