0.111111111111111 0.407407407407407 0.111111111111111 1.18518518518519 1.2962962962963 2 1.59259259259259 0.185185185185185 0.185185185185185 0.962962962962963 0.888888888888889 1.59259259259259 1 0.111111111111111 0.148148148148148 0.407407407407407
0.211267605633803 0.633802816901408 0.352112676056338 0.633802816901408 0.76056338028169 2.52112676056338 2.70422535211268 1.14084507042254 1.09859154929577 0.690140845070423 0.788732394366197 1.1830985915493 0.873239436619718 0.323943661971831 0.112676056338028 0.28169014084507
0.210526315789474 0.618421052631579 0.960526315789474 0.684210526315789 0.552631578947368 1.38157894736842 1.97368421052632 2.26315789473684 2.53947368421053 0.986842105263158 1.13157894736842 0.736842105263158 0.986842105263158 0.355263157894737 0.197368421052632 0.644736842105263
0.27536231884058 0.623188405797101 0.753623188405797 1.94202898550725 1.7536231884058 1.71014492753623 1.55072463768116 1.89855072463768 2.33333333333333 1.97101449275362 1.88405797101449 0.826086956521739 0.666666666666667 0.304347826086957 0.391304347826087 0.72463768115942
0.464285714285714 1.23214285714286 0.571428571428571 2.28571428571429 1.92857142857143 2.33928571428571 1.78571428571429 1.23214285714286 1.5 1.94642857142857 1.96428571428571 0.928571428571429 1.26785714285714 0.125 0.125 0.482142857142857
0.905405405405405 2.22972972972973 0.594594594594595 1.06756756756757 1.40540540540541 4.21621621621622 3.75675675675676 1.16216216216216 1.09459459459459 1.48648648648649 1.33783783783784 1.14864864864865 1.12162162162162 0.0405405405405405 0.0945945945945946 0.162162162162162
0.578947368421053 1.12280701754386 1.01754385964912 1.08771929824561 0.824561403508772 3.24561403508772 3.57894736842105 1.15789473684211 0.929824561403509 0.947368421052632 0.912280701754386 1.50877192982456 1.66666666666667 0.228070175438596 0.140350877192982 0.280701754385965
0.472727272727273 1 1.41818181818182 1.2 1.07272727272727 1.4 1.18181818181818 2.41818181818182 1.85454545454545 0.581818181818182 0.363636363636364 1.12727272727273 0.981818181818182 0.127272727272727 0.163636363636364 0.345454545454545
0.463768115942029 1.20289855072464 2.91304347826087 1.98550724637681 1.11594202898551 1.78260869565217 1.94202898550725 3.34782608695652 3.46376811594203 1.81159420289855 1.8695652173913 0.811594202898551 0.739130434782609 0.782608695652174 0.91304347826087 1.71014492753623
0.408450704225352 0.71830985915493 1.12676056338028 2.3943661971831 1.43661971830986 1.76056338028169 1.71830985915493 1.7887323943662 1.84507042253521 2.56338028169014 2.36619718309859 0.577464788732394 0.647887323943662 0.71830985915493 0.985915492957746 1.59154929577465
0.428571428571429 0.785714285714286 0.375 1.625 1.91071428571429 2.30357142857143 2.05357142857143 1.35714285714286 1.46428571428571 2.55357142857143 2.69642857142857 1.625 1.51785714285714 0.428571428571429 0.214285714285714 0.553571428571429
0.159090909090909 0.590909090909091 0.204545454545455 0.477272727272727 0.636363636363636 2 1.47727272727273 0.840909090909091 0.818181818181818 0.909090909090909 1.56818181818182 1.84090909090909 1.06818181818182 0.0681818181818182 0.181818181818182 0.136363636363636
0.0238095238095238 0.5 0.761904761904762 0.5 0.428571428571429 1.52380952380952 1.92857142857143 0.952380952380952 1.11904761904762 0.380952380952381 0.523809523809524 2.07142857142857 1.33333333333333 0.0476190476190476 0 0.333333333333333
0.153846153846154 0.653846153846154 0.923076923076923 1.07692307692308 0.692307692307692 1.26923076923077 1.76923076923077 2.03846153846154 2.11538461538462 0.538461538461538 0.615384615384615 1.19230769230769 1.65384615384615 1.11538461538462 0.730769230769231 1.11538461538462
0 0.333333333333333 0.6 0.466666666666667 0.6 0.8 0.866666666666667 1.33333333333333 1.93333333333333 0.733333333333333 1.06666666666667 0.2 0.4 0.4 0.533333333333333 0.733333333333333
0.133333333333333 0.466666666666667 0.466666666666667 1.66666666666667 1.6 0.733333333333333 0.733333333333333 0.733333333333333 1.26666666666667 2.13333333333333 2 0.6 0.6 0.0666666666666667 0.0666666666666667 0.133333333333333
