0.259259259259259 0.555555555555555 0.0740740740740741 1.33333333333333 2.14814814814815 1.62962962962963 1.14814814814815 0.222222222222222 0.185185185185185 1.40740740740741 1.33333333333333 0.925925925925926 0.62962962962963 0.222222222222222 0.481481481481481 0.333333333333333
0.169014084507042 0.380281690140845 0.338028169014084 0.676056338028169 0.690140845070422 2.95774647887324 3.09859154929577 0.915492957746479 0.577464788732394 0.802816901408451 0.957746478873239 1.38028169014084 1.25352112676056 0.0985915492957746 0.154929577464789 0.28169014084507
0.236842105263158 0.407894736842105 0.947368421052631 0.763157894736842 0.434210526315789 1.52631578947368 1.88157894736842 1.68421052631579 2.10526315789474 1.02631578947368 0.907894736842105 0.578947368421053 0.842105263157895 0.328947368421053 0.328947368421053 0.513157894736842
0.217391304347826 0.666666666666667 1.10144927536232 2.05797101449275 1.92753623188406 1.65217391304348 1.55072463768116 1.95652173913043 2.76811594202898 1.53623188405797 1.07246376811594 1 0.463768115942029 0.304347826086956 0.173913043478261 0.521739130434782
0.5 1.16071428571429 0.767857142857143 2.03571428571429 1.96428571428571 2.10714285714286 1.53571428571429 1.51785714285714 1.26785714285714 2.32142857142857 1.85714285714286 0.892857142857143 0.696428571428571 0.232142857142857 0.321428571428571 0.428571428571428
0.918918918918919 1.77027027027027 0.459459459459459 1.27027027027027 1.55405405405405 3.24324324324324 3.2027027027027 0.878378378378378 0.905405405405405 1.32432432432432 1.2972972972973 1.28378378378378 1.12162162162162 0.243243243243243 0.162162162162162 0.337837837837838
0.491228070175439 1.29824561403509 1.45614035087719 1.08771929824561 0.87719298245614 2.78947368421053 2.80701754385965 0.789473684210526 0.807017543859649 0.56140350877193 0.719298245614035 1.85964912280702 1.87719298245614 0.192982456140351 0.228070175438596 0.228070175438596
0.454545454545454 1.09090909090909 1.54545454545455 1.36363636363636 1.05454545454545 1.96363636363636 2.09090909090909 3.27272727272727 2.4 0.454545454545454 0.327272727272727 1.54545454545455 1.61818181818182 0.272727272727273 0.181818181818182 0.4
0.304347826086956 0.884057971014493 2.07246376811594 1.89855072463768 1.14492753623188 1.20289855072464 1.23188405797101 3 3.04347826086956 1.42028985507246 1.6231884057971 0.927536231884058 0.855072463768116 0.739130434782609 0.72463768115942 1.65217391304348
0.23943661971831 0.802816901408451 1.04225352112676 2.80281690140845 1.98591549295775 1.76056338028169 2.02816901408451 2.36619718309859 2.19718309859155 3.67605633802817 3.28169014084507 0.309859154929577 0.28169014084507 0.887323943661972 0.676056338028169 1.26760563380282
0.214285714285714 0.5 0.464285714285714 1.21428571428571 1.33928571428571 1.96428571428571 2.375 1.33928571428571 1.53571428571429 2.21428571428571 2.51785714285714 1.875 1.30357142857143 0.339285714285714 0.178571428571429 0.321428571428571
0.25 0.659090909090909 0.340909090909091 0.840909090909091 0.613636363636364 2.13636363636364 1.65909090909091 0.795454545454545 0.772727272727273 0.840909090909091 0.886363636363636 1.97727272727273 1.5 0.136363636363636 0.25 0.409090909090909
0.261904761904762 0.523809523809524 1.04761904761905 0.642857142857143 0.238095238095238 1.52380952380952 1.38095238095238 0.952380952380952 1.14285714285714 0.714285714285714 1.14285714285714 1.9047619047619 1.73809523809524 0.142857142857143 0.119047619047619 0.357142857142857
0.423076923076923 0.615384615384615 0.923076923076923 0.769230769230769 0.653846153846154 1.26923076923077 1.53846153846154 2.38461538461538 1.69230769230769 0.961538461538461 0.653846153846154 0.538461538461538 0.615384615384615 1 0.615384615384615 1.11538461538462
0.466666666666667 0.533333333333333 0.533333333333333 1.06666666666667 1.26666666666667 0.666666666666667 0.933333333333333 0.666666666666667 1.26666666666667 1.73333333333333 2.26666666666667 0.333333333333333 0.266666666666667 0.4 0.733333333333333 1.26666666666667
0.0666666666666667 0.333333333333333 0.533333333333333 0.933333333333333 0.933333333333333 0.933333333333333 1 1 1.53333333333333 3.66666666666667 2.4 0.533333333333333 0.8 0.533333333333333 0.6 0.8
