0.148148148148148 0.555555555555555 0.0740740740740741 1.11111111111111 1.85185185185185 2.18518518518519 1.48148148148148 0.0740740740740741 0.185185185185185 1.37037037037037 1.25925925925926 1.25925925925926 0.814814814814815 0.296296296296296 0.444444444444444 0.37037037037037
0.169014084507042 0.591549295774648 0.225352112676056 0.704225352112676 0.71830985915493 2.35211267605634 2.76056338028169 1.45070422535211 0.76056338028169 0.154929577464789 0.23943661971831 1.85915492957746 1.87323943661972 0.112676056338028 0.0140845070422535 0.0704225352112676
0.131578947368421 0.526315789473684 1.10526315789474 0.644736842105263 0.25 1.39473684210526 2.02631578947368 2.11842105263158 1.97368421052632 1.19736842105263 0.894736842105263 0.710526315789474 0.81578947368421 0.276315789473684 0.263157894736842 0.56578947368421
0.188405797101449 0.608695652173913 0.884057971014493 2.01449275362319 2.10144927536232 1.30434782608696 1.43478260869565 2.21739130434783 2.69565217391304 1.89855072463768 1.39130434782609 0.449275362318841 0.478260869565217 0.289855072463768 0.347826086956522 0.710144927536232
0.517857142857143 1.19642857142857 0.625 2.28571428571429 2.41071428571429 2.16071428571429 1.55357142857143 1.07142857142857 0.982142857142857 1.78571428571429 1.67857142857143 1.03571428571429 0.785714285714286 0.0892857142857143 0.160714285714286 0.25
0.972972972972973 2.31081081081081 0.418918918918919 1.16216216216216 1.37837837837838 3.83783783783784 3.94594594594595 1 0.945945945945946 1.48648648648649 1.35135135135135 1.31081081081081 0.932432432432432 0.108108108108108 0.189189189189189 0.22972972972973
0.298245614035088 0.912280701754386 1.92982456140351 1.3859649122807 0.859649122807017 3.40350877192982 4.42105263157895 1.78947368421053 1.52631578947368 1.17543859649123 1.29824561403509 1.50877192982456 1.42105263157895 0.508771929824561 0.228070175438596 0.578947368421053
0.327272727272727 0.727272727272727 1.36363636363636 1.14545454545455 1.2 1.49090909090909 1.4 2.41818181818182 2.14545454545455 0.472727272727273 0.363636363636364 1.41818181818182 1.78181818181818 0.381818181818182 0.272727272727273 0.327272727272727
0.333333333333333 1.2463768115942 2.31884057971014 1.7536231884058 1.01449275362319 1.39130434782609 1.36231884057971 3.3768115942029 3.39130434782609 2.07246376811594 1.78260869565217 0.666666666666667 0.884057971014493 0.927536231884058 0.927536231884058 1.85507246376812
0.23943661971831 0.71830985915493 0.957746478873239 2.02816901408451 1.80281690140845 1.97183098591549 2.25352112676056 2.47887323943662 2.22535211267606 3.26760563380282 2.59154929577465 0.507042253521127 0.422535211267606 0.887323943661972 0.830985915492958 1.54929577464789
0.428571428571428 0.625 0.285714285714286 1.48214285714286 1.58928571428571 1.89285714285714 2.08928571428571 2.08928571428571 1.46428571428571 2.14285714285714 2.01785714285714 1.30357142857143 1.17857142857143 0.339285714285714 0.214285714285714 0.625
0.272727272727273 0.363636363636364 0.227272727272727 0.477272727272727 0.545454545454545 1.77272727272727 1.75 0.545454545454545 0.409090909090909 0.636363636363636 1.13636363636364 2.22727272727273 1.36363636363636 0.295454545454545 0.25 0.840909090909091
0.261904761904762 0.261904761904762 0.380952380952381 0.952380952380952 0.261904761904762 1.14285714285714 1.26190476190476 1.04761904761905 1.04761904761905 0.476190476190476 0.619047619047619 1.61904761904762 1.26190476190476 0.0714285714285714 0.0952380952380952 0.0952380952380952
0.269230769230769 0.5 0.846153846153846 0.846153846153846 0.538461538461538 1.15384615384615 1.69230769230769 1.34615384615385 1.69230769230769 0.615384615384615 0.615384615384615 0.846153846153846 1.07692307692308 0.961538461538461 0.730769230769231 1.30769230769231
0.133333333333333 0.333333333333333 0.6 1.73333333333333 1.26666666666667 0.8 1.46666666666667 0.8 1.13333333333333 1.26666666666667 2.13333333333333 0.2 0.4 0.133333333333333 0.133333333333333 0.266666666666667
0.2 1.2 0.466666666666667 1.13333333333333 0.733333333333333 1.73333333333333 1.53333333333333 0.466666666666667 0.2 3 1.86666666666667 0.6 0.733333333333333 0.2 0.133333333333333 0.933333333333333
