0.111111111111111 0.666666666666667 0.222222222222222 0.666666666666667 1.07407407407407 2.40740740740741 2.22222222222222 0.259259259259259 0.148148148148148 0.851851851851852 0.925925925925926 1.66666666666667 0.962962962962963 0.148148148148148 0.259259259259259 0.148148148148148
0.169014084507042 0.577464788732394 0.295774647887324 0.704225352112676 0.845070422535211 3.02816901408451 2.92957746478873 0.887323943661972 0.690140845070423 0.633802816901408 0.704225352112676 1.08450704225352 1.1830985915493 0.0845070422535211 0.0845070422535211 0.0704225352112676
0.25 0.605263157894737 0.697368421052632 0.5 0.328947368421053 1.32894736842105 1.90789473684211 2.18421052631579 1.97368421052632 0.855263157894737 0.684210526315789 0.921052631578947 1 0.210526315789474 0.131578947368421 0.315789473684211
0.202898550724638 0.695652173913043 1 1.49275362318841 1.42028985507246 1.14492753623188 1.01449275362319 2.17391304347826 2.44927536231884 1.92753623188406 1.63768115942029 0.797101449275362 0.550724637681159 0.463768115942029 0.405797101449275 0.594202898550725
0.428571428571429 1.17857142857143 0.660714285714286 1.75 2.03571428571429 2.26785714285714 2.44642857142857 1.30357142857143 1.48214285714286 1.69642857142857 1.55357142857143 0.946428571428571 1.01785714285714 0.339285714285714 0.196428571428571 0.392857142857143
1.13513513513514 2.31081081081081 0.621621621621622 1.13513513513514 1.48648648648649 3.44594594594595 2.91891891891892 1.08108108108108 0.918918918918919 1.62162162162162 1.17567567567568 1.41891891891892 1.18918918918919 0.202702702702703 0.135135135135135 0.189189189189189
0.491228070175439 1.14035087719298 1.19298245614035 1.21052631578947 1.10526315789474 4.24561403508772 4.50877192982456 1.70175438596491 1.78947368421053 1.50877192982456 0.87719298245614 1.75438596491228 1.57894736842105 0.333333333333333 0.210526315789474 0.543859649122807
0.290909090909091 1.07272727272727 1.25454545454545 0.981818181818182 1.14545454545455 1.58181818181818 1.6 2.16363636363636 2.16363636363636 0.618181818181818 0.527272727272727 1.05454545454545 1.38181818181818 0.0909090909090909 0.0909090909090909 0.254545454545455
0.217391304347826 0.579710144927536 2.36231884057971 1.60869565217391 0.855072463768116 1.1304347826087 1.10144927536232 3.08695652173913 3.31884057971015 1.2463768115942 1.68115942028985 0.927536231884058 1.17391304347826 0.753623188405797 0.521739130434783 1.36231884057971
0.23943661971831 0.830985915492958 1.30985915492958 2.29577464788732 1.71830985915493 1.90140845070423 1.7887323943662 1.80281690140845 2.52112676056338 2.91549295774648 2.52112676056338 0.450704225352113 0.253521126760563 0.507042253521127 0.549295774647887 1.2112676056338
0.25 0.375 0.392857142857143 1.51785714285714 1.53571428571429 2.875 2.26785714285714 1.44642857142857 1.5 2.5 2.51785714285714 1.80357142857143 1.5 0.428571428571429 0.25 0.571428571428571
0.295454545454545 0.659090909090909 0.863636363636364 0.659090909090909 0.909090909090909 1.56818181818182 2.06818181818182 0.590909090909091 0.454545454545455 1.27272727272727 1.63636363636364 1.72727272727273 1.15909090909091 0.272727272727273 0.295454545454545 0.863636363636364
0.0714285714285714 0.19047619047619 0.80952380952381 0.761904761904762 0.428571428571429 1.64285714285714 1.88095238095238 1.38095238095238 1.14285714285714 1.04761904761905 0.880952380952381 1.85714285714286 1.42857142857143 0.0952380952380952 0.0238095238095238 0.119047619047619
0.5 0.846153846153846 1.03846153846154 1.11538461538462 0.884615384615385 1.26923076923077 1.11538461538462 1.88461538461538 2.07692307692308 0.692307692307692 0.538461538461538 0.423076923076923 0.269230769230769 0.346153846153846 0.0769230769230769 0.461538461538462
0.2 1.06666666666667 1.33333333333333 1.8 2.66666666666667 1.2 1.53333333333333 0.933333333333333 2.33333333333333 2.2 1.26666666666667 0.466666666666667 0.466666666666667 0.0666666666666667 0.4 1
0.2 0.733333333333333 0.733333333333333 1.26666666666667 1.13333333333333 1.2 1.33333333333333 0.6 0.866666666666667 2.26666666666667 1.46666666666667 1.06666666666667 0.266666666666667 0.0666666666666667 0.0666666666666667 0.333333333333333
