0.0740740740740741 0.444444444444444 0.111111111111111 1.11111111111111 2.18518518518519 1.51851851851852 1.25925925925926 0.0740740740740741 0.222222222222222 1.40740740740741 1.40740740740741 1.11111111111111 0.777777777777778 0.37037037037037 0.333333333333333 0.333333333333333
0.253521126760563 0.549295774647887 0.563380281690141 1.28169014084507 0.985915492957746 2.91549295774648 2.64788732394366 1.57746478873239 1.26760563380282 0.830985915492958 0.71830985915493 1.43661971830986 1.43661971830986 0.169014084507042 0.0985915492957746 0.126760563380282
0.223684210526316 0.381578947368421 1 0.671052631578947 0.355263157894737 1.60526315789474 1.76315789473684 1.94736842105263 1.9078947368421 1.19736842105263 1.15789473684211 0.657894736842105 0.763157894736842 0.486842105263158 0.342105263157895 0.539473684210526
0.246376811594203 0.739130434782609 0.840579710144927 1.92753623188406 1.55072463768116 1.28985507246377 1.08695652173913 2.40579710144927 2.17391304347826 1.42028985507246 1.23188405797101 0.623188405797101 0.521739130434782 0.173913043478261 0.289855072463768 0.318840579710145
0.428571428571428 1.19642857142857 0.767857142857143 2.14285714285714 2.26785714285714 1.78571428571429 1.78571428571429 1.32142857142857 1.33928571428571 1.98214285714286 2.07142857142857 1.125 0.857142857142857 0.482142857142857 0.285714285714286 0.410714285714286
1.09459459459459 2.91891891891892 0.594594594594595 1.12162162162162 1.28378378378378 3.86486486486486 3.5 1.05405405405405 0.837837837837838 1.71621621621622 1.7027027027027 1.24324324324324 1.10810810810811 0.0675675675675676 0.0810810810810811 0.162162162162162
0.385964912280702 1.08771929824561 1.42105263157895 1.6140350877193 0.87719298245614 3.29824561403509 3.28070175438596 1.56140350877193 1.31578947368421 1.28070175438596 1.21052631578947 1.35087719298246 1.3859649122807 0.421052631578947 0.245614035087719 0.666666666666667
0.363636363636364 1.16363636363636 1.2 1.07272727272727 0.854545454545454 2.09090909090909 2.18181818181818 2.74545454545455 2.25454545454545 0.490909090909091 0.490909090909091 1.43636363636364 1.49090909090909 0.236363636363636 0.309090909090909 0.454545454545454
0.478260869565217 1.27536231884058 3.02898550724638 1.72463768115942 1.08695652173913 1.56521739130435 1.33333333333333 2.89855072463768 3.42028985507246 1.60869565217391 1.46376811594203 1.07246376811594 0.811594202898551 0.753623188405797 0.91304347826087 2.04347826086956
0.309859154929577 0.690140845070422 1.1830985915493 1.95774647887324 1.76056338028169 1.40845070422535 1.61971830985915 1.74647887323944 1.91549295774648 3.14084507042254 2.54929577464789 0.52112676056338 0.408450704225352 0.774647887323944 0.492957746478873 1.36619718309859
0.232142857142857 0.553571428571428 0.339285714285714 1.46428571428571 1.58928571428571 2.32142857142857 2.33928571428571 1.625 1.53571428571429 2.60714285714286 2.57142857142857 1.625 1.35714285714286 0.321428571428571 0.321428571428571 0.678571428571428
0.386363636363636 0.863636363636363 0.318181818181818 0.795454545454545 1.06818181818182 2.54545454545454 1.81818181818182 0.431818181818182 0.409090909090909 0.977272727272727 1.15909090909091 2.18181818181818 1.36363636363636 0.181818181818182 0.204545454545455 0.568181818181818
0.142857142857143 0.380952380952381 0.571428571428571 0.547619047619048 0.309523809523809 1.73809523809524 2.23809523809524 0.904761904761905 0.809523809523809 0.761904761904762 0.833333333333333 1.61904761904762 1.71428571428571 0.119047619047619 0.0476190476190476 0.0714285714285714
0.192307692307692 0.769230769230769 0.5 0.884615384615384 0.692307692307692 1.19230769230769 1.42307692307692 1.23076923076923 1.53846153846154 0.923076923076923 0.423076923076923 0.346153846153846 0.5 0.884615384615384 0.576923076923077 1.03846153846154
0.0666666666666667 0.6 0.6 1.4 0.866666666666667 0.866666666666667 1.26666666666667 0.933333333333333 1.66666666666667 1.46666666666667 1.66666666666667 0.533333333333333 0.266666666666667 0.466666666666667 0.6 0.733333333333333
0.2 0.533333333333333 0.733333333333333 1 1.33333333333333 0.8 1.13333333333333 0.8 0.933333333333333 1.93333333333333 1.73333333333333 0.933333333333333 0.6 0.266666666666667 0.2 0.533333333333333
