0 0.037037037037037 0 0.0740740740740741 0.814814814814815 0.703703703703704 0.259259259259259 0 0 0.259259259259259 0.111111111111111 0.148148148148148 0.0740740740740741 0 0.0740740740740741 0
0 0.10989010989011 0.021978021978022 0.032967032967033 0.340659340659341 0.516483516483517 0.571428571428571 0.318681318681319 0.043956043956044 0.10989010989011 0.120879120879121 0.164835164835165 0.175824175824176 0.021978021978022 0.010989010989011 0
0 0 0 0.0535714285714286 0 0.0892857142857143 0.446428571428571 0.482142857142857 0.5 0.285714285714286 0.0357142857142857 0 0.160714285714286 0.178571428571429 0.0357142857142857 0
0 0.0144927536231884 0.0289855072463768 0.217391304347826 0.115942028985507 0.130434782608696 0.144927536231884 0.27536231884058 0.652173913043478 0.434782608695652 0.130434782608696 0.0289855072463768 0 0 0 0
0.107142857142857 0.232142857142857 0 0.0535714285714286 0.303571428571429 0.946428571428571 0.625 0.0535714285714286 0.0535714285714286 0.285714285714286 0.375 0.196428571428571 0.107142857142857 0 0 0
0.175675675675676 0.391891891891892 0.0135135135135135 0.108108108108108 0.527027027027027 0.635135135135135 0.432432432432432 0.135135135135135 0.027027027027027 0.0810810810810811 0.0675675675675676 0.135135135135135 0.135135135135135 0 0 0
0.140350877192982 0.421052631578947 0.245614035087719 0.0350877192982456 0.0350877192982456 1.85964912280702 2.14035087719298 0.263157894736842 0 0.0175438596491228 0.0701754385964912 0.0526315789473684 0.263157894736842 0.12280701754386 0.0175438596491228 0
0.0909090909090909 0.327272727272727 0.236363636363636 0.145454545454545 0.163636363636364 0.254545454545455 0.781818181818182 0.490909090909091 0.472727272727273 0.0545454545454545 0.0727272727272727 0.0545454545454545 0.236363636363636 0 0.0727272727272727 0.0545454545454545
0 0.130434782608696 0.434782608695652 0.246376811594203 0.130434782608696 0.318840579710145 0.36231884057971 0.217391304347826 0.507246376811594 0.652173913043478 0.521739130434783 0.0289855072463768 0.115942028985507 0.536231884057971 0.376811594202899 0.72463768115942
0.0140845070422535 0.0140845070422535 0.0704225352112676 0.492957746478873 0.183098591549296 0.225352112676056 0.380281690140845 0.126760563380282 0.323943661971831 0.732394366197183 0.169014084507042 0.0140845070422535 0.0140845070422535 0.140845070422535 0.140845070422535 0.0845070422535211
0.0178571428571429 0.0535714285714286 0 0.142857142857143 0.142857142857143 0.410714285714286 0.0357142857142857 0.0892857142857143 0.0178571428571429 0.232142857142857 0.267857142857143 0.392857142857143 0.0535714285714286 0 0 0
0 0.113636363636364 0 0.0454545454545455 0.181818181818182 0.318181818181818 0.181818181818182 0.0681818181818182 0 0.0454545454545455 0.340909090909091 0.477272727272727 0.113636363636364 0 0 0.113636363636364
0 0.19047619047619 0 0 0 0.119047619047619 0.119047619047619 0 0.142857142857143 0 0.0952380952380952 0.380952380952381 0.285714285714286 0.0952380952380952 0 0
0.0384615384615385 0.115384615384615 0.192307692307692 0.0769230769230769 0 0.115384615384615 0.192307692307692 0.346153846153846 0.346153846153846 0.192307692307692 0.0384615384615385 0.115384615384615 0.153846153846154 0.153846153846154 0.0384615384615385 0
0 0.0666666666666667 0 0.2 0.2 0 0.133333333333333 0.266666666666667 0.4 0.333333333333333 0.466666666666667 0 0 0.2 0.0666666666666667 0
0 0.133333333333333 0 0.0666666666666667 0.466666666666667 0.133333333333333 0.133333333333333 0 0.133333333333333 0.6 0.133333333333333 0.133333333333333 0 0 0 0.0666666666666667
