0.0740740740740741 0.555555555555556 0 0.888888888888889 1.92592592592593 1.96296296296296 1.96296296296296 0.333333333333333 0.0740740740740741 1 1.03703703703704 1.33333333333333 1.22222222222222 0.222222222222222 0.148148148148148 0.259259259259259
0.252747252747253 0.769230769230769 0.637362637362637 0.956043956043956 0.824175824175824 2.58241758241758 2.96703296703297 1.72527472527473 1.46153846153846 0.56043956043956 0.626373626373626 1.57142857142857 1.43956043956044 0.241758241758242 0.131868131868132 0.395604395604396
0.0892857142857143 0.839285714285714 0.946428571428571 0.982142857142857 0.482142857142857 1.25 1.69642857142857 2.28571428571429 2.41071428571429 1.23214285714286 0.910714285714286 0.785714285714286 0.785714285714286 0.482142857142857 0.410714285714286 0.589285714285714
0.333333333333333 0.666666666666667 0.739130434782609 2.15942028985507 2.36231884057971 1.52173913043478 1.40579710144928 2.21739130434783 2.21739130434783 1.7536231884058 1.47826086956522 0.971014492753623 0.695652173913043 0.391304347826087 0.434782608695652 0.666666666666667
0.571428571428571 1.19642857142857 0.535714285714286 2.35714285714286 2.78571428571429 1.82142857142857 1.42857142857143 1.35714285714286 1.26785714285714 1.58928571428571 1.91071428571429 1.30357142857143 1.26785714285714 0.0892857142857143 0.142857142857143 0.303571428571429
0.972972972972973 2.18918918918919 0.554054054054054 1.16216216216216 1.51351351351351 3.56756756756757 3.18918918918919 0.986486486486487 0.824324324324324 1.06756756756757 1.02702702702703 1.08108108108108 1.05405405405405 0.0675675675675676 0.0675675675675676 0.216216216216216
0.491228070175439 1.70175438596491 1.05263157894737 0.912280701754386 0.807017543859649 3.42105263157895 3.84210526315789 1.08771929824561 1.26315789473684 0.982456140350877 1.14035087719298 2.01754385964912 2.07017543859649 0.421052631578947 0.385964912280702 0.508771929824561
0.290909090909091 1.45454545454545 0.872727272727273 1.07272727272727 0.818181818181818 1.01818181818182 1.05454545454545 2.6 2 0.490909090909091 0.181818181818182 1.30909090909091 1.36363636363636 0.381818181818182 0.2 0.436363636363636
0.246376811594203 1.55072463768116 1.84057971014493 1.81159420289855 0.826086956521739 1.57971014492754 1.81159420289855 2.97101449275362 2.91304347826087 1.15942028985507 1.2463768115942 0.753623188405797 0.91304347826087 0.681159420289855 0.72463768115942 1.27536231884058
0.380281690140845 1.19718309859155 0.76056338028169 2.11267605633803 1.56338028169014 2.43661971830986 2.25352112676056 2.2112676056338 2.54929577464789 3.12676056338028 2.59154929577465 0.605633802816901 0.464788732394366 0.535211267605634 0.647887323943662 1.09859154929577
0.142857142857143 0.482142857142857 0.178571428571429 1.26785714285714 1.41071428571429 2.80357142857143 2.92857142857143 1.46428571428571 1.33928571428571 2.55357142857143 2.21428571428571 1.41071428571429 1.51785714285714 0.410714285714286 0.267857142857143 0.482142857142857
0.363636363636364 0.704545454545455 0.363636363636364 0.977272727272727 0.931818181818182 2.43181818181818 1.90909090909091 0.727272727272727 0.590909090909091 1 1.04545454545455 2.13636363636364 1.27272727272727 0.227272727272727 0.181818181818182 0.659090909090909
0.166666666666667 0.619047619047619 0.619047619047619 0.642857142857143 0.333333333333333 1.85714285714286 1.78571428571429 1 0.761904761904762 0.904761904761905 0.904761904761905 1.5952380952381 1.61904761904762 0.166666666666667 0.119047619047619 0.285714285714286
0.5 1.26923076923077 0.692307692307692 1.07692307692308 0.923076923076923 0.923076923076923 1.80769230769231 2.11538461538462 1.42307692307692 0.653846153846154 1 0.769230769230769 0.769230769230769 1.03846153846154 0.576923076923077 1.07692307692308
0.2 1.33333333333333 0.8 0.933333333333333 1 1 1.33333333333333 1.86666666666667 2.06666666666667 1.2 1.46666666666667 0.133333333333333 0.4 0.933333333333333 0.866666666666667 1.4
0.2 0.266666666666667 0.8 1.4 1.06666666666667 1.33333333333333 1.13333333333333 0.4 0.533333333333333 2.53333333333333 2.53333333333333 1.06666666666667 1.13333333333333 0.266666666666667 0.266666666666667 0.533333333333333
