0.333333333333333 0.296296296296296 0.037037037037037 1.22222222222222 1.85185185185185 1.85185185185185 1.74074074074074 0.296296296296296 0.0740740740740741 0.740740740740741 0.851851851851852 0.962962962962963 0.925925925925926 0.0740740740740741 0.185185185185185 0.148148148148148
0.140845070422535 0.746478873239437 0.422535211267606 0.774647887323944 1.05633802816901 2.90140845070423 3.08450704225352 1.12676056338028 0.887323943661972 0.76056338028169 0.943661971830986 1.47887323943662 1.59154929577465 0.28169014084507 0.140845070422535 0.211267605633803
0.105263157894737 0.31578947368421 1.30263157894737 0.763157894736842 0.5 1.14473684210526 1.43421052631579 2.67105263157895 2.68421052631579 0.973684210526316 1.09210526315789 0.776315789473684 0.868421052631579 0.473684210526316 0.473684210526316 0.513157894736842
0.260869565217391 0.840579710144927 0.710144927536232 1.79710144927536 1.21739130434783 1.20289855072464 1.20289855072464 2.49275362318841 2.49275362318841 1.34782608695652 1.28985507246377 0.652173913043478 0.550724637681159 0.304347826086956 0.492753623188406 0.579710144927536
0.535714285714286 1.30357142857143 0.821428571428571 1.66071428571429 1.89285714285714 1.875 1.57142857142857 1.67857142857143 1.33928571428571 2.41071428571429 2.46428571428571 1.28571428571429 1.57142857142857 0.232142857142857 0.142857142857143 0.267857142857143
0.918918918918919 2.04054054054054 0.432432432432432 1.17567567567568 1.33783783783784 3.44594594594595 3.24324324324324 0.905405405405405 0.864864864864865 1.37837837837838 1.39189189189189 1.33783783783784 1.16216216216216 0.121621621621622 0.148648648648649 0.175675675675676
0.298245614035088 1.05263157894737 1.64912280701754 1.2280701754386 0.912280701754386 4.78947368421053 4.94736842105263 1.70175438596491 1.3859649122807 1.33333333333333 1.33333333333333 1.52631578947368 1.36842105263158 0.508771929824561 0.403508771929824 0.596491228070175
0.381818181818182 1.29090909090909 1.58181818181818 1.21818181818182 0.872727272727273 1.83636363636364 2.05454545454545 3.25454545454545 2.70909090909091 0.454545454545454 0.418181818181818 1.70909090909091 1.4 0.236363636363636 0.218181818181818 0.363636363636364
0.217391304347826 0.579710144927536 1.94202898550725 1.66666666666667 0.811594202898551 1.34782608695652 1.10144927536232 3.3768115942029 3.1304347826087 1.60869565217391 1.79710144927536 0.63768115942029 0.507246376811594 0.898550724637681 0.753623188405797 1.97101449275362
0.394366197183099 0.830985915492958 1.35211267605634 2.36619718309859 1.69014084507042 2.04225352112676 1.59154929577465 2.05633802816901 1.94366197183099 3.70422535211268 3.05633802816901 0.802816901408451 0.338028169014084 1.08450704225352 1.25352112676056 2.12676056338028
0.160714285714286 0.375 0.392857142857143 1.35714285714286 1.42857142857143 2.78571428571429 2.46428571428571 1.66071428571429 1.57142857142857 2.32142857142857 2.16071428571429 1.73214285714286 1.42857142857143 0.357142857142857 0.303571428571428 0.678571428571428
0.363636363636364 0.568181818181818 1.25 1.04545454545455 0.954545454545454 2.34090909090909 1.86363636363636 0.886363636363636 0.75 1.36363636363636 1.81818181818182 1.79545454545455 1.61363636363636 0.113636363636364 0.0909090909090909 0.409090909090909
0.166666666666667 0.642857142857143 0.571428571428571 0.5 0.380952380952381 1.92857142857143 2.02380952380952 0.833333333333333 0.833333333333333 0.976190476190476 0.976190476190476 2.5 1.85714285714286 0.142857142857143 0.0952380952380952 0.380952380952381
0.423076923076923 0.653846153846154 1.15384615384615 1.23076923076923 0.846153846153846 0.653846153846154 1.38461538461538 2.42307692307692 1.69230769230769 0.576923076923077 0.423076923076923 0.269230769230769 0.307692307692308 0.461538461538461 0.269230769230769 1.26923076923077
0.266666666666667 0.666666666666667 1.2 1.93333333333333 1.66666666666667 0.866666666666667 1.46666666666667 2.06666666666667 2.4 1.6 1.6 0.466666666666667 0.266666666666667 0.4 0.733333333333333 0.8
0.133333333333333 0.8 0 1.06666666666667 0.533333333333333 0.733333333333333 1.26666666666667 0.733333333333333 1.13333333333333 1.66666666666667 2.2 0.266666666666667 0.2 0.2 0 0.0666666666666667
