0 0.0740740740740741 0 0.148148148148148 0.666666666666667 0.777777777777778 0.259259259259259 0 0 0.333333333333333 0.111111111111111 0.185185185185185 0.111111111111111 0 0.148148148148148 0
0 0.021978021978022 0 0.010989010989011 0.120879120879121 0.538461538461538 0.703296703296703 0.263736263736264 0.043956043956044 0.10989010989011 0.153846153846154 0.10989010989011 0.186813186813187 0.010989010989011 0.010989010989011 0
0 0 0 0.0178571428571429 0.0892857142857143 0.0714285714285714 0.267857142857143 0.375 0.5 0.375 0.107142857142857 0.0178571428571429 0.267857142857143 0.0892857142857143 0 0
0.072463768115942 0.0579710144927536 0.0144927536231884 0.246376811594203 0.0144927536231884 0.217391304347826 0.0869565217391304 0.449275362318841 0.608695652173913 0.333333333333333 0.27536231884058 0.0579710144927536 0 0 0.101449275362319 0
0.160714285714286 0.160714285714286 0.0178571428571429 0.821428571428571 1.05357142857143 0.446428571428571 0.446428571428571 0.0892857142857143 0.25 0.160714285714286 0.25 0.125 0.0892857142857143 0 0 0
0.108108108108108 0.472972972972973 0.027027027027027 0.135135135135135 0.337837837837838 0.621621621621622 0.351351351351351 0.0540540540540541 0.0540540540540541 0.135135135135135 0.0540540540540541 0.175675675675676 0.162162162162162 0 0 0
0.105263157894737 0.631578947368421 0.175438596491228 0.12280701754386 0.0350877192982456 0.596491228070175 0.736842105263158 0.157894736842105 0 0.0350877192982456 0.0526315789473684 0.0701754385964912 0.0350877192982456 0.0350877192982456 0 0
0.0181818181818182 0.272727272727273 0.236363636363636 0.0181818181818182 0.127272727272727 0.254545454545455 0.345454545454545 0.290909090909091 0.309090909090909 0.0909090909090909 0.0727272727272727 0.0181818181818182 0.145454545454545 0.0545454545454545 0 0.0545454545454545
0 0.115942028985507 0.376811594202899 0.36231884057971 0.217391304347826 0.260869565217391 0.289855072463768 0.260869565217391 0.420289855072464 0.478260869565217 0.449275362318841 0.072463768115942 0.0869565217391304 0.333333333333333 0.36231884057971 0.550724637681159
0.0140845070422535 0 0.126760563380282 0.352112676056338 0.211267605633803 0.140845070422535 0.0845070422535211 0.225352112676056 0.338028169014085 0.492957746478873 0.295774647887324 0.0422535211267606 0 0.0704225352112676 0.028169014084507 0.112676056338028
0.0535714285714286 0.125 0 0.107142857142857 0.232142857142857 0.267857142857143 0 0.232142857142857 0.0178571428571429 0.25 0.303571428571429 0.482142857142857 0.0535714285714286 0 0 0
0.0681818181818182 0.159090909090909 0 0.0909090909090909 0.136363636363636 0.227272727272727 0.159090909090909 0.0681818181818182 0.0227272727272727 0.0909090909090909 0.25 0.477272727272727 0.136363636363636 0 0 0.136363636363636
0 0.214285714285714 0 0 0 0.214285714285714 0.261904761904762 0.0952380952380952 0.142857142857143 0 0.142857142857143 0.5 0.333333333333333 0.0238095238095238 0 0
0.115384615384615 0.0384615384615385 0 0.230769230769231 0 0.115384615384615 0.538461538461538 0.384615384615385 0.384615384615385 0.0769230769230769 0.0384615384615385 0.115384615384615 0.153846153846154 0.230769230769231 0 0
0 0.0666666666666667 0.133333333333333 0.133333333333333 0.266666666666667 0 0.133333333333333 0.466666666666667 0.6 0.266666666666667 0.533333333333333 0 0 0.133333333333333 0 0
0 0 0 0.0666666666666667 0.133333333333333 0 0 0 0.133333333333333 0.333333333333333 0.266666666666667 0.4 0 0 0 0.133333333333333
