0.259259259259259 0.592592592592593 0.185185185185185 1.18518518518519 2.48148148148148 1.7037037037037 1.25925925925926 0.185185185185185 0.296296296296296 1.74074074074074 1.92592592592593 0.925925925925926 0.62962962962963 0.222222222222222 0.296296296296296 0.444444444444444
0.120879120879121 0.747252747252747 0.505494505494505 0.505494505494505 0.637362637362637 2.8021978021978 3.17582417582418 1.04395604395604 0.769230769230769 0.846153846153846 0.78021978021978 1.37362637362637 1.65934065934066 0.153846153846154 0.175824175824176 0.230769230769231
0.214285714285714 0.875 0.857142857142857 1.10714285714286 0.714285714285714 1.71428571428571 2.28571428571429 2.32142857142857 2.19642857142857 0.857142857142857 0.767857142857143 0.517857142857143 0.839285714285714 0.339285714285714 0.375 0.410714285714286
0.231884057971014 1.01449275362319 0.594202898550725 1.44927536231884 1.18840579710145 1.21739130434783 1.15942028985507 2.26086956521739 2.28985507246377 1.88405797101449 1.82608695652174 0.811594202898551 0.463768115942029 0.333333333333333 0.391304347826087 0.608695652173913
0.464285714285714 1.17857142857143 0.446428571428571 1.42857142857143 1.66071428571429 1.53571428571429 1.53571428571429 1.23214285714286 0.982142857142857 2 2.16071428571429 1.10714285714286 0.946428571428571 0.303571428571428 0.214285714285714 0.392857142857143
0.824324324324324 2.17567567567568 0.378378378378378 1.18918918918919 1.51351351351351 3.39189189189189 3.41891891891892 1.12162162162162 0.702702702702703 1.08108108108108 1.02702702702703 1.48648648648649 1.17567567567568 0.135135135135135 0.202702702702703 0.202702702702703
0.543859649122807 2.07017543859649 1.05263157894737 1.28070175438596 0.842105263157895 3.78947368421053 4.08771929824561 1.45614035087719 1.50877192982456 0.912280701754386 0.807017543859649 1.64912280701754 1.96491228070175 0.263157894736842 0.087719298245614 0.491228070175439
0.436363636363636 1.41818181818182 1.05454545454545 1.50909090909091 1.52727272727273 2.01818181818182 2.05454545454545 2.69090909090909 2 0.509090909090909 0.254545454545455 1.03636363636364 1.25454545454545 0.272727272727273 0.218181818181818 0.490909090909091
0.36231884057971 1.3768115942029 1.76811594202899 1.68115942028985 0.927536231884058 1.60869565217391 1.23188405797101 2.36231884057971 2.97101449275362 0.72463768115942 0.855072463768116 1.08695652173913 1.10144927536232 0.449275362318841 0.608695652173913 1.23188405797101
0.295774647887324 0.774647887323944 0.591549295774648 2.12676056338028 1.85915492957746 1.76056338028169 1.38028169014084 1.74647887323944 1.71830985915493 2.87323943661972 2.36619718309859 0.633802816901408 0.295774647887324 0.52112676056338 0.619718309859155 1.38028169014084
0.339285714285714 0.785714285714286 0.214285714285714 1.23214285714286 1.21428571428571 2.85714285714286 2.23214285714286 1.44642857142857 1.60714285714286 2.03571428571429 2.33928571428571 1.78571428571429 1.53571428571429 0.357142857142857 0.392857142857143 0.446428571428571
0.272727272727273 0.863636363636363 0.340909090909091 1.06818181818182 1.02272727272727 1.79545454545455 1.59090909090909 0.727272727272727 0.659090909090909 1.25 2 1.63636363636364 1.22727272727273 0.0909090909090909 0.181818181818182 0.5
0.19047619047619 0.785714285714286 0.595238095238095 0.428571428571428 0.333333333333333 1.28571428571429 1.42857142857143 0.952380952380952 0.928571428571428 0.571428571428571 0.5 1.83333333333333 1.64285714285714 0 0.0476190476190476 0.0476190476190476
0.269230769230769 0.769230769230769 0.615384615384615 0.846153846153846 0.576923076923077 1.03846153846154 2.03846153846154 1.46153846153846 1.38461538461538 0.961538461538461 0.615384615384615 0.576923076923077 0.769230769230769 0.692307692307692 0.346153846153846 0.923076923076923
0.0666666666666667 0.533333333333333 0.2 1 0.8 0.466666666666667 0.933333333333333 1.13333333333333 1.6 1.2 1.86666666666667 0.266666666666667 0.466666666666667 0.133333333333333 0.133333333333333 0.266666666666667
0.0666666666666667 0.4 0 0.733333333333333 0.733333333333333 0.933333333333333 0.666666666666667 0.733333333333333 1 2.86666666666667 2.73333333333333 0.0666666666666667 0.133333333333333 0 0 0.2
