0.111111111111111 0.407407407407407 0 1.37037037037037 1.48148148148148 1.74074074074074 1.77777777777778 0.407407407407407 0.111111111111111 1.18518518518519 1.07407407407407 2.14814814814815 1.07407407407407 0.222222222222222 0.222222222222222 0.296296296296296
0.252747252747253 0.813186813186813 0.582417582417582 0.681318681318681 0.736263736263736 2.68131868131868 3.23076923076923 1.16483516483516 0.846153846153846 0.725274725274725 0.846153846153846 1.37362637362637 1.23076923076923 0.208791208791209 0.142857142857143 0.406593406593407
0.196428571428571 0.714285714285714 0.642857142857143 0.946428571428571 0.642857142857143 2 1.91071428571429 2.625 2.64285714285714 0.964285714285714 0.678571428571429 0.821428571428571 1.03571428571429 0.339285714285714 0.232142857142857 0.196428571428571
0.173913043478261 0.869565217391304 0.753623188405797 1.6231884057971 1.59420289855072 1.34782608695652 1.43478260869565 2.49275362318841 2.71014492753623 1.18840579710145 1.31884057971015 0.753623188405797 0.565217391304348 0.36231884057971 0.246376811594203 0.768115942028985
0.589285714285714 1.33928571428571 0.464285714285714 1.91071428571429 2.25 1.66071428571429 1.64285714285714 1.19642857142857 1.125 2.21428571428571 2 0.928571428571429 0.875 0.196428571428571 0.107142857142857 0.482142857142857
0.675675675675676 2.21621621621622 0.554054054054054 0.972972972972973 1.48648648648649 2.48648648648649 2.60810810810811 0.932432432432432 0.810810810810811 1.02702702702703 1.09459459459459 1.21621621621622 1.04054054054054 0.108108108108108 0.0540540540540541 0.243243243243243
0.280701754385965 1.50877192982456 1.10526315789474 1.17543859649123 0.684210526315789 3.78947368421053 4.36842105263158 1.57894736842105 1.10526315789474 1.07017543859649 0.982456140350877 1.66666666666667 1.26315789473684 0.368421052631579 0.175438596491228 0.526315789473684
0.381818181818182 1.27272727272727 0.872727272727273 1.45454545454545 0.872727272727273 1.65454545454545 1.74545454545455 2.34545454545455 1.90909090909091 0.509090909090909 0.454545454545455 1.23636363636364 1.09090909090909 0.381818181818182 0.218181818181818 0.309090909090909
0.463768115942029 2.10144927536232 1.81159420289855 1.79710144927536 1.14492753623188 1.66666666666667 1.42028985507246 2.98550724637681 3.28985507246377 1.55072463768116 1.50724637681159 0.855072463768116 0.869565217391304 0.884057971014493 0.72463768115942 1.79710144927536
0.394366197183099 0.943661971830986 0.76056338028169 2.25352112676056 1.94366197183099 1.52112676056338 1.49295774647887 2.29577464788732 2.09859154929577 2.73239436619718 2.77464788732394 0.507042253521127 0.380281690140845 0.774647887323944 0.802816901408451 1.33802816901408
0.25 0.732142857142857 0.196428571428571 1.60714285714286 1.55357142857143 2.25 2.25 1.32142857142857 1.66071428571429 2.14285714285714 2.41071428571429 1.41071428571429 1.10714285714286 0.321428571428571 0.232142857142857 0.517857142857143
0.181818181818182 1.04545454545455 0.590909090909091 0.704545454545455 0.75 2.02272727272727 1.90909090909091 0.568181818181818 0.75 0.818181818181818 0.886363636363636 1.63636363636364 1.52272727272727 0.272727272727273 0.227272727272727 0.613636363636364
0.0714285714285714 0.238095238095238 0.285714285714286 0.380952380952381 0.380952380952381 1.33333333333333 1.80952380952381 0.714285714285714 0.857142857142857 0.666666666666667 0.666666666666667 1.54761904761905 1.35714285714286 0.166666666666667 0.142857142857143 0.119047619047619
0.153846153846154 0.5 0.5 0.384615384615385 0.269230769230769 0.769230769230769 1.5 1.61538461538462 1.84615384615385 0.653846153846154 0.461538461538462 0.307692307692308 0.615384615384615 0.423076923076923 0.346153846153846 0.692307692307692
0.133333333333333 0.133333333333333 0.533333333333333 1.26666666666667 1.4 0.866666666666667 0.733333333333333 1.53333333333333 2.4 1.46666666666667 1.73333333333333 0.4 0 0.4 0.0666666666666667 0.4
0.2 0.8 0 1.46666666666667 1.13333333333333 0.6 1 1.2 1.33333333333333 1.46666666666667 1.53333333333333 0.333333333333333 0.266666666666667 0 0.0666666666666667 0.2
