0 0.111111111111111 0 0.0740740740740741 0.703703703703704 0.740740740740741 0.259259259259259 0 0 0.185185185185185 0.111111111111111 0.333333333333333 0.111111111111111 0 0.0740740740740741 0
0 0.0659340659340659 0.010989010989011 0.021978021978022 0.164835164835165 0.494505494505495 0.835164835164835 0.274725274725275 0.032967032967033 0.10989010989011 0.131868131868132 0.153846153846154 0.175824175824176 0.021978021978022 0.010989010989011 0
0 0 0 0.0178571428571429 0.0357142857142857 0.0178571428571429 0.285714285714286 0.5 0.660714285714286 0.25 0.0714285714285714 0 0.25 0.142857142857143 0.0357142857142857 0
0.0579710144927536 0.072463768115942 0.0144927536231884 0.173913043478261 0.173913043478261 0.188405797101449 0.115942028985507 0.260869565217391 0.579710144927536 0.594202898550725 0.173913043478261 0.0289855072463768 0 0 0.0434782608695652 0
0.214285714285714 0.214285714285714 0.0178571428571429 0.946428571428571 1.23214285714286 0.375 0.517857142857143 0.0892857142857143 0.125 0.142857142857143 0.160714285714286 0.0535714285714286 0.0357142857142857 0.0178571428571429 0 0
0.243243243243243 0.486486486486487 0.027027027027027 0.189189189189189 0.418918918918919 0.675675675675676 0.351351351351351 0.175675675675676 0.148648648648649 0.0540540540540541 0.0405405405405405 0.22972972972973 0.0675675675675676 0 0 0
0.0350877192982456 0.578947368421053 0.210526315789474 0.12280701754386 0.210526315789474 1.42105263157895 1.45614035087719 0.228070175438596 0 0.0350877192982456 0.175438596491228 0.0701754385964912 0.105263157894737 0.12280701754386 0.0175438596491228 0
0.0727272727272727 0.381818181818182 0.0727272727272727 0.181818181818182 0.109090909090909 0.127272727272727 0.381818181818182 0.509090909090909 0.236363636363636 0.0363636363636364 0.0909090909090909 0.109090909090909 0.236363636363636 0.0181818181818182 0.0181818181818182 0
0 0.115942028985507 0.231884057971014 0.333333333333333 0.115942028985507 0.101449275362319 0.0869565217391304 0.130434782608696 0.449275362318841 0.550724637681159 0.579710144927536 0.0434782608695652 0.144927536231884 0.434782608695652 0.333333333333333 0.869565217391304
0.028169014084507 0 0.126760563380282 0.52112676056338 0.169014084507042 0.295774647887324 0.267605633802817 0.28169014084507 0.408450704225352 0.647887323943662 0.140845070422535 0.0845070422535211 0 0.0563380281690141 0.0704225352112676 0.183098591549296
0.0357142857142857 0.0535714285714286 0 0.0714285714285714 0.25 0.482142857142857 0.0357142857142857 0.107142857142857 0.0357142857142857 0.196428571428571 0.392857142857143 0.339285714285714 0.0892857142857143 0 0 0
0.0227272727272727 0.0681818181818182 0 0.0454545454545455 0.0909090909090909 0.272727272727273 0.0681818181818182 0 0.0227272727272727 0.0227272727272727 0.386363636363636 0.386363636363636 0.0909090909090909 0 0 0.0681818181818182
0 0.0714285714285714 0 0 0 0.142857142857143 0.261904761904762 0 0.0476190476190476 0 0.142857142857143 0.595238095238095 0.285714285714286 0.0238095238095238 0 0
0 0.0769230769230769 0.115384615384615 0.0769230769230769 0 0.115384615384615 0.461538461538462 0.346153846153846 0.115384615384615 0.192307692307692 0 0 0.0769230769230769 0.346153846153846 0 0
0 0.0666666666666667 0.133333333333333 0 0.266666666666667 0 0.2 0.133333333333333 0.4 0.266666666666667 0.466666666666667 0 0 0 0.0666666666666667 0
0 0.0666666666666667 0 0.466666666666667 0 0.0666666666666667 0.0666666666666667 0.266666666666667 0.933333333333333 0.2 0 0.133333333333333 0 0 0 0.133333333333333
