0.185185185185185 0.481481481481481 0.0740740740740741 1.07407407407407 1.77777777777778 2.03703703703704 1.7037037037037 0.296296296296296 0.037037037037037 1.2962962962963 1 1.62962962962963 1.59259259259259 0.222222222222222 0.296296296296296 0.185185185185185
0.28169014084507 0.464788732394366 0.323943661971831 0.676056338028169 0.605633802816901 2.92957746478873 2.90140845070423 1.08450704225352 0.957746478873239 0.887323943661972 0.859154929577465 1.32394366197183 1.26760563380282 0.0704225352112676 0.140845070422535 0.211267605633803
0.210526315789474 0.552631578947368 1.15789473684211 0.671052631578947 0.526315789473684 1.75 1.96052631578947 2.15789473684211 2.06578947368421 1.14473684210526 0.907894736842105 0.592105263157895 1.02631578947368 0.381578947368421 0.302631578947368 0.592105263157895
0.188405797101449 0.608695652173913 0.884057971014493 1.79710144927536 1.33333333333333 1.55072463768116 1.65217391304348 2.15942028985507 2.05797101449275 1.66666666666667 1.57971014492754 0.927536231884058 0.550724637681159 0.202898550724638 0.36231884057971 0.449275362318841
0.410714285714286 1.28571428571429 0.875 2.16071428571429 2.05357142857143 1.78571428571429 1.32142857142857 1.03571428571429 1 1.66071428571429 1.26785714285714 1.89285714285714 1.33928571428571 0.303571428571429 0.142857142857143 0.446428571428571
0.932432432432432 2.14864864864865 0.472972972972973 1.17567567567568 1.45945945945946 4.13513513513514 3.86486486486486 0.945945945945946 0.756756756756757 1.13513513513514 1.44594594594595 1.77027027027027 1.28378378378378 0.189189189189189 0.0945945945945946 0.324324324324324
0.666666666666667 1.15789473684211 1.47368421052632 0.929824561403509 0.754385964912281 4.96491228070175 4.73684210526316 1.56140350877193 1.03508771929825 0.982456140350877 1.05263157894737 1.54385964912281 1.33333333333333 0.649122807017544 0.350877192982456 0.614035087719298
0.218181818181818 1.05454545454545 1.47272727272727 1.27272727272727 1.21818181818182 1.8 2.16363636363636 2.69090909090909 2.2 0.454545454545455 0.436363636363636 1.63636363636364 1.45454545454545 0.272727272727273 0.236363636363636 0.636363636363636
0.550724637681159 1.27536231884058 2.78260869565217 1.76811594202899 1.04347826086957 1.47826086956522 1.89855072463768 2.59420289855072 3.43478260869565 1.08695652173913 1.33333333333333 0.971014492753623 0.884057971014493 0.768115942028985 0.840579710144927 1.63768115942029
0.309859154929577 0.859154929577465 1.35211267605634 2.38028169014085 1.69014084507042 2.46478873239437 1.83098591549296 2.80281690140845 2.98591549295775 3.26760563380282 2.64788732394366 0.704225352112676 0.549295774647887 0.774647887323944 0.746478873239437 1.50704225352113
0.142857142857143 0.285714285714286 0.517857142857143 1.46428571428571 1.41071428571429 1.71428571428571 1.96428571428571 1.26785714285714 1.41071428571429 2.17857142857143 2.42857142857143 1.25 1.23214285714286 0.446428571428571 0.232142857142857 0.410714285714286
0.454545454545455 0.681818181818182 0.977272727272727 0.909090909090909 0.681818181818182 2 1.88636363636364 0.477272727272727 0.386363636363636 1.29545454545455 1.56818181818182 1.31818181818182 1.47727272727273 0.25 0.25 0.477272727272727
0.19047619047619 0.428571428571429 0.857142857142857 0.857142857142857 0.261904761904762 1.71428571428571 2.02380952380952 0.738095238095238 0.833333333333333 0.69047619047619 0.547619047619048 2.23809523809524 2.0952380952381 0.142857142857143 0.0238095238095238 0.119047619047619
0.346153846153846 1.5 0.884615384615385 1.57692307692308 0.769230769230769 1.26923076923077 2.03846153846154 2.69230769230769 2.53846153846154 0.346153846153846 0.5 0.615384615384615 0.538461538461538 1.38461538461538 0.923076923076923 2.57692307692308
0.2 0.666666666666667 1.06666666666667 1.4 1.66666666666667 1.6 1.4 1.6 2.06666666666667 1.86666666666667 1.6 1.33333333333333 0.6 0.533333333333333 0.266666666666667 1.33333333333333
0.266666666666667 1 0.2 0.466666666666667 0.6 1.46666666666667 1.6 0.4 0.533333333333333 2.6 2.4 0.533333333333333 0.266666666666667 0.133333333333333 0 0.266666666666667
