0.222222222222222 0.666666666666667 0.185185185185185 0.962962962962963 2.07407407407407 1.96296296296296 2 0.222222222222222 0.333333333333333 1.51851851851852 1.25925925925926 1.2962962962963 0.851851851851852 0.185185185185185 0.222222222222222 0.222222222222222
0.140845070422535 0.549295774647887 0.253521126760563 0.535211267605634 0.47887323943662 2.49295774647887 2.83098591549296 1.29577464788732 0.873239436619718 0.535211267605634 0.591549295774648 1.11267605633803 1.36619718309859 0.112676056338028 0.0985915492957746 0.225352112676056
0.25 0.828947368421053 1.03947368421053 0.763157894736842 0.684210526315789 1.77631578947368 2.43421052631579 2.09210526315789 2.11842105263158 0.881578947368421 0.763157894736842 0.631578947368421 0.986842105263158 0.289473684210526 0.210526315789474 0.381578947368421
0.072463768115942 0.449275362318841 0.739130434782609 1.63768115942029 1.53623188405797 1.15942028985507 1.33333333333333 1.88405797101449 1.65217391304348 2.30434782608696 1.81159420289855 0.927536231884058 0.579710144927536 0.333333333333333 0.36231884057971 0.434782608695652
0.446428571428571 1.16071428571429 0.625 1.98214285714286 1.98214285714286 1.57142857142857 1.53571428571429 1.33928571428571 1.19642857142857 2.46428571428571 2.25 1.39285714285714 1.01785714285714 0.321428571428571 0.0892857142857143 0.678571428571428
0.878378378378378 1.7027027027027 0.554054054054054 0.972972972972973 1.55405405405405 2.59459459459459 2.68918918918919 0.756756756756757 0.662162162162162 1.22972972972973 1.05405405405405 1.83783783783784 1.35135135135135 0.189189189189189 0.0945945945945946 0.27027027027027
0.403508771929824 1.12280701754386 1.75438596491228 1.19298245614035 0.842105263157895 5.10526315789474 4.94736842105263 1.43859649122807 1.17543859649123 1.08771929824561 0.894736842105263 1.70175438596491 1.50877192982456 0.31578947368421 0.456140350877193 0.666666666666667
0.381818181818182 0.890909090909091 1.56363636363636 1.10909090909091 0.818181818181818 1.8 2.12727272727273 2.76363636363636 2.49090909090909 0.6 0.436363636363636 1.47272727272727 1.30909090909091 0.254545454545455 0.272727272727273 0.436363636363636
0.463768115942029 1 2.66666666666667 1.89855072463768 1.05797101449275 1.57971014492754 1.50724637681159 2.63768115942029 2.60869565217391 1.36231884057971 1.6231884057971 0.782608695652174 0.623188405797101 0.971014492753623 0.768115942028985 1.56521739130435
0.225352112676056 0.957746478873239 1.59154929577465 2.47887323943662 1.50704225352113 1.76056338028169 1.83098591549296 2.35211267605634 2.45070422535211 2.95774647887324 3.08450704225352 0.690140845070422 0.788732394366197 0.859154929577465 1.02816901408451 1.94366197183099
0.357142857142857 0.571428571428571 0.321428571428571 2.03571428571429 1.64285714285714 2.625 2.71428571428571 1.51785714285714 1.41071428571429 3.07142857142857 2.82142857142857 1.42857142857143 1.55357142857143 0.321428571428571 0.267857142857143 0.571428571428571
0.159090909090909 0.727272727272727 0.727272727272727 0.704545454545454 0.545454545454545 2.09090909090909 1.68181818181818 0.659090909090909 0.590909090909091 1.22727272727273 1.97727272727273 1.56818181818182 1.22727272727273 0.159090909090909 0.363636363636364 0.477272727272727
0.261904761904762 0.738095238095238 0.5 0.666666666666667 0.595238095238095 1.88095238095238 1.95238095238095 1.14285714285714 0.857142857142857 0.5 0.880952380952381 2 1.5 0.0714285714285714 0.0476190476190476 0.166666666666667
0.423076923076923 0.692307692307692 0.538461538461538 1.03846153846154 0.961538461538461 0.961538461538461 1.26923076923077 2.34615384615385 2.26923076923077 1.15384615384615 1.03846153846154 0.615384615384615 0.730769230769231 0.923076923076923 0.346153846153846 1.38461538461538
0.133333333333333 0.533333333333333 0.8 1.53333333333333 1.53333333333333 1.06666666666667 0.866666666666667 1.46666666666667 2.13333333333333 1.73333333333333 1.53333333333333 0.4 0.2 0.2 0.466666666666667 1.26666666666667
0.2 0.533333333333333 0 1.26666666666667 1.33333333333333 0.733333333333333 0.8 0.533333333333333 0.8 3 2.73333333333333 0.266666666666667 0.133333333333333 0.2 0.2 0.466666666666667
