0.111111111111111 0.333333333333333 0.148148148148148 1.03703703703704 1.33333333333333 2.07407407407407 1.7037037037037 0.259259259259259 0.296296296296296 1.37037037037037 1.03703703703704 1.18518518518519 0.962962962962963 0.259259259259259 0.259259259259259 0.185185185185185
0.23943661971831 0.577464788732394 0.394366197183099 1.01408450704225 1.09859154929577 2.76056338028169 3.12676056338028 1 0.929577464788732 0.704225352112676 0.676056338028169 1.11267605633803 1.35211267605634 0.0845070422535211 0.0422535211267606 0.0985915492957746
0.184210526315789 0.565789473684211 1.09210526315789 0.407894736842105 0.289473684210526 1.63157894736842 1.94736842105263 2.11842105263158 2.13157894736842 1.18421052631579 0.75 1.02631578947368 1.02631578947368 0.315789473684211 0.276315789473684 0.486842105263158
0.289855072463768 0.695652173913043 0.927536231884058 1.46376811594203 1.47826086956522 1.28985507246377 1.36231884057971 2.47826086956522 2.79710144927536 1.60869565217391 1.30434782608696 0.681159420289855 0.565217391304348 0.492753623188406 0.36231884057971 0.666666666666667
0.357142857142857 0.928571428571429 0.714285714285714 2.41071428571429 2.51785714285714 2.28571428571429 2.01785714285714 1.48214285714286 1.26785714285714 2.125 1.92857142857143 0.857142857142857 0.928571428571429 0.267857142857143 0.285714285714286 0.482142857142857
1.02702702702703 2.25675675675676 0.513513513513513 1.32432432432432 1.2027027027027 3.62162162162162 3.48648648648649 1.2972972972973 0.810810810810811 1.39189189189189 1.93243243243243 1.58108108108108 1 0.108108108108108 0.108108108108108 0.27027027027027
0.43859649122807 1.19298245614035 1.54385964912281 1.2280701754386 0.87719298245614 4.08771929824561 4.64912280701754 1.43859649122807 1.28070175438596 0.982456140350877 1.14035087719298 1.33333333333333 1.64912280701754 0.578947368421053 0.315789473684211 0.456140350877193
0.345454545454545 1.18181818181818 1.01818181818182 1.4 1.10909090909091 1.78181818181818 1.78181818181818 1.83636363636364 1.89090909090909 0.345454545454545 0.327272727272727 0.6 0.472727272727273 0.272727272727273 0.181818181818182 0.490909090909091
0.347826086956522 0.927536231884058 2.31884057971015 1.42028985507246 0.971014492753623 1.7536231884058 1.55072463768116 3.42028985507246 3.91304347826087 3.04347826086957 2.49275362318841 0.739130434782609 1 1.21739130434783 1.05797101449275 2.27536231884058
0.408450704225352 0.901408450704225 1.43661971830986 2.14084507042254 1.3943661971831 2.1830985915493 1.87323943661972 1.57746478873239 1.47887323943662 3.36619718309859 2.80281690140845 0.450704225352113 0.492957746478873 0.605633802816901 0.732394366197183 1.43661971830986
0.375 0.5 0.303571428571429 1.55357142857143 1.60714285714286 2.10714285714286 2.57142857142857 1.42857142857143 1.19642857142857 2.23214285714286 2.25 1.71428571428571 1.10714285714286 0.303571428571429 0.267857142857143 0.446428571428571
0.340909090909091 0.75 0.25 0.75 0.818181818181818 2.11363636363636 1.81818181818182 0.772727272727273 0.659090909090909 1.40909090909091 1.63636363636364 1.68181818181818 1.52272727272727 0.204545454545455 0.227272727272727 0.659090909090909
0.142857142857143 0.5 0.571428571428571 0.30952380952381 0.333333333333333 1.88095238095238 1.78571428571429 1.04761904761905 0.976190476190476 0.666666666666667 0.952380952380952 1.5952380952381 2.16666666666667 0.214285714285714 0.119047619047619 0.214285714285714
0.115384615384615 0.423076923076923 0.615384615384615 1 0.615384615384615 0.692307692307692 1.42307692307692 1.80769230769231 2.76923076923077 1.15384615384615 0.923076923076923 1.92307692307692 2.07692307692308 0.461538461538462 0.269230769230769 1.03846153846154
0.0666666666666667 0.133333333333333 0.533333333333333 1.06666666666667 1.46666666666667 0.2 0.6 0.933333333333333 2.26666666666667 1.2 1.8 0.333333333333333 0.4 0.4 0.2 0.666666666666667
0.266666666666667 0.466666666666667 0 0.866666666666667 0.8 0.933333333333333 1.06666666666667 0.733333333333333 1 4.06666666666667 2.6 0.333333333333333 0.2 0.266666666666667 0.266666666666667 0.8
