0.0740740740740741 0.703703703703704 0.037037037037037 1.48148148148148 1.81481481481481 1.88888888888889 1.55555555555556 0.148148148148148 0.222222222222222 1.77777777777778 1.18518518518519 1.25925925925926 0.925925925925926 0.259259259259259 0.185185185185185 0.444444444444444
0.131868131868132 0.648351648351648 0.307692307692308 0.637362637362637 0.659340659340659 2.8021978021978 2.92307692307692 0.989010989010989 0.813186813186813 0.714285714285714 0.912087912087912 1.30769230769231 1.26373626373626 0.208791208791209 0.186813186813187 0.362637362637363
0.142857142857143 0.607142857142857 0.446428571428571 0.625 0.375 1.17857142857143 1.69642857142857 2 2.26785714285714 1.10714285714286 0.910714285714286 0.785714285714286 0.732142857142857 0.5 0.410714285714286 0.660714285714286
0.231884057971014 0.768115942028985 0.536231884057971 1.84057971014493 1.97101449275362 1.10144927536232 1.14492753623188 2.42028985507246 2.11594202898551 1.6231884057971 1.66666666666667 0.811594202898551 0.478260869565217 0.347826086956522 0.420289855072464 0.811594202898551
0.464285714285714 1.33928571428571 0.625 2.16071428571429 2.42857142857143 1.89285714285714 1.21428571428571 1.48214285714286 1.42857142857143 1.85714285714286 1.78571428571429 1.01785714285714 1.03571428571429 0.125 0.160714285714286 0.446428571428571
0.77027027027027 2.04054054054054 0.378378378378378 1.47297297297297 1.48648648648649 2.81081081081081 2.82432432432432 0.905405405405405 0.743243243243243 1.37837837837838 1.41891891891892 1.63513513513514 1.25675675675676 0.162162162162162 0.189189189189189 0.175675675675676
0.368421052631579 1.63157894736842 1.03508771929825 1.12280701754386 0.701754385964912 2.78947368421053 3.33333333333333 1.14035087719298 0.771929824561403 1.01754385964912 0.947368421052632 1.54385964912281 1.64912280701754 0.473684210526316 0.157894736842105 0.298245614035088
0.436363636363636 1.78181818181818 0.690909090909091 0.890909090909091 0.927272727272727 2.07272727272727 2.10909090909091 2.38181818181818 2.23636363636364 0.581818181818182 0.472727272727273 1.50909090909091 1.30909090909091 0.218181818181818 0.145454545454545 0.363636363636364
0.478260869565217 1.50724637681159 1.92753623188406 2.04347826086957 1.18840579710145 1.46376811594203 1.60869565217391 3.40579710144928 3.6231884057971 1.89855072463768 1.78260869565217 0.768115942028985 0.811594202898551 0.797101449275362 0.768115942028985 1.47826086956522
0.394366197183099 0.873239436619718 1.12676056338028 2.11267605633803 1.73239436619718 1.88732394366197 2.12676056338028 2.22535211267606 2.53521126760563 2.67605633802817 2.42253521126761 0.619718309859155 0.47887323943662 0.690140845070423 0.802816901408451 1.36619718309859
0.267857142857143 0.642857142857143 0.214285714285714 1.14285714285714 1.08928571428571 2.42857142857143 1.92857142857143 1.375 1.39285714285714 1.875 2.25 1.48214285714286 1.14285714285714 0.357142857142857 0.232142857142857 0.589285714285714
0.204545454545455 0.931818181818182 0.454545454545455 0.863636363636364 0.681818181818182 1.61363636363636 1.52272727272727 0.636363636363636 0.659090909090909 0.863636363636364 1.20454545454545 2.18181818181818 1.63636363636364 0.363636363636364 0.227272727272727 0.954545454545455
0.0952380952380952 0.428571428571429 0.428571428571429 0.785714285714286 0.380952380952381 1.5 1.57142857142857 0.904761904761905 0.833333333333333 0.452380952380952 0.738095238095238 1.78571428571429 1.66666666666667 0 0.0238095238095238 0.0714285714285714
0.269230769230769 0.423076923076923 0.730769230769231 0.615384615384615 0.461538461538462 1.15384615384615 1.69230769230769 2.15384615384615 1.46153846153846 0.269230769230769 0.346153846153846 0.461538461538462 0.769230769230769 0.615384615384615 0.230769230769231 0.769230769230769
0.133333333333333 0.533333333333333 0.6 1.2 0.933333333333333 1 0.933333333333333 1.6 2.8 1 1.13333333333333 0.266666666666667 0.133333333333333 0.6 0.333333333333333 0.6
0.266666666666667 0.466666666666667 0.333333333333333 0.933333333333333 1.4 1.2 0.933333333333333 1.06666666666667 0.933333333333333 4.06666666666667 3.26666666666667 0.733333333333333 0.4 0.533333333333333 0.466666666666667 1.26666666666667
