0.185185185185185 0.666666666666667 0.111111111111111 1.2962962962963 1.85185185185185 1.81481481481481 1.18518518518519 0.259259259259259 0.259259259259259 1.55555555555556 1.40740740740741 1.33333333333333 1 0.259259259259259 0.296296296296296 0.259259259259259
0.241758241758242 0.802197802197802 0.417582417582417 0.67032967032967 0.714285714285714 2.47252747252747 2.86813186813187 1.36263736263736 1.18681318681319 0.681318681318681 0.747252747252747 1.56043956043956 1.67032967032967 0.252747252747253 0.0659340659340659 0.175824175824176
0.160714285714286 1.01785714285714 1.03571428571429 1.10714285714286 0.892857142857143 1.73214285714286 1.875 2.53571428571429 3.03571428571429 1.39285714285714 0.857142857142857 0.732142857142857 1 0.25 0.321428571428571 0.482142857142857
0.188405797101449 0.782608695652174 0.623188405797101 2.18840579710145 1.91304347826087 1.1304347826087 1.17391304347826 2.21739130434783 2.94202898550725 1.68115942028985 1.52173913043478 0.695652173913043 0.391304347826087 0.260869565217391 0.260869565217391 0.536231884057971
0.535714285714286 1.58928571428571 0.410714285714286 2.07142857142857 2.39285714285714 2.05357142857143 2.01785714285714 1.51785714285714 1.51785714285714 2.71428571428571 2.25 0.964285714285714 0.821428571428571 0.392857142857143 0.142857142857143 0.321428571428571
0.675675675675676 2 0.445945945945946 0.918918918918919 1.27027027027027 3.48648648648649 2.9054054054054 1.14864864864865 0.783783783783784 1.31081081081081 1.2972972972973 1.83783783783784 1.24324324324324 0.121621621621622 0.162162162162162 0.189189189189189
0.543859649122807 1.52631578947368 0.947368421052631 1.50877192982456 1.29824561403509 4.91228070175439 4.66666666666667 1.56140350877193 1.63157894736842 1.45614035087719 1.08771929824561 1.89473684210526 1.85964912280702 0.403508771929824 0.228070175438596 0.596491228070175
0.436363636363636 1.63636363636364 0.763636363636364 0.890909090909091 0.563636363636364 1.78181818181818 1.72727272727273 2.29090909090909 1.43636363636364 0.527272727272727 0.236363636363636 1.12727272727273 1.12727272727273 0.109090909090909 0.0545454545454545 0.109090909090909
0.391304347826087 1.57971014492754 2.02898550724638 2 1.11594202898551 1.30434782608696 1.50724637681159 2.82608695652174 3.43478260869565 0.971014492753623 0.826086956521739 0.797101449275362 1 0.811594202898551 0.550724637681159 1.23188405797101
0.253521126760563 0.802816901408451 0.901408450704225 2.14084507042254 1.8169014084507 1.64788732394366 1.3943661971831 2.02816901408451 1.91549295774648 3.14084507042254 2.6056338028169 0.690140845070422 0.464788732394366 0.647887323943662 0.464788732394366 1.33802816901408
0.196428571428571 0.482142857142857 0.357142857142857 1.16071428571429 1.21428571428571 2.25 1.625 1.41071428571429 1.05357142857143 1.64285714285714 1.85714285714286 1.07142857142857 1.01785714285714 0.232142857142857 0.321428571428571 0.678571428571428
0.318181818181818 0.931818181818182 0.227272727272727 0.75 0.818181818181818 1.97727272727273 2.27272727272727 0.545454545454545 0.318181818181818 0.818181818181818 1.06818181818182 1.88636363636364 1.38636363636364 0.431818181818182 0.295454545454545 0.863636363636363
0.238095238095238 0.785714285714286 0.5 0.428571428571428 0.0714285714285714 1.54761904761905 1.54761904761905 0.833333333333333 0.738095238095238 0.69047619047619 1.07142857142857 1.80952380952381 1.73809523809524 0.19047619047619 0.0952380952380952 0.119047619047619
0.192307692307692 0.846153846153846 0.461538461538461 0.576923076923077 0.115384615384615 1 1.65384615384615 2.07692307692308 2.61538461538461 0.615384615384615 0.5 0.923076923076923 0.769230769230769 0.230769230769231 0.230769230769231 0.5
0.2 0.6 0.133333333333333 0.666666666666667 0.533333333333333 0.866666666666667 0.4 2.13333333333333 1.73333333333333 1.8 1.93333333333333 0.133333333333333 0.133333333333333 0.733333333333333 0.333333333333333 1.2
0.0666666666666667 0.2 0.333333333333333 1.2 0.866666666666667 0.8 0.333333333333333 0.933333333333333 0.933333333333333 2 2.13333333333333 0.933333333333333 0.866666666666667 0.266666666666667 0.2 1.06666666666667
