0 0 0 0.148148148148148 0.740740740740741 0.666666666666667 0.296296296296296 0 0 0.407407407407407 0.185185185185185 0.148148148148148 0.0740740740740741 0 0.148148148148148 0
0 0.043956043956044 0 0.032967032967033 0.153846153846154 0.450549450549451 0.813186813186813 0.263736263736264 0.0549450549450549 0.120879120879121 0.0769230769230769 0.131868131868132 0.164835164835165 0.043956043956044 0.032967032967033 0
0 0 0 0.0535714285714286 0.107142857142857 0.0357142857142857 0.410714285714286 0.571428571428571 0.517857142857143 0.125 0.0535714285714286 0 0.142857142857143 0.0357142857142857 0.0357142857142857 0
0.0289855072463768 0.0579710144927536 0 0.188405797101449 0.0869565217391304 0.130434782608696 0.101449275362319 0.318840579710145 0.550724637681159 0.550724637681159 0.217391304347826 0.0434782608695652 0 0 0.0869565217391304 0.0289855072463768
0.125 0.214285714285714 0.0357142857142857 0.464285714285714 0.821428571428571 0.428571428571429 0.607142857142857 0.214285714285714 0.142857142857143 0.232142857142857 0.303571428571429 0.142857142857143 0.0714285714285714 0 0 0
0.216216216216216 0.364864864864865 0.0135135135135135 0.0810810810810811 0.554054054054054 0.675675675675676 0.445945945945946 0.0405405405405405 0.027027027027027 0.0675675675675676 0.0135135135135135 0.189189189189189 0.0540540540540541 0 0 0
0.105263157894737 0.526315789473684 0.157894736842105 0.263157894736842 0.245614035087719 0.982456140350877 1.17543859649123 0.140350877192982 0 0.192982456140351 0.105263157894737 0.0350877192982456 0.140350877192982 0.105263157894737 0 0.0175438596491228
0.0545454545454545 0.345454545454545 0.2 0.109090909090909 0.2 0.345454545454545 0.418181818181818 0.345454545454545 0.254545454545455 0.0727272727272727 0.0727272727272727 0.109090909090909 0.2 0.0363636363636364 0 0.0181818181818182
0 0.144927536231884 0.463768115942029 0.27536231884058 0.115942028985507 0.173913043478261 0.27536231884058 0.217391304347826 0.579710144927536 0.579710144927536 0.507246376811594 0.0869565217391304 0.217391304347826 0.463768115942029 0.405797101449275 0.695652173913043
0.028169014084507 0.0140845070422535 0.197183098591549 0.422535211267606 0.211267605633803 0.197183098591549 0.183098591549296 0.154929577464789 0.366197183098592 0.52112676056338 0.28169014084507 0.0422535211267606 0.0422535211267606 0.0422535211267606 0.154929577464789 0.0704225352112676
0.0178571428571429 0.0714285714285714 0 0.142857142857143 0.267857142857143 0.375 0 0.107142857142857 0.0357142857142857 0.196428571428571 0.375 0.232142857142857 0.0714285714285714 0 0 0
0.0454545454545455 0.0909090909090909 0 0.0454545454545455 0.113636363636364 0.409090909090909 0.0227272727272727 0 0.0454545454545455 0.0227272727272727 0.272727272727273 0.386363636363636 0.204545454545455 0 0 0.0681818181818182
0 0.142857142857143 0 0 0 0.0714285714285714 0.0476190476190476 0.142857142857143 0.0952380952380952 0 0.119047619047619 0.404761904761905 0.19047619047619 0.0476190476190476 0 0
0.0769230769230769 0.0769230769230769 0.153846153846154 0.0769230769230769 0 0.153846153846154 0.5 0.192307692307692 0.423076923076923 0.230769230769231 0 0 0.192307692307692 0.192307692307692 0.0384615384615385 0
0 0.133333333333333 0.133333333333333 0 0.0666666666666667 0 0.466666666666667 0.333333333333333 0.2 0.2 0.466666666666667 0 0 0 0.0666666666666667 0
0 0.0666666666666667 0 0.466666666666667 0.333333333333333 0.0666666666666667 0.0666666666666667 0.2 0.333333333333333 0.4 0.133333333333333 0.0666666666666667 0 0 0 0.0666666666666667
