0.185185185185185 0.444444444444444 0.148148148148148 1.03703703703704 1.62962962962963 2.14814814814815 1.18518518518519 0.222222222222222 0.222222222222222 1.33333333333333 1.37037037037037 1.2962962962963 1.03703703703704 0.407407407407407 0.333333333333333 0.296296296296296
0.211267605633803 0.436619718309859 0.408450704225352 0.633802816901408 0.549295774647887 2.6056338028169 2.77464788732394 1.53521126760563 0.845070422535211 0.507042253521127 0.619718309859155 1.40845070422535 1.61971830985915 0.23943661971831 0.126760563380282 0.380281690140845
0.144736842105263 0.355263157894737 0.789473684210526 0.513157894736842 0.223684210526316 1.23684210526316 1.77631578947368 2.36842105263158 2.17105263157895 0.921052631578947 0.868421052631579 0.75 0.736842105263158 0.381578947368421 0.31578947368421 0.763157894736842
0.217391304347826 0.594202898550725 1.02898550724638 1.71014492753623 1.53623188405797 1.39130434782609 1.2463768115942 2.1304347826087 2.39130434782609 1.76811594202899 1.53623188405797 0.739130434782609 0.608695652173913 0.304347826086956 0.391304347826087 0.681159420289855
0.464285714285714 1.30357142857143 0.535714285714286 2.17857142857143 2.26785714285714 1.71428571428571 1.42857142857143 1.05357142857143 0.714285714285714 2.16071428571429 1.91071428571429 1 1.10714285714286 0.232142857142857 0.285714285714286 0.285714285714286
0.756756756756757 1.75675675675676 0.702702702702703 1.06756756756757 1.47297297297297 3.77027027027027 3.25675675675676 1.08108108108108 0.837837837837838 1 1.06756756756757 1.05405405405405 0.810810810810811 0.0405405405405405 0.108108108108108 0.216216216216216
0.43859649122807 1.29824561403509 1.70175438596491 1.2280701754386 0.87719298245614 4.08771929824561 4.29824561403509 1.36842105263158 1 0.964912280701754 1.03508771929825 1.63157894736842 1.14035087719298 0.350877192982456 0.12280701754386 0.421052631578947
0.309090909090909 1 1.56363636363636 0.927272727272727 1.09090909090909 1.43636363636364 1.70909090909091 2.30909090909091 1.90909090909091 0.6 0.6 1.12727272727273 1.21818181818182 0.309090909090909 0.181818181818182 0.309090909090909
0.333333333333333 1.04347826086956 2.42028985507246 1.82608695652174 1 1.31884057971014 1.57971014492754 3.26086956521739 3.23188405797101 2.36231884057971 2.50724637681159 0.652173913043478 0.739130434782609 1.27536231884058 1.07246376811594 2.11594202898551
0.366197183098592 1.04225352112676 1.45070422535211 2.43661971830986 1.77464788732394 1.67605633802817 1.67605633802817 1.8169014084507 1.91549295774648 2.80281690140845 2.70422535211268 0.71830985915493 0.380281690140845 0.76056338028169 0.816901408450704 1.49295774647887
0.196428571428571 0.446428571428571 0.303571428571428 1.67857142857143 1.42857142857143 2.60714285714286 2.25 1.64285714285714 1.53571428571429 2.67857142857143 2.41071428571429 1.96428571428571 1.44642857142857 0.339285714285714 0.267857142857143 0.553571428571428
0.454545454545454 0.977272727272727 1.93181818181818 1.15909090909091 1.29545454545455 2.18181818181818 1.79545454545455 0.772727272727273 0.545454545454545 1.27272727272727 1.22727272727273 1.79545454545455 1.02272727272727 0.363636363636364 0.272727272727273 0.795454545454545
0.0952380952380952 0.285714285714286 0.571428571428571 0.619047619047619 0.285714285714286 1.4047619047619 1.5 1.33333333333333 1.07142857142857 0.428571428571428 0.595238095238095 1.69047619047619 1.59523809523809 0.0952380952380952 0.0952380952380952 0.166666666666667
0.307692307692308 0.461538461538461 0.538461538461538 1.23076923076923 0.807692307692308 0.807692307692308 1.38461538461538 2 1.69230769230769 0.884615384615384 0.769230769230769 0.461538461538461 0.230769230769231 0.730769230769231 0.461538461538461 1
0.266666666666667 0.6 1 0.666666666666667 1.46666666666667 0.6 1.33333333333333 1.6 1.33333333333333 1.53333333333333 1.26666666666667 0.266666666666667 0.466666666666667 0.133333333333333 0.4 0.666666666666667
0.333333333333333 0.466666666666667 0 1.33333333333333 0.866666666666667 0.8 1.2 0.533333333333333 1.2 3.33333333333333 2.4 0.266666666666667 0.333333333333333 0.133333333333333 0.133333333333333 1.06666666666667
