0 0 0 0.037037037037037 0.62962962962963 1 0.0740740740740741 0 0 0.148148148148148 0.37037037037037 0.259259259259259 0.111111111111111 0 0.037037037037037 0
0 0.010989010989011 0 0.043956043956044 0.175824175824176 0.43956043956044 0.879120879120879 0.230769230769231 0.043956043956044 0.0989010989010989 0.10989010989011 0.131868131868132 0.274725274725275 0.043956043956044 0.010989010989011 0
0 0 0 0.0178571428571429 0.0535714285714286 0.0357142857142857 0.482142857142857 0.535714285714286 0.410714285714286 0.232142857142857 0.0178571428571429 0 0.142857142857143 0.178571428571429 0 0
0.0434782608695652 0.0289855072463768 0.0289855072463768 0.130434782608696 0.0579710144927536 0.130434782608696 0.101449275362319 0.188405797101449 0.652173913043478 0.492753623188406 0.246376811594203 0.0144927536231884 0 0.0144927536231884 0.0579710144927536 0.0144927536231884
0.0892857142857143 0.267857142857143 0.0178571428571429 0.517857142857143 0.714285714285714 0.785714285714286 0.482142857142857 0.0535714285714286 0.0535714285714286 0.0892857142857143 0.214285714285714 0.160714285714286 0.0892857142857143 0 0 0
0.27027027027027 0.310810810810811 0.0135135135135135 0.0945945945945946 0.472972972972973 0.824324324324324 0.22972972972973 0.0135135135135135 0.0135135135135135 0.189189189189189 0.0135135135135135 0.27027027027027 0.0945945945945946 0 0 0
0.157894736842105 0.43859649122807 0.157894736842105 0.175438596491228 0.087719298245614 1.07017543859649 1.08771929824561 0.087719298245614 0 0.0701754385964912 0.157894736842105 0.0526315789473684 0.105263157894737 0.087719298245614 0.0175438596491228 0
0.0363636363636364 0.4 0.254545454545455 0.0363636363636364 0.109090909090909 0.254545454545455 0.472727272727273 0.4 0.2 0.0909090909090909 0.0363636363636364 0.163636363636364 0.290909090909091 0.0363636363636364 0.0363636363636364 0.0363636363636364
0 0.130434782608696 0.347826086956522 0.507246376811594 0.0869565217391304 0.289855072463768 0.159420289855072 0.27536231884058 0.536231884057971 0.536231884057971 0.63768115942029 0.072463768115942 0.130434782608696 0.420289855072464 0.304347826086957 0.840579710144927
0.0422535211267606 0.0140845070422535 0.154929577464789 0.352112676056338 0.267605633802817 0.112676056338028 0.140845070422535 0.183098591549296 0.352112676056338 0.535211267605634 0.225352112676056 0.028169014084507 0 0.0845070422535211 0.0563380281690141 0.140845070422535
0.0357142857142857 0.0535714285714286 0 0.142857142857143 0.160714285714286 0.392857142857143 0 0.125 0.0178571428571429 0.214285714285714 0.357142857142857 0.517857142857143 0.0892857142857143 0 0 0
0 0.0227272727272727 0 0.0227272727272727 0.181818181818182 0.227272727272727 0.113636363636364 0.0227272727272727 0.0227272727272727 0.0454545454545455 0.409090909090909 0.590909090909091 0.113636363636364 0 0 0
0 0.166666666666667 0 0 0 0.0476190476190476 0.119047619047619 0.0476190476190476 0.0952380952380952 0 0.142857142857143 0.380952380952381 0.238095238095238 0.0238095238095238 0 0
0.0384615384615385 0.115384615384615 0.0769230769230769 0.115384615384615 0 0.269230769230769 0.269230769230769 0.384615384615385 0.384615384615385 0.153846153846154 0 0.192307692307692 0.0384615384615385 0.230769230769231 0 0
0 0.133333333333333 0.0666666666666667 0.0666666666666667 0.2 0 0.266666666666667 0.133333333333333 0.4 0.466666666666667 0.866666666666667 0 0 0.0666666666666667 0 0
0 0.266666666666667 0 0.266666666666667 0 0.266666666666667 0.266666666666667 0.0666666666666667 0.333333333333333 0.2 0 0.333333333333333 0 0 0 0.266666666666667
