0 0.037037037037037 0 0.0740740740740741 1.03703703703704 0.481481481481481 0.259259259259259 0 0 0.259259259259259 0.111111111111111 0.185185185185185 0.111111111111111 0 0.0740740740740741 0
0 0.0659340659340659 0 0.021978021978022 0.153846153846154 0.549450549450549 0.725274725274725 0.274725274725275 0.010989010989011 0.131868131868132 0.120879120879121 0.142857142857143 0.197802197802198 0.021978021978022 0 0
0 0 0 0 0 0.0892857142857143 0.464285714285714 0.446428571428571 0.589285714285714 0.321428571428571 0.0535714285714286 0 0.125 0.125 0.0357142857142857 0
0.0434782608695652 0.0289855072463768 0.0144927536231884 0.188405797101449 0.130434782608696 0.144927536231884 0.0579710144927536 0.304347826086957 0.652173913043478 0.63768115942029 0.231884057971014 0.0144927536231884 0 0 0.0289855072463768 0.0579710144927536
0.142857142857143 0.25 0.107142857142857 0.892857142857143 1.125 0.410714285714286 0.857142857142857 0.107142857142857 0.25 0.321428571428571 0.178571428571429 0.160714285714286 0.125 0.0178571428571429 0 0
0.135135135135135 0.405405405405405 0.0945945945945946 0.0810810810810811 0.513513513513513 0.527027027027027 0.391891891891892 0.0675675675675676 0.0540540540540541 0.121621621621622 0.121621621621622 0.27027027027027 0.0405405405405405 0 0 0
0.105263157894737 0.473684210526316 0.245614035087719 0.175438596491228 0.140350877192982 0.526315789473684 0.649122807017544 0.0526315789473684 0 0.105263157894737 0.087719298245614 0.0526315789473684 0.087719298245614 0.087719298245614 0 0
0.0545454545454545 0.363636363636364 0.236363636363636 0.127272727272727 0.145454545454545 0.181818181818182 0.472727272727273 0.272727272727273 0.254545454545455 0.0363636363636364 0.0545454545454545 0.127272727272727 0.181818181818182 0.0181818181818182 0 0
0 0.0869565217391304 0.405797101449275 0.376811594202899 0.0579710144927536 0.202898550724638 0.144927536231884 0.246376811594203 0.405797101449275 0.304347826086957 0.246376811594203 0.0289855072463768 0.115942028985507 0.115942028985507 0.231884057971014 0.333333333333333
0.0422535211267606 0 0.154929577464789 0.47887323943662 0.211267605633803 0.28169014084507 0.197183098591549 0.211267605633803 0.366197183098592 0.591549295774648 0.309859154929577 0.0704225352112676 0.0140845070422535 0.0563380281690141 0.0845070422535211 0.112676056338028
0.0178571428571429 0.0357142857142857 0 0.0714285714285714 0.196428571428571 0.446428571428571 0.0178571428571429 0.0892857142857143 0.0535714285714286 0.178571428571429 0.482142857142857 0.160714285714286 0 0 0 0
0 0 0 0.0227272727272727 0.0681818181818182 0.159090909090909 0.0909090909090909 0 0.0227272727272727 0.0227272727272727 0.340909090909091 0.5 0.159090909090909 0 0 0.136363636363636
0 0.0952380952380952 0 0 0 0.119047619047619 0.119047619047619 0.142857142857143 0.0476190476190476 0 0.0476190476190476 0.571428571428571 0.285714285714286 0.0238095238095238 0 0
0 0.0384615384615385 0.0384615384615385 0.153846153846154 0.0769230769230769 0.115384615384615 0.192307692307692 0.384615384615385 0.384615384615385 0.153846153846154 0.0769230769230769 0 0 0.269230769230769 0 0
0 0.0666666666666667 0.0666666666666667 0.0666666666666667 0.2 0 0.4 0.4 0.333333333333333 0.466666666666667 0.2 0 0 0.0666666666666667 0.0666666666666667 0
0 0.133333333333333 0 0.266666666666667 0.266666666666667 0.133333333333333 0.133333333333333 0.133333333333333 0.4 0.333333333333333 0.266666666666667 0.133333333333333 0 0 0 0.0666666666666667
