0.185185185185185 0.555555555555556 0.222222222222222 1 1.81481481481481 2.44444444444444 2.07407407407407 0.222222222222222 0.333333333333333 1.22222222222222 1.33333333333333 1.14814814814815 1.2962962962963 0.222222222222222 0.185185185185185 0.444444444444444
0.126760563380282 0.605633802816901 0.338028169014085 0.661971830985915 0.830985915492958 2.46478873239437 2.90140845070423 1 1.04225352112676 0.704225352112676 0.647887323943662 1.1830985915493 1.19718309859155 0.197183098591549 0.126760563380282 0.169014084507042
0.144736842105263 0.473684210526316 0.631578947368421 0.565789473684211 0.263157894736842 1.25 1.64473684210526 1.93421052631579 2 0.671052631578947 0.644736842105263 0.644736842105263 0.960526315789474 0.289473684210526 0.289473684210526 0.355263157894737
0.130434782608696 0.695652173913043 0.985507246376812 1.40579710144928 1.39130434782609 1.33333333333333 1.2463768115942 2 2.65217391304348 1.97101449275362 1.81159420289855 0.507246376811594 0.536231884057971 0.318840579710145 0.391304347826087 0.681159420289855
0.464285714285714 1.05357142857143 0.714285714285714 1.125 1.60714285714286 1.94642857142857 1.625 0.982142857142857 1.23214285714286 1.76785714285714 1.94642857142857 0.714285714285714 0.875 0.321428571428571 0.178571428571429 0.553571428571429
0.797297297297297 1.78378378378378 0.851351351351351 1.28378378378378 1.55405405405405 3.56756756756757 3.48648648648649 0.932432432432432 0.986486486486487 1.25675675675676 1.55405405405405 1.05405405405405 1.12162162162162 0.0945945945945946 0.0945945945945946 0.202702702702703
0.385964912280702 1.24561403508772 1.08771929824561 1.31578947368421 1.05263157894737 4.21052631578947 3.92982456140351 1.42105263157895 1.29824561403509 0.947368421052632 0.964912280701754 1.80701754385965 1.35087719298246 0.368421052631579 0.245614035087719 0.385964912280702
0.309090909090909 0.781818181818182 1.2 1.2 1.25454545454545 2.10909090909091 2 2.14545454545455 1.70909090909091 0.690909090909091 0.418181818181818 0.909090909090909 0.909090909090909 0.109090909090909 0.0909090909090909 0.272727272727273
0.405797101449275 0.91304347826087 2.33333333333333 2 1.26086956521739 1.63768115942029 1.52173913043478 2.82608695652174 3.15942028985507 1.84057971014493 1.50724637681159 0.869565217391304 0.826086956521739 0.855072463768116 0.840579710144927 1.72463768115942
0.338028169014085 0.746478873239437 1.30985915492958 2.04225352112676 1.77464788732394 2.09859154929577 2.50704225352113 2.7887323943662 2.63380281690141 2.71830985915493 3.1830985915493 0.394366197183099 0.23943661971831 0.605633802816901 0.647887323943662 1.35211267605634
0.214285714285714 0.303571428571429 0.232142857142857 1.05357142857143 1.26785714285714 2.76785714285714 2.57142857142857 1.21428571428571 1 2.32142857142857 2.35714285714286 1.28571428571429 1.44642857142857 0.25 0.196428571428571 0.339285714285714
0.318181818181818 0.727272727272727 0.454545454545455 0.636363636363636 0.636363636363636 2.29545454545455 1.90909090909091 0.431818181818182 0.386363636363636 1.29545454545455 1.70454545454545 1.61363636363636 1.65909090909091 0.136363636363636 0.0227272727272727 0.204545454545455
0.142857142857143 0.30952380952381 0.619047619047619 0.261904761904762 0.404761904761905 1.71428571428571 1.9047619047619 1.11904761904762 0.976190476190476 0.904761904761905 0.785714285714286 1.88095238095238 1.42857142857143 0.0952380952380952 0.0238095238095238 0.238095238095238
0.307692307692308 0.615384615384615 0.807692307692308 0.653846153846154 0.615384615384615 0.769230769230769 1.73076923076923 2.61538461538462 2 0.807692307692308 0.615384615384615 0.730769230769231 0.923076923076923 0.653846153846154 0.576923076923077 1.03846153846154
0.133333333333333 0.2 1.13333333333333 2.53333333333333 1.46666666666667 0.533333333333333 1.06666666666667 2.33333333333333 3.2 1.53333333333333 1.6 0 0 0.466666666666667 0.2 1.06666666666667
0 0.133333333333333 0.133333333333333 1.53333333333333 1.2 0.466666666666667 0.2 1.6 0.933333333333333 2.06666666666667 1.86666666666667 0.6 0.2 0.0666666666666667 0.2 0.2
