0.222222222222222 0.37037037037037 0.111111111111111 0.851851851851852 1.40740740740741 2.22222222222222 2.03703703703704 0.185185185185185 0.222222222222222 1 0.703703703703704 1.18518518518519 1.07407407407407 0.222222222222222 0.296296296296296 0.333333333333333
0.230769230769231 0.604395604395604 0.373626373626374 0.725274725274725 0.747252747252747 2.6043956043956 2.85714285714286 1.17582417582418 0.824175824175824 0.824175824175824 1.07692307692308 1.18681318681319 1.28571428571429 0.208791208791209 0.120879120879121 0.263736263736264
0.232142857142857 1 0.571428571428571 1.03571428571429 0.589285714285714 1.08928571428571 1.41071428571429 2.21428571428571 2.82142857142857 1.14285714285714 0.982142857142857 0.875 0.785714285714286 0.5 0.321428571428571 0.678571428571429
0.246376811594203 0.855072463768116 0.695652173913043 1.81159420289855 1.50724637681159 1.50724637681159 1.02898550724638 2.04347826086957 2.43478260869565 1.63768115942029 1.47826086956522 0.782608695652174 0.478260869565217 0.304347826086957 0.391304347826087 0.536231884057971
0.482142857142857 1.17857142857143 0.535714285714286 2.625 2.89285714285714 1.67857142857143 1.26785714285714 1.21428571428571 1.51785714285714 1.58928571428571 1.41071428571429 0.946428571428571 0.589285714285714 0.321428571428571 0.160714285714286 0.410714285714286
0.635135135135135 1.54054054054054 0.324324324324324 1.16216216216216 1.51351351351351 2.75675675675676 2.48648648648649 0.743243243243243 0.5 1.22972972972973 1.31081081081081 1.58108108108108 1.12162162162162 0.121621621621622 0.0675675675675676 0.283783783783784
0.578947368421053 1.35087719298246 0.894736842105263 1.01754385964912 0.771929824561403 3.3859649122807 3.98245614035088 1.42105263157895 1.01754385964912 0.631578947368421 0.929824561403509 1.29824561403509 1.56140350877193 0.491228070175439 0.192982456140351 0.368421052631579
0.290909090909091 1.49090909090909 1.03636363636364 0.890909090909091 0.872727272727273 1.36363636363636 1.65454545454545 1.72727272727273 1.76363636363636 0.490909090909091 0.290909090909091 0.709090909090909 0.963636363636364 0.109090909090909 0.2 0.436363636363636
0.260869565217391 1.34782608695652 1.53623188405797 1.44927536231884 0.942028985507246 1.23188405797101 1.40579710144928 2.21739130434783 2.26086956521739 0.463768115942029 0.579710144927536 0.898550724637681 1.15942028985507 0.768115942028985 0.478260869565217 1.23188405797101
0.380281690140845 1.2112676056338 1.22535211267606 2.40845070422535 1.64788732394366 1.74647887323944 1.54929577464789 2.02816901408451 2.1830985915493 3.32394366197183 2.8169014084507 0.746478873239437 0.591549295774648 0.661971830985915 0.816901408450704 1.66197183098592
0.178571428571429 0.642857142857143 0.232142857142857 1.125 1.08928571428571 1.92857142857143 1.875 1.30357142857143 1.23214285714286 1.78571428571429 2.25 1.5 1.21428571428571 0.339285714285714 0.321428571428571 0.642857142857143
0.409090909090909 1.04545454545455 0.909090909090909 0.909090909090909 0.704545454545455 1.97727272727273 2.09090909090909 0.613636363636364 0.681818181818182 1.65909090909091 0.977272727272727 2.34090909090909 1.79545454545455 0.227272727272727 0.159090909090909 0.704545454545455
0.142857142857143 0.761904761904762 0.738095238095238 0.642857142857143 0.547619047619048 1.54761904761905 1.4047619047619 1.19047619047619 1.35714285714286 0.761904761904762 0.904761904761905 1.9047619047619 1.64285714285714 0.0714285714285714 0.0952380952380952 0.0952380952380952
0.230769230769231 0.769230769230769 0.461538461538462 0.653846153846154 0.538461538461538 1.11538461538462 1.84615384615385 1.69230769230769 2.61538461538462 1.03846153846154 0.769230769230769 1.15384615384615 1.26923076923077 0.538461538461538 0.538461538461538 0.884615384615385
0 0.333333333333333 0.0666666666666667 0.6 0.4 0.6 0.866666666666667 1.26666666666667 1.13333333333333 1.26666666666667 1.53333333333333 0.333333333333333 0.266666666666667 0.2 0.266666666666667 0.533333333333333
0.0666666666666667 0.2 0 0.533333333333333 0.733333333333333 0.533333333333333 0.466666666666667 0.4 0.933333333333333 2.8 2.46666666666667 0.533333333333333 0.266666666666667 0.266666666666667 0.133333333333333 0.933333333333333
