0 0.037037037037037 0 0.0740740740740741 0.703703703703704 0.518518518518518 0.518518518518518 0 0 0.222222222222222 0.148148148148148 0.148148148148148 0.148148148148148 0 0.0740740740740741 0
0 0.0769230769230769 0.021978021978022 0.043956043956044 0.153846153846154 0.45054945054945 0.824175824175824 0.318681318681319 0.0769230769230769 0.0549450549450549 0.10989010989011 0.142857142857143 0.186813186813187 0.021978021978022 0.010989010989011 0
0 0 0 0.0178571428571429 0.0535714285714286 0.0714285714285714 0.375 0.410714285714286 0.375 0.357142857142857 0.107142857142857 0 0.178571428571429 0.0714285714285714 0.0178571428571429 0
0.101449275362319 0.0144927536231884 0.0144927536231884 0.217391304347826 0.0289855072463768 0.144927536231884 0.0579710144927536 0.217391304347826 0.768115942028985 0.434782608695652 0.231884057971014 0 0 0.0144927536231884 0.072463768115942 0.0434782608695652
0.107142857142857 0.196428571428571 0.0178571428571429 0.821428571428571 1.05357142857143 0.732142857142857 0.714285714285714 0.178571428571429 0.178571428571429 0.267857142857143 0.428571428571428 0.142857142857143 0.107142857142857 0 0 0
0.256756756756757 0.27027027027027 0.0405405405405405 0.0810810810810811 0.310810810810811 0.945945945945946 0.202702702702703 0.121621621621622 0.0945945945945946 0.189189189189189 0.0675675675675676 0.337837837837838 0.108108108108108 0 0 0
0.0526315789473684 0.631578947368421 0.192982456140351 0.157894736842105 0.192982456140351 0.912280701754386 1.15789473684211 0.157894736842105 0 0.0526315789473684 0.087719298245614 0.0350877192982456 0.0701754385964912 0.0701754385964912 0 0
0.0363636363636364 0.454545454545454 0.127272727272727 0.0545454545454545 0.163636363636364 0.309090909090909 0.363636363636364 0.436363636363636 0.254545454545455 0.0181818181818182 0.0545454545454545 0 0.0909090909090909 0 0.0363636363636364 0.0727272727272727
0 0.0869565217391304 0.391304347826087 0.391304347826087 0.072463768115942 0.115942028985507 0.115942028985507 0.231884057971014 0.550724637681159 0.956521739130435 0.811594202898551 0.0144927536231884 0.173913043478261 0.623188405797101 0.536231884057971 1.27536231884058
0 0 0.0563380281690141 0.464788732394366 0.183098591549296 0.154929577464789 0.112676056338028 0.0845070422535211 0.183098591549296 0.591549295774648 0.295774647887324 0.028169014084507 0 0.183098591549296 0.183098591549296 0.126760563380282
0.0357142857142857 0.142857142857143 0 0.125 0.232142857142857 0.285714285714286 0.0178571428571429 0.0892857142857143 0.0535714285714286 0.160714285714286 0.517857142857143 0.107142857142857 0.0357142857142857 0 0 0
0.0227272727272727 0.0681818181818182 0 0 0.0454545454545454 0.477272727272727 0.181818181818182 0 0 0.0909090909090909 0.204545454545455 0.590909090909091 0.113636363636364 0 0 0.113636363636364
0 0.119047619047619 0 0 0 0.0238095238095238 0.119047619047619 0.142857142857143 0.0476190476190476 0 0.0952380952380952 0.380952380952381 0.357142857142857 0 0 0
0 0 0.153846153846154 0.115384615384615 0.0384615384615385 0.0769230769230769 0.346153846153846 0.461538461538461 0.384615384615385 0.0384615384615385 0.0384615384615385 0.153846153846154 0.269230769230769 0.192307692307692 0 0
0 0.133333333333333 0 0.0666666666666667 0.4 0 0.2 0.133333333333333 0.333333333333333 0.533333333333333 0.4 0 0 0.0666666666666667 0.0666666666666667 0
0 0 0 0.4 0.133333333333333 0 0 0.266666666666667 0.266666666666667 0.133333333333333 0 0.333333333333333 0 0 0 0.2
