0 0.0740740740740741 0 0.037037037037037 0.851851851851852 0.814814814814815 0.296296296296296 0 0 0.111111111111111 0.111111111111111 0.111111111111111 0.037037037037037 0 0.037037037037037 0
0 0.120879120879121 0.021978021978022 0.010989010989011 0.274725274725275 0.384615384615385 0.736263736263736 0.307692307692308 0.032967032967033 0.0549450549450549 0.10989010989011 0.0769230769230769 0.0769230769230769 0.021978021978022 0.010989010989011 0
0 0 0 0.0178571428571429 0.0714285714285714 0.0714285714285714 0.482142857142857 0.571428571428571 0.410714285714286 0.214285714285714 0.0535714285714286 0 0.0714285714285714 0.0714285714285714 0.0178571428571429 0
0.0289855072463768 0.0289855072463768 0 0.246376811594203 0.304347826086957 0.144927536231884 0.0579710144927536 0.246376811594203 0.652173913043478 0.608695652173913 0.27536231884058 0.0579710144927536 0 0 0.0289855072463768 0.0144927536231884
0.196428571428571 0.267857142857143 0 0.392857142857143 0.767857142857143 0.839285714285714 1.08928571428571 0.25 0.232142857142857 0.178571428571429 0.160714285714286 0.125 0.0714285714285714 0 0 0
0.148648648648649 0.459459459459459 0.027027027027027 0.027027027027027 0.445945945945946 0.756756756756757 0.418918918918919 0.0810810810810811 0.027027027027027 0.121621621621622 0.108108108108108 0.243243243243243 0.108108108108108 0 0 0
0.105263157894737 0.526315789473684 0.192982456140351 0.421052631578947 0.403508771929825 1.24561403508772 1.2280701754386 0.140350877192982 0 0.192982456140351 0.175438596491228 0.105263157894737 0.157894736842105 0.0526315789473684 0 0
0.0909090909090909 0.381818181818182 0.163636363636364 0.2 0.254545454545455 0.254545454545455 0.436363636363636 0.4 0.2 0.0545454545454545 0.0545454545454545 0.127272727272727 0.236363636363636 0.0909090909090909 0.0181818181818182 0.0545454545454545
0 0.159420289855072 0.304347826086957 0.492753623188406 0.0434782608695652 0.144927536231884 0.27536231884058 0.231884057971014 0.565217391304348 0.463768115942029 0.36231884057971 0.072463768115942 0.115942028985507 0.333333333333333 0.318840579710145 0.652173913043478
0.0140845070422535 0.028169014084507 0.154929577464789 0.408450704225352 0.211267605633803 0.253521126760563 0.225352112676056 0.28169014084507 0.394366197183099 0.52112676056338 0.197183098591549 0.0845070422535211 0.0140845070422535 0.0563380281690141 0.0563380281690141 0.140845070422535
0.0535714285714286 0.0535714285714286 0 0.0714285714285714 0.303571428571429 0.339285714285714 0 0.142857142857143 0.0178571428571429 0.25 0.321428571428571 0.392857142857143 0.0357142857142857 0 0 0
0 0.0909090909090909 0 0.0227272727272727 0.204545454545455 0.25 0.0909090909090909 0.0227272727272727 0.0454545454545455 0.0227272727272727 0.340909090909091 0.5 0.0909090909090909 0 0 0.136363636363636
0 0.166666666666667 0 0 0 0.238095238095238 0.261904761904762 0.0952380952380952 0 0 0.0714285714285714 0.619047619047619 0.30952380952381 0 0 0
0 0.153846153846154 0.0384615384615385 0.192307692307692 0.0769230769230769 0.192307692307692 0.461538461538462 0.346153846153846 0.307692307692308 0.115384615384615 0.0384615384615385 0.115384615384615 0.192307692307692 0.153846153846154 0 0
0 0.0666666666666667 0.133333333333333 0.133333333333333 0.266666666666667 0 0.266666666666667 0.333333333333333 0.466666666666667 0.333333333333333 0.466666666666667 0 0 0.133333333333333 0.0666666666666667 0
0 0.133333333333333 0 0.466666666666667 0 0.133333333333333 0.133333333333333 0.266666666666667 0.4 0.533333333333333 0 0.2 0 0 0 0.0666666666666667
