0.185185185185185 0.407407407407407 0.148148148148148 0.925925925925926 1.25925925925926 2.33333333333333 1.44444444444444 0.259259259259259 0.148148148148148 0.888888888888889 0.62962962962963 1.59259259259259 1.03703703703704 0.37037037037037 0.259259259259259 0.222222222222222
0.225352112676056 0.408450704225352 0.352112676056338 0.535211267605634 0.859154929577465 2.52112676056338 2.92957746478873 1.30985915492958 0.76056338028169 0.507042253521127 0.619718309859155 1.54929577464789 1.52112676056338 0.0563380281690141 0.028169014084507 0.112676056338028
0.184210526315789 0.526315789473684 1.09210526315789 0.776315789473684 0.526315789473684 1.19736842105263 1.44736842105263 2.30263157894737 2.07894736842105 1.15789473684211 0.907894736842105 0.578947368421053 0.947368421052631 0.513157894736842 0.460526315789474 0.56578947368421
0.260869565217391 0.63768115942029 0.855072463768116 1.72463768115942 1.3768115942029 1.27536231884058 1.60869565217391 2.02898550724638 2.57971014492754 1.84057971014493 1.47826086956522 0.666666666666667 0.869565217391304 0.231884057971014 0.347826086956522 0.492753623188406
0.464285714285714 1.16071428571429 0.482142857142857 1.73214285714286 1.82142857142857 2 1.66071428571429 1.14285714285714 1.125 2.14285714285714 1.98214285714286 0.982142857142857 1.01785714285714 0.392857142857143 0.25 0.696428571428571
1.08108108108108 2.89189189189189 0.621621621621621 1.22972972972973 1.45945945945946 4.01351351351351 3.78378378378378 0.878378378378378 0.918918918918919 1.39189189189189 1.7972972972973 1.41891891891892 1.13513513513513 0.0810810810810811 0.108108108108108 0.243243243243243
0.56140350877193 1.3859649122807 0.807017543859649 1.45614035087719 1.49122807017544 5.03508771929824 5.49122807017544 1.82456140350877 1.63157894736842 0.947368421052631 1.29824561403509 1.92982456140351 1.82456140350877 0.421052631578947 0.280701754385965 0.298245614035088
0.418181818181818 1.01818181818182 1.54545454545455 1.05454545454545 0.690909090909091 2.47272727272727 2.32727272727273 2.2 2.14545454545455 0.472727272727273 0.654545454545454 1.2 0.963636363636364 0.127272727272727 0.2 0.381818181818182
0.27536231884058 0.91304347826087 2 1.91304347826087 1.05797101449275 1.40579710144928 1.42028985507246 2.65217391304348 2.81159420289855 1.27536231884058 1.34782608695652 0.927536231884058 0.811594202898551 0.550724637681159 0.550724637681159 1.31884057971014
0.492957746478873 1.33802816901408 1.66197183098592 2.35211267605634 2.04225352112676 1.91549295774648 1.57746478873239 2.08450704225352 2.01408450704225 3.08450704225352 2.7887323943662 0.633802816901408 0.507042253521127 0.971830985915493 0.901408450704225 1.92957746478873
0.142857142857143 0.446428571428571 0.267857142857143 1.21428571428571 1.32142857142857 2.33928571428571 3.14285714285714 1.375 1.39285714285714 2.89285714285714 2.35714285714286 2.05357142857143 1.85714285714286 0.232142857142857 0.160714285714286 0.464285714285714
0.5 0.909090909090909 0.295454545454545 0.909090909090909 1.02272727272727 1.88636363636364 1.88636363636364 0.590909090909091 0.431818181818182 0.704545454545454 1.11363636363636 1.79545454545455 1.29545454545455 0.295454545454545 0.227272727272727 0.681818181818182
0.119047619047619 0.333333333333333 0.5 0.547619047619048 0.476190476190476 1.59523809523809 1.57142857142857 0.904761904761905 0.738095238095238 0.571428571428571 0.833333333333333 1.66666666666667 1.5 0.19047619047619 0.0952380952380952 0.166666666666667
0.346153846153846 0.461538461538461 0.538461538461538 1.11538461538462 0.5 0.884615384615384 1.46153846153846 2.11538461538461 1.26923076923077 0.769230769230769 0.307692307692308 0.307692307692308 0.346153846153846 0.730769230769231 0.346153846153846 0.730769230769231
0.266666666666667 0.8 1.4 1.13333333333333 0.533333333333333 0.866666666666667 1.2 2.6 2.46666666666667 1 1.33333333333333 0.266666666666667 0.533333333333333 0.933333333333333 0.866666666666667 1.2
0.4 0.866666666666667 0.133333333333333 0.866666666666667 0.733333333333333 1.4 1.13333333333333 0.733333333333333 1.26666666666667 1.93333333333333 1 0.6 0.266666666666667 0.0666666666666667 0 0.4
