0 0.037037037037037 0 0.037037037037037 0.851851851851852 0.851851851851852 0.148148148148148 0 0 0.185185185185185 0.111111111111111 0.148148148148148 0.0740740740740741 0 0.037037037037037 0
0 0 0.010989010989011 0 0.0989010989010989 0.703296703296703 0.758241758241758 0.241758241758242 0.032967032967033 0.0879120879120879 0.175824175824176 0.120879120879121 0.10989010989011 0.010989010989011 0.010989010989011 0
0 0 0 0.0178571428571429 0.0535714285714286 0.107142857142857 0.357142857142857 0.464285714285714 0.5 0.392857142857143 0.0178571428571429 0 0.125 0.125 0.0357142857142857 0
0.0289855072463768 0 0.0434782608695652 0.130434782608696 0.072463768115942 0.0579710144927536 0.115942028985507 0.333333333333333 0.405797101449275 0.579710144927536 0.333333333333333 0.0289855072463768 0 0 0.0434782608695652 0
0.125 0.160714285714286 0 0.589285714285714 0.642857142857143 0.589285714285714 0.660714285714286 0.107142857142857 0.178571428571429 0.232142857142857 0.357142857142857 0.0892857142857143 0.0714285714285714 0 0 0
0.162162162162162 0.405405405405405 0.0945945945945946 0.148648648648649 0.418918918918919 0.581081081081081 0.364864864864865 0.0405405405405405 0.0405405405405405 0.121621621621622 0.0810810810810811 0.27027027027027 0.135135135135135 0 0 0
0.175438596491228 0.491228070175439 0.175438596491228 0.140350877192982 0.140350877192982 1.98245614035088 1.71929824561404 0.210526315789474 0 0.105263157894737 0.0701754385964912 0.087719298245614 0.105263157894737 0.0701754385964912 0 0
0.0181818181818182 0.436363636363636 0.272727272727273 0.0909090909090909 0.381818181818182 0.290909090909091 0.418181818181818 0.436363636363636 0.218181818181818 0.0545454545454545 0.0363636363636364 0.0181818181818182 0.181818181818182 0.0181818181818182 0.0363636363636364 0
0 0.144927536231884 0.333333333333333 0.318840579710145 0.159420289855072 0.202898550724638 0.246376811594203 0.27536231884058 0.463768115942029 0.27536231884058 0.173913043478261 0.0289855072463768 0.144927536231884 0.246376811594203 0.115942028985507 0.347826086956522
0.028169014084507 0.0422535211267606 0.0845070422535211 0.47887323943662 0.309859154929577 0.211267605633803 0.0563380281690141 0.338028169014085 0.47887323943662 0.549295774647887 0.309859154929577 0.0704225352112676 0 0.112676056338028 0.154929577464789 0.197183098591549
0.0892857142857143 0.107142857142857 0 0.125 0.321428571428571 0.303571428571429 0 0.178571428571429 0.0357142857142857 0.375 0.357142857142857 0.25 0.0357142857142857 0 0 0
0.0227272727272727 0.0681818181818182 0 0.0227272727272727 0.113636363636364 0.181818181818182 0.113636363636364 0.0681818181818182 0.0454545454545455 0.113636363636364 0.386363636363636 0.409090909090909 0.113636363636364 0 0 0.0909090909090909
0 0.0714285714285714 0 0 0 0 0.142857142857143 0.0952380952380952 0.0952380952380952 0 0.119047619047619 0.285714285714286 0.357142857142857 0.0238095238095238 0 0
0.0769230769230769 0.0769230769230769 0.192307692307692 0.153846153846154 0.0769230769230769 0.115384615384615 0.423076923076923 0.423076923076923 0.384615384615385 0.192307692307692 0.0769230769230769 0 0.115384615384615 0.346153846153846 0 0
0 0.133333333333333 0.2 0 0.133333333333333 0 0.133333333333333 0.133333333333333 0.266666666666667 0.666666666666667 0.333333333333333 0 0 0 0 0
0 0.0666666666666667 0 0.333333333333333 0.133333333333333 0.0666666666666667 0.0666666666666667 0.333333333333333 0.466666666666667 0.266666666666667 0 0.2 0 0 0 0.0666666666666667
