0.111111111111111 0.37037037037037 0.111111111111111 0.925925925925926 1.85185185185185 1.74074074074074 1.44444444444444 0.296296296296296 0 1.07407407407407 0.62962962962963 1.22222222222222 0.925925925925926 0.222222222222222 0.185185185185185 0.259259259259259
0.112676056338028 0.605633802816901 0.197183098591549 0.47887323943662 0.732394366197183 2.71830985915493 2.43661971830986 0.957746478873239 0.647887323943662 0.633802816901408 0.845070422535211 0.971830985915493 1.19718309859155 0.0563380281690141 0 0.0704225352112676
0.144736842105263 0.473684210526316 0.75 0.447368421052632 0.368421052631579 1.05263157894737 1.61842105263158 2 1.93421052631579 1.34210526315789 1.40789473684211 0.526315789473684 0.644736842105263 0.513157894736842 0.328947368421053 0.815789473684211
0.173913043478261 0.72463768115942 0.971014492753623 1.63768115942029 1.76811594202899 1.02898550724638 0.971014492753623 2.39130434782609 2.46376811594203 1.7536231884058 1.57971014492754 0.869565217391304 0.811594202898551 0.391304347826087 0.391304347826087 0.768115942028985
0.589285714285714 1.16071428571429 0.660714285714286 2.08928571428571 2.14285714285714 1.25 1.66071428571429 1.125 1.30357142857143 2.125 2 1.48214285714286 1.125 0.321428571428571 0.0178571428571429 0.303571428571429
0.864864864864865 1.91891891891892 0.635135135135135 0.959459459459459 1.33783783783784 3.58108108108108 3.5 0.986486486486487 0.905405405405405 1.33783783783784 1.37837837837838 1.52702702702703 1.22972972972973 0.135135135135135 0.121621621621622 0.202702702702703
0.56140350877193 1.31578947368421 1.3859649122807 1.07017543859649 0.736842105263158 3.63157894736842 3.85964912280702 1.07017543859649 0.543859649122807 0.824561403508772 0.842105263157895 1.14035087719298 1.66666666666667 0.228070175438596 0.140350877192982 0.263157894736842
0.436363636363636 1.21818181818182 1.65454545454545 1.29090909090909 1.03636363636364 2.10909090909091 2.58181818181818 2.32727272727273 2.32727272727273 0.563636363636364 0.727272727272727 1.70909090909091 1.6 0.272727272727273 0.0545454545454545 0.581818181818182
0.507246376811594 0.985507246376812 2.68115942028985 1.95652173913043 1.11594202898551 1.88405797101449 1.47826086956522 2.82608695652174 2.84057971014493 1.04347826086957 1.05797101449275 0.985507246376812 1.14492753623188 0.507246376811594 0.492753623188406 1.26086956521739
0.422535211267606 1.16901408450704 1.67605633802817 2.43661971830986 1.94366197183099 2.56338028169014 1.92957746478873 2.29577464788732 2.92957746478873 2.95774647887324 2.46478873239437 0.704225352112676 0.563380281690141 0.943661971830986 0.859154929577465 1.38028169014085
0.125 0.285714285714286 0.375 0.928571428571429 0.946428571428571 2.35714285714286 1.82142857142857 1.25 1.64285714285714 1.58928571428571 2 1.78571428571429 1.30357142857143 0.517857142857143 0.303571428571429 0.607142857142857
0.136363636363636 0.363636363636364 0.409090909090909 0.318181818181818 0.727272727272727 2.09090909090909 2.11363636363636 0.613636363636364 0.477272727272727 1.52272727272727 1.20454545454545 1.38636363636364 1.04545454545455 0.227272727272727 0.136363636363636 0.363636363636364
0.333333333333333 0.833333333333333 0.666666666666667 0.547619047619048 0.380952380952381 1.88095238095238 2.0952380952381 1 1 0.785714285714286 0.80952380952381 2.45238095238095 1.95238095238095 0.357142857142857 0.0476190476190476 0.30952380952381
0.307692307692308 0.923076923076923 0.692307692307692 0.538461538461538 0.615384615384615 1.15384615384615 1.46153846153846 1.46153846153846 1.42307692307692 0.5 0.346153846153846 0.115384615384615 0.346153846153846 0.769230769230769 0.461538461538462 1.23076923076923
0.133333333333333 0.4 0.666666666666667 1 0.533333333333333 1.13333333333333 1.46666666666667 1.13333333333333 1.26666666666667 1.73333333333333 1.73333333333333 0.333333333333333 0.4 0.466666666666667 0.0666666666666667 1.2
0.6 1.53333333333333 0.2 0.6 0.933333333333333 2.26666666666667 2 0 0.133333333333333 2.33333333333333 2.13333333333333 0.266666666666667 0.4 0.0666666666666667 0.2 0.133333333333333
