0.333333333333333 0.777777777777778 0.111111111111111 1.40740740740741 2.03703703703704 2.51851851851852 1.92592592592593 0.37037037037037 0.259259259259259 1.51851851851852 1.81481481481481 1.07407407407407 0.814814814814815 0.111111111111111 0.111111111111111 0.37037037037037
0.186813186813187 0.593406593406593 0.439560439560439 0.758241758241758 0.813186813186813 2.92307692307692 2.98901098901099 1.46153846153846 1.02197802197802 0.769230769230769 0.835164835164835 1.65934065934066 1.91208791208791 0.21978021978022 0.010989010989011 0.186813186813187
0.0892857142857143 0.392857142857143 0.357142857142857 0.392857142857143 0.375 1 1.53571428571429 2.10714285714286 2.30357142857143 1.05357142857143 0.928571428571428 0.803571428571428 0.660714285714286 0.303571428571428 0.267857142857143 0.482142857142857
0.173913043478261 0.855072463768116 0.72463768115942 1.95652173913043 1.72463768115942 1.14492753623188 1.21739130434783 2.57971014492754 2.6231884057971 1.53623188405797 1.3768115942029 0.753623188405797 0.536231884057971 0.36231884057971 0.217391304347826 0.63768115942029
0.571428571428571 1.66071428571429 0.482142857142857 1.80357142857143 2.60714285714286 1.60714285714286 1.30357142857143 1.125 1.08928571428571 2.07142857142857 1.94642857142857 0.892857142857143 0.732142857142857 0.25 0.25 0.392857142857143
1.13513513513513 2.36486486486486 0.391891891891892 1.2972972972973 1.64864864864865 3.86486486486486 3.48648648648649 0.945945945945946 0.932432432432432 1.2972972972973 1.16216216216216 1.72972972972973 1.17567567567568 0.0945945945945946 0.148648648648649 0.22972972972973
0.543859649122807 1.84210526315789 0.894736842105263 0.842105263157895 0.771929824561403 4.49122807017544 4.10526315789474 0.964912280701754 0.736842105263158 0.912280701754386 0.947368421052631 1.33333333333333 1.47368421052632 0.210526315789474 0.12280701754386 0.157894736842105
0.345454545454545 1.61818181818182 0.727272727272727 0.981818181818182 0.963636363636364 2.18181818181818 1.83636363636364 2.61818181818182 2.70909090909091 0.527272727272727 0.381818181818182 1.63636363636364 1.38181818181818 0.345454545454545 0.163636363636364 0.218181818181818
0.550724637681159 1.79710144927536 2.27536231884058 1.60869565217391 1.02898550724638 1.65217391304348 1.40579710144928 2.95652173913043 3.10144927536232 1.68115942028985 1.34782608695652 0.942028985507246 0.826086956521739 0.855072463768116 0.72463768115942 2.11594202898551
0.549295774647887 1.40845070422535 1.02816901408451 2.50704225352113 2.16901408450704 1.77464788732394 1.42253521126761 1.98591549295775 2.11267605633803 3.88732394366197 3.07042253521127 1.14084507042254 0.507042253521127 0.943661971830986 0.859154929577465 1.69014084507042
0.142857142857143 0.375 0.232142857142857 1.16071428571429 1.08928571428571 2.08928571428571 1.71428571428571 1.28571428571429 1.39285714285714 2.26785714285714 2.35714285714286 1.75 1.57142857142857 0.339285714285714 0.0892857142857143 0.446428571428571
0.181818181818182 0.522727272727273 0.25 0.568181818181818 0.477272727272727 1.63636363636364 1.81818181818182 0.545454545454545 0.340909090909091 0.727272727272727 1 1.34090909090909 0.886363636363636 0.113636363636364 0.0909090909090909 0.363636363636364
0.261904761904762 0.738095238095238 0.357142857142857 0.5 0.333333333333333 1.30952380952381 1.52380952380952 1.5 1.28571428571429 0.69047619047619 0.952380952380952 1.97619047619048 1.78571428571429 0.0238095238095238 0.119047619047619 0.333333333333333
0.153846153846154 0.461538461538461 0.846153846153846 1.11538461538462 0.884615384615384 0.961538461538461 1.61538461538462 2.19230769230769 2.11538461538461 1.23076923076923 1.11538461538462 0.692307692307692 1.11538461538462 0.5 0.423076923076923 0.615384615384615
0.0666666666666667 0.133333333333333 0.666666666666667 1 0.466666666666667 1 1 1.6 1.6 1.13333333333333 1.06666666666667 0.133333333333333 0.466666666666667 0.333333333333333 0.2 0.4
0.333333333333333 1 0.133333333333333 1.2 0.8 1.93333333333333 1.33333333333333 0.8 0.666666666666667 3.46666666666667 3.73333333333333 0.266666666666667 0 0.4 0.333333333333333 0.733333333333333
