0.222222222222222 0.444444444444444 0.148148148148148 1.55555555555556 2.07407407407407 2.14814814814815 1.66666666666667 0.444444444444444 0.259259259259259 1.85185185185185 1.92592592592593 0.851851851851852 0.62962962962963 0.222222222222222 0.444444444444444 0.407407407407407
0.309859154929577 0.71830985915493 0.619718309859155 0.929577464788732 1.04225352112676 3.35211267605634 2.98591549295775 1.16901408450704 0.901408450704225 0.661971830985915 0.676056338028169 1.77464788732394 1.95774647887324 0.140845070422535 0.112676056338028 0.197183098591549
0.263157894736842 0.434210526315789 1.10526315789474 0.565789473684211 0.381578947368421 1.43421052631579 2.02631578947368 2.17105263157895 2.27631578947368 1 1.05263157894737 0.710526315789474 0.842105263157895 0.539473684210526 0.381578947368421 0.789473684210526
0.27536231884058 0.826086956521739 1.14492753623188 1.2463768115942 1.21739130434783 1.27536231884058 1.40579710144928 2.6231884057971 2.82608695652174 1.91304347826087 1.71014492753623 0.608695652173913 0.666666666666667 0.289855072463768 0.463768115942029 0.811594202898551
0.446428571428571 1.41071428571429 0.589285714285714 1.64285714285714 1.96428571428571 1.75 1.73214285714286 1.35714285714286 1.42857142857143 2.17857142857143 1.78571428571429 0.678571428571429 0.517857142857143 0.267857142857143 0.214285714285714 0.446428571428571
0.864864864864865 1.90540540540541 0.486486486486487 1.12162162162162 1.24324324324324 3.54054054054054 2.66216216216216 1.05405405405405 0.878378378378378 1.21621621621622 1.16216216216216 1.2972972972973 0.905405405405405 0.0945945945945946 0.108108108108108 0.216216216216216
0.421052631578947 1.19298245614035 1.50877192982456 1.05263157894737 0.807017543859649 2.85964912280702 2.96491228070175 1.35087719298246 0.912280701754386 1.01754385964912 1.07017543859649 1.52631578947368 1.14035087719298 0.43859649122807 0.368421052631579 0.666666666666667
0.309090909090909 1.05454545454545 1.21818181818182 0.781818181818182 0.818181818181818 1.89090909090909 1.83636363636364 2.10909090909091 2.03636363636364 0.654545454545455 0.454545454545455 1.34545454545455 1.23636363636364 0.2 0.2 0.381818181818182
0.405797101449275 0.898550724637681 2.27536231884058 1.71014492753623 0.91304347826087 1.60869565217391 1.44927536231884 3.28985507246377 3.65217391304348 2.42028985507246 2.69565217391304 0.72463768115942 0.884057971014493 1.02898550724638 1.08695652173913 2.43478260869565
0.450704225352113 1.15492957746479 1.12676056338028 2.32394366197183 1.71830985915493 1.85915492957746 1.61971830985915 1.6056338028169 1.7887323943662 2.88732394366197 2.80281690140845 0.549295774647887 0.591549295774648 0.492957746478873 0.619718309859155 1.43661971830986
0.285714285714286 0.482142857142857 0.553571428571429 1.33928571428571 1.5 2.32142857142857 1.94642857142857 1.14285714285714 1.16071428571429 2.19642857142857 2.35714285714286 1.98214285714286 1.57142857142857 0.357142857142857 0.303571428571429 0.821428571428571
0.204545454545455 0.568181818181818 0.931818181818182 0.75 0.636363636363636 1.84090909090909 1.45454545454545 0.681818181818182 0.681818181818182 1.22727272727273 1.59090909090909 1.70454545454545 1.36363636363636 0.295454545454545 0.272727272727273 0.818181818181818
0.166666666666667 0.333333333333333 0.452380952380952 0.523809523809524 0.261904761904762 2.0952380952381 2.23809523809524 0.857142857142857 0.69047619047619 0.69047619047619 1 2.21428571428571 2.0952380952381 0.166666666666667 0.19047619047619 0.142857142857143
0.269230769230769 0.807692307692308 0.846153846153846 1.03846153846154 0.923076923076923 1.11538461538462 2.03846153846154 1.69230769230769 2.11538461538462 0.961538461538462 0.461538461538462 0.653846153846154 0.769230769230769 0.615384615384615 0.423076923076923 1.19230769230769
0.2 0.333333333333333 1.73333333333333 0.666666666666667 0.533333333333333 1.06666666666667 1.13333333333333 2.46666666666667 3.26666666666667 1.2 1.4 0.333333333333333 0.466666666666667 0.0666666666666667 0.466666666666667 0.6
0.266666666666667 0.933333333333333 0.466666666666667 1.06666666666667 1.13333333333333 1.53333333333333 1.4 0.666666666666667 0.533333333333333 2.86666666666667 2.73333333333333 0.6 0.333333333333333 0.2 0.333333333333333 0.8
