0 0.185185185185185 0 0.111111111111111 0.481481481481481 0.962962962962963 0.481481481481481 0 0 0.259259259259259 0.111111111111111 0.148148148148148 0.0740740740740741 0 0.111111111111111 0
0 0.0659340659340659 0 0.010989010989011 0.153846153846154 0.538461538461538 0.703296703296703 0.395604395604396 0 0.0769230769230769 0.120879120879121 0.10989010989011 0.142857142857143 0.043956043956044 0.010989010989011 0
0 0 0 0.0178571428571429 0.0357142857142857 0.0714285714285714 0.339285714285714 0.410714285714286 0.571428571428571 0.339285714285714 0.107142857142857 0 0.142857142857143 0.107142857142857 0.0357142857142857 0
0.0289855072463768 0 0.0289855072463768 0.115942028985507 0.0434782608695652 0.0579710144927536 0.101449275362319 0.27536231884058 0.608695652173913 0.376811594202899 0.289855072463768 0.072463768115942 0 0.0289855072463768 0.130434782608696 0.0579710144927536
0.178571428571429 0.25 0.0178571428571429 0.0714285714285714 0.553571428571429 0.857142857142857 0.375 0.178571428571429 0.321428571428571 0.267857142857143 0.321428571428571 0.196428571428571 0.0178571428571429 0 0 0
0.121621621621622 0.391891891891892 0.0405405405405405 0.108108108108108 0.581081081081081 0.662162162162162 0.445945945945946 0.027027027027027 0.0135135135135135 0.108108108108108 0.0945945945945946 0.121621621621622 0.0540540540540541 0 0 0
0.087719298245614 0.385964912280702 0.263157894736842 0.192982456140351 0.245614035087719 0.526315789473684 0.578947368421053 0.105263157894737 0 0.0175438596491228 0.0526315789473684 0.12280701754386 0.12280701754386 0.0175438596491228 0.0175438596491228 0
0.0363636363636364 0.363636363636364 0.236363636363636 0.327272727272727 0.345454545454545 0.363636363636364 0.727272727272727 0.527272727272727 0.309090909090909 0.127272727272727 0.109090909090909 0.109090909090909 0.254545454545455 0.0363636363636364 0.0909090909090909 0
0 0.0434782608695652 0.405797101449275 0.289855072463768 0.0869565217391304 0.115942028985507 0.173913043478261 0.144927536231884 0.405797101449275 0.318840579710145 0.159420289855072 0.0289855072463768 0.115942028985507 0.159420289855072 0.144927536231884 0.36231884057971
0.028169014084507 0 0.0422535211267606 0.422535211267606 0.309859154929577 0.169014084507042 0.112676056338028 0.140845070422535 0.338028169014085 0.492957746478873 0.211267605633803 0.0422535211267606 0 0.0845070422535211 0.0563380281690141 0.0563380281690141
0.0178571428571429 0.107142857142857 0 0.125 0.25 0.267857142857143 0.0357142857142857 0.0357142857142857 0.0714285714285714 0.160714285714286 0.482142857142857 0.285714285714286 0.0714285714285714 0 0 0
0.0454545454545455 0.0454545454545455 0 0.0454545454545455 0.0227272727272727 0.181818181818182 0.159090909090909 0.0227272727272727 0.0227272727272727 0.0454545454545455 0.295454545454545 0.454545454545455 0.204545454545455 0 0 0.136363636363636
0 0.0476190476190476 0 0 0 0.0952380952380952 0.19047619047619 0.19047619047619 0.0476190476190476 0 0.0476190476190476 0.428571428571429 0.357142857142857 0.0476190476190476 0 0
0 0.115384615384615 0.0384615384615385 0.115384615384615 0.0769230769230769 0.115384615384615 0.346153846153846 0.384615384615385 0.346153846153846 0.269230769230769 0.0769230769230769 0.115384615384615 0.0384615384615385 0.269230769230769 0 0
0 0.0666666666666667 0.266666666666667 0.133333333333333 0.266666666666667 0 0.266666666666667 0.133333333333333 0.533333333333333 0.6 0.4 0 0 0.133333333333333 0 0
0 0.0666666666666667 0 0.4 0.2 0.0666666666666667 0.0666666666666667 0.133333333333333 0.4 0.333333333333333 0.133333333333333 0.266666666666667 0 0 0 0.0666666666666667
