0.222222222222222 0.481481481481481 0.111111111111111 1.48148148148148 2.48148148148148 1.44444444444444 1.33333333333333 0.296296296296296 0.259259259259259 1.92592592592593 2.14814814814815 0.62962962962963 0.259259259259259 0.407407407407407 0.37037037037037 0.444444444444444
0.164835164835165 0.802197802197802 0.340659340659341 0.56043956043956 0.516483516483516 2.57142857142857 3.1978021978022 1.1978021978022 0.989010989010989 0.582417582417582 0.549450549450549 1.12087912087912 1.14285714285714 0.10989010989011 0.120879120879121 0.296703296703297
0.125 0.714285714285714 0.589285714285714 0.928571428571428 0.392857142857143 1.39285714285714 1.375 2.67857142857143 2.89285714285714 0.821428571428571 0.607142857142857 0.714285714285714 0.75 0.285714285714286 0.25 0.303571428571428
0.173913043478261 0.710144927536232 0.652173913043478 2.15942028985507 1.91304347826087 1.14492753623188 1.10144927536232 2 2.36231884057971 1.81159420289855 1.85507246376812 1.04347826086956 0.420289855072464 0.304347826086956 0.376811594202899 0.608695652173913
0.517857142857143 1.32142857142857 0.410714285714286 1.71428571428571 2.19642857142857 1.625 1.39285714285714 1.28571428571429 1.19642857142857 1.875 1.71428571428571 0.785714285714286 0.714285714285714 0.285714285714286 0.339285714285714 0.696428571428571
0.689189189189189 1.95945945945946 0.297297297297297 1.25675675675676 1.16216216216216 3.60810810810811 3.39189189189189 0.972972972972973 0.743243243243243 1.14864864864865 1.04054054054054 1.18918918918919 1.14864864864865 0.162162162162162 0.0945945945945946 0.256756756756757
0.596491228070175 1.54385964912281 0.736842105263158 1.2280701754386 0.508771929824561 3.54385964912281 3.85964912280702 1.24561403508772 1.26315789473684 0.719298245614035 1.15789473684211 1.26315789473684 1.45614035087719 0.333333333333333 0.280701754385965 0.43859649122807
0.4 1.69090909090909 1.16363636363636 1.54545454545455 1.45454545454545 2.74545454545455 2.83636363636364 2.36363636363636 2.47272727272727 0.4 0.290909090909091 1.56363636363636 1.74545454545455 0.2 0.127272727272727 0.327272727272727
0.478260869565217 2.04347826086956 1.97101449275362 1.76811594202899 1.33333333333333 1.73913043478261 1.72463768115942 3.33333333333333 3.01449275362319 1.26086956521739 1.1304347826087 0.942028985507246 1 0.884057971014493 0.608695652173913 1.52173913043478
0.253521126760563 0.887323943661972 0.549295774647887 2.19718309859155 1.8169014084507 2.35211267605634 1.94366197183099 3.11267605633803 2.74647887323944 2.84507042253521 2.74647887323944 0.661971830985915 0.549295774647887 0.577464788732394 0.549295774647887 1.05633802816901
0.178571428571429 0.446428571428571 0.339285714285714 1.17857142857143 1.10714285714286 2.07142857142857 1.66071428571429 1.55357142857143 1.51785714285714 2.10714285714286 1.94642857142857 1.39285714285714 0.946428571428571 0.321428571428571 0.267857142857143 0.482142857142857
0.340909090909091 0.477272727272727 0.136363636363636 0.545454545454545 0.681818181818182 1.72727272727273 1.81818181818182 0.5 0.863636363636363 1 1.02272727272727 2 1.43181818181818 0.159090909090909 0.0909090909090909 0.340909090909091
0.214285714285714 0.428571428571428 0.642857142857143 0.714285714285714 0.261904761904762 1.80952380952381 2.07142857142857 1.4047619047619 1.14285714285714 0.809523809523809 1.35714285714286 2.02380952380952 1.47619047619048 0.0476190476190476 0.0476190476190476 0.0952380952380952
0.346153846153846 0.923076923076923 0.653846153846154 0.615384615384615 0.961538461538461 1.11538461538462 1.23076923076923 1.88461538461538 1.53846153846154 0.846153846153846 0.346153846153846 0.269230769230769 0.615384615384615 1 0.5 1.07692307692308
0.133333333333333 0.8 0.533333333333333 0.866666666666667 1.2 1.06666666666667 1 2.13333333333333 1.86666666666667 1.53333333333333 1.4 0.4 0.133333333333333 0.266666666666667 0.333333333333333 0.2
0.133333333333333 0.2 0.133333333333333 1.26666666666667 0.933333333333333 0.533333333333333 1.06666666666667 0.8 1.2 3.4 3.13333333333333 0.333333333333333 0.6 0.133333333333333 0.466666666666667 0.8
