0.148148148148148 0.407407407407407 0.0740740740740741 1.11111111111111 2.07407407407407 1.74074074074074 1.48148148148148 0.222222222222222 0.148148148148148 1.59259259259259 1.14814814814815 1.33333333333333 1.33333333333333 0.259259259259259 0.259259259259259 0.407407407407407
0.197183098591549 0.422535211267606 0.436619718309859 0.732394366197183 0.873239436619718 2.84507042253521 3.70422535211268 1.02816901408451 0.830985915492958 0.408450704225352 0.549295774647887 1.63380281690141 1.83098591549296 0.197183098591549 0.112676056338028 0.112676056338028
0.210526315789474 0.394736842105263 0.592105263157895 0.421052631578947 0.421052631578947 1.38157894736842 1.78947368421053 2 2.05263157894737 0.776315789473684 0.407894736842105 0.789473684210526 0.921052631578947 0.25 0.223684210526316 0.460526315789474
0.246376811594203 0.478260869565217 0.681159420289855 1.65217391304348 1.78260869565217 1.40579710144928 1.20289855072464 1.81159420289855 1.59420289855072 1.7536231884058 1.79710144927536 0.855072463768116 0.681159420289855 0.289855072463768 0.318840579710145 0.608695652173913
0.589285714285714 1.41071428571429 0.625 2.14285714285714 2.5 2.03571428571429 1.58928571428571 1.125 1.35714285714286 2.01785714285714 1.78571428571429 0.946428571428571 1.125 0.285714285714286 0.196428571428571 0.267857142857143
0.918918918918919 1.97297297297297 0.594594594594595 1.2027027027027 1.67567567567568 2.91891891891892 3.18918918918919 1.31081081081081 1.12162162162162 1.37837837837838 1.2972972972973 1.13513513513513 1.31081081081081 0.0945945945945946 0.0810810810810811 0.202702702702703
0.403508771929824 1.17543859649123 1.70175438596491 1.07017543859649 0.649122807017544 3.40350877192982 3.31578947368421 1.43859649122807 1.31578947368421 1.08771929824561 1.01754385964912 1.92982456140351 1.50877192982456 0.473684210526316 0.403508771929824 0.666666666666667
0.545454545454545 1.12727272727273 1.50909090909091 1.23636363636364 0.709090909090909 2.47272727272727 2.43636363636364 2.65454545454545 2.23636363636364 0.581818181818182 0.345454545454545 1.90909090909091 1.78181818181818 0.254545454545455 0.163636363636364 0.290909090909091
0.492753623188406 1.2463768115942 2.73913043478261 2.02898550724638 1.10144927536232 1.78260869565217 1.60869565217391 3 2.91304347826087 1.43478260869565 1.57971014492754 1.08695652173913 1.23188405797101 0.63768115942029 0.72463768115942 1.57971014492754
0.366197183098592 0.873239436619718 1.33802816901408 2.49295774647887 1.87323943661972 2.04225352112676 1.70422535211268 2.43661971830986 2.46478873239437 3.01408450704225 2.76056338028169 1.40845070422535 1.49295774647887 1.01408450704225 0.971830985915493 1.53521126760563
0.196428571428571 0.428571428571428 0.642857142857143 1.32142857142857 1.51785714285714 2.44642857142857 2 1.67857142857143 1.28571428571429 2.32142857142857 2.07142857142857 1.08928571428571 0.946428571428571 0.267857142857143 0.303571428571428 0.482142857142857
0.477272727272727 0.840909090909091 0.386363636363636 0.909090909090909 0.863636363636363 1.68181818181818 2.27272727272727 0.386363636363636 0.818181818181818 1.18181818181818 1.52272727272727 2.22727272727273 1.88636363636364 0.159090909090909 0.136363636363636 0.545454545454545
0.0238095238095238 0.238095238095238 0.642857142857143 0.571428571428571 0.261904761904762 1.66666666666667 1.71428571428571 1.30952380952381 1.14285714285714 0.69047619047619 0.452380952380952 1.83333333333333 1.64285714285714 0.214285714285714 0.142857142857143 0.285714285714286
0.538461538461538 1.23076923076923 0.884615384615384 1 0.576923076923077 1.92307692307692 1.76923076923077 1.80769230769231 1.69230769230769 0.269230769230769 0.269230769230769 0.769230769230769 0.307692307692308 1.03846153846154 0.923076923076923 2.53846153846154
0 0 0.2 1.53333333333333 1.86666666666667 0.866666666666667 0.866666666666667 0.6 0.666666666666667 2.6 1.93333333333333 0.2 0.0666666666666667 0 0 0.133333333333333
0.266666666666667 0.866666666666667 0.2 1.06666666666667 1.13333333333333 1.26666666666667 1.26666666666667 1.06666666666667 1.46666666666667 2.26666666666667 2.33333333333333 0.4 0.333333333333333 0.2 0.333333333333333 0.666666666666667
