0.185185185185185 0.703703703703704 0.222222222222222 1.03703703703704 2.44444444444444 2.11111111111111 2.07407407407407 0.222222222222222 0.259259259259259 1.37037037037037 1.44444444444444 0.592592592592593 1.25925925925926 0.148148148148148 0.111111111111111 0.259259259259259
0.183098591549296 0.605633802816901 0.253521126760563 0.563380281690141 0.746478873239437 2.25352112676056 2.64788732394366 1.1830985915493 0.774647887323944 0.690140845070423 0.732394366197183 1.22535211267606 1.19718309859155 0.197183098591549 0.140845070422535 0.183098591549296
0.263157894736842 0.776315789473684 0.710526315789474 0.526315789473684 0.434210526315789 1.72368421052632 2.28947368421053 1.56578947368421 1.60526315789474 0.618421052631579 0.671052631578947 1.10526315789474 1.22368421052632 0.263157894736842 0.236842105263158 0.368421052631579
0.173913043478261 0.681159420289855 1.01449275362319 1.84057971014493 1.72463768115942 1.1304347826087 1.26086956521739 2.53623188405797 2.21739130434783 1.53623188405797 1.30434782608696 0.869565217391304 0.536231884057971 0.304347826086957 0.463768115942029 0.695652173913043
0.517857142857143 1.01785714285714 0.910714285714286 1.875 1.80357142857143 2.01785714285714 1.71428571428571 1.35714285714286 1.28571428571429 2.41071428571429 2.55357142857143 1.42857142857143 1.46428571428571 0.303571428571429 0.267857142857143 0.5
1.01351351351351 2.08108108108108 0.662162162162162 1.31081081081081 1.87837837837838 3.91891891891892 3.35135135135135 1.04054054054054 0.932432432432432 1.36486486486486 1.35135135135135 1.83783783783784 1.02702702702703 0.0675675675675676 0.0810810810810811 0.22972972972973
0.526315789473684 1 1.33333333333333 0.964912280701754 0.526315789473684 3.07017543859649 3.68421052631579 1.42105263157895 0.982456140350877 0.719298245614035 0.859649122807018 1 1.14035087719298 0.43859649122807 0.192982456140351 0.491228070175439
0.363636363636364 1.54545454545455 1.29090909090909 1.07272727272727 1.2 1.90909090909091 2.01818181818182 2.16363636363636 2.67272727272727 0.490909090909091 0.363636363636364 1.65454545454545 1.38181818181818 0.181818181818182 0.181818181818182 0.327272727272727
0.391304347826087 0.942028985507246 2.14492753623188 1.53623188405797 0.869565217391304 1.34782608695652 1.73913043478261 2.7536231884058 3.01449275362319 1.82608695652174 1.55072463768116 0.710144927536232 0.942028985507246 0.884057971014493 0.840579710144927 1.08695652173913
0.309859154929577 0.746478873239437 1.35211267605634 2.42253521126761 2.07042253521127 1.77464788732394 1.70422535211268 1.77464788732394 1.90140845070423 2.67605633802817 2.38028169014085 0.732394366197183 0.464788732394366 0.774647887323944 0.47887323943662 1.16901408450704
0.0714285714285714 0.196428571428571 0.5 0.910714285714286 1.125 2.75 2.42857142857143 1.46428571428571 1.46428571428571 2.41071428571429 1.94642857142857 1.26785714285714 1.25 0.357142857142857 0.285714285714286 0.589285714285714
0.386363636363636 0.681818181818182 0.454545454545455 0.727272727272727 1.06818181818182 1.97727272727273 1.90909090909091 0.545454545454545 0.568181818181818 0.840909090909091 1.45454545454545 1.70454545454545 1.79545454545455 0.25 0.181818181818182 0.590909090909091
0.0714285714285714 0.404761904761905 0.80952380952381 0.69047619047619 0.357142857142857 1.5 1.71428571428571 1.5952380952381 1.19047619047619 0.857142857142857 0.904761904761905 1.97619047619048 1.57142857142857 0.119047619047619 0.19047619047619 0.238095238095238
0.307692307692308 0.692307692307692 0.884615384615385 1.15384615384615 0.961538461538462 0.961538461538462 0.923076923076923 2.11538461538462 2.19230769230769 0.884615384615385 1.03846153846154 0.692307692307692 0.807692307692308 0.615384615384615 0.5 0.730769230769231
0 0 0.8 1.26666666666667 0.8 1 0.933333333333333 2.6 2.4 0.6 0.8 0.2 0.133333333333333 0.266666666666667 0.133333333333333 0.333333333333333
0.133333333333333 0.266666666666667 0 1.4 0.666666666666667 0.533333333333333 0.533333333333333 1.33333333333333 1.86666666666667 1.93333333333333 1.93333333333333 0.266666666666667 0.533333333333333 0.133333333333333 0.0666666666666667 0.2
