0 0 0 0 0.925925925925926 0.740740740740741 0.185185185185185 0 0 0.185185185185185 0.259259259259259 0.148148148148148 0.0740740740740741 0 0 0
0 0.0549450549450549 0 0.021978021978022 0.153846153846154 0.461538461538462 0.769230769230769 0.318681318681319 0.0659340659340659 0.032967032967033 0.0659340659340659 0.186813186813187 0.131868131868132 0.032967032967033 0 0
0 0 0 0.0178571428571429 0.107142857142857 0.0357142857142857 0.339285714285714 0.446428571428571 0.660714285714286 0.375 0.0714285714285714 0 0.142857142857143 0.142857142857143 0 0
0.0144927536231884 0.0579710144927536 0 0.188405797101449 0.130434782608696 0.072463768115942 0.072463768115942 0.260869565217391 0.63768115942029 0.536231884057971 0.27536231884058 0.0289855072463768 0 0 0.0579710144927536 0.0144927536231884
0.0714285714285714 0.214285714285714 0.0892857142857143 0.553571428571429 0.767857142857143 0.732142857142857 0.428571428571429 0.0535714285714286 0.196428571428571 0.357142857142857 0.321428571428571 0.178571428571429 0.0892857142857143 0 0 0
0.175675675675676 0.378378378378378 0.0405405405405405 0.148648648648649 0.297297297297297 0.783783783783784 0.324324324324324 0.108108108108108 0.108108108108108 0.108108108108108 0.0675675675675676 0.22972972972973 0.0675675675675676 0 0 0
0.0701754385964912 0.526315789473684 0.280701754385965 0.298245614035088 0.228070175438596 1.73684210526316 1.43859649122807 0.157894736842105 0 0.105263157894737 0.0701754385964912 0.0175438596491228 0.105263157894737 0.192982456140351 0 0
0.0545454545454545 0.363636363636364 0.163636363636364 0.0909090909090909 0.2 0.145454545454545 0.4 0.472727272727273 0.327272727272727 0.0181818181818182 0.0363636363636364 0.109090909090909 0.109090909090909 0.0727272727272727 0.0363636363636364 0.0363636363636364
0 0.072463768115942 0.318840579710145 0.420289855072464 0.0869565217391304 0.159420289855072 0.144927536231884 0.188405797101449 0.507246376811594 0.202898550724638 0.260869565217391 0.0144927536231884 0.173913043478261 0.260869565217391 0.144927536231884 0.463768115942029
0.0140845070422535 0.028169014084507 0.0845070422535211 0.380281690140845 0.323943661971831 0.323943661971831 0.380281690140845 0.197183098591549 0.591549295774648 0.52112676056338 0.295774647887324 0.112676056338028 0 0.0985915492957746 0.0704225352112676 0.0985915492957746
0.0178571428571429 0.0714285714285714 0 0.0714285714285714 0.285714285714286 0.303571428571429 0 0.0892857142857143 0.0535714285714286 0.107142857142857 0.446428571428571 0.357142857142857 0.0535714285714286 0 0 0
0 0.0909090909090909 0 0 0.113636363636364 0.318181818181818 0.159090909090909 0.0909090909090909 0 0.0681818181818182 0.25 0.522727272727273 0.0909090909090909 0 0 0.136363636363636
0 0.238095238095238 0 0 0 0.142857142857143 0.142857142857143 0.0952380952380952 0.142857142857143 0 0.0952380952380952 0.476190476190476 0.285714285714286 0.0238095238095238 0 0
0 0.115384615384615 0.0769230769230769 0.192307692307692 0.192307692307692 0 0.461538461538462 0.384615384615385 0.307692307692308 0.307692307692308 0.153846153846154 0.153846153846154 0.115384615384615 0.192307692307692 0 0
0 0.133333333333333 0.0666666666666667 0 0.333333333333333 0 0.0666666666666667 0.0666666666666667 0.333333333333333 0.6 0.4 0 0 0 0.0666666666666667 0
0 0.0666666666666667 0 0.133333333333333 0 0.0666666666666667 0.0666666666666667 0 0.266666666666667 0.6 0 0.266666666666667 0 0 0 0.2
