0 0.0740740740740741 0 0.185185185185185 0.407407407407407 1 0.296296296296296 0 0 0.407407407407407 0.185185185185185 0.185185185185185 0.111111111111111 0 0.185185185185185 0
0 0.0989010989010989 0.021978021978022 0.043956043956044 0.208791208791209 0.395604395604396 0.813186813186813 0.307692307692308 0.0659340659340659 0.0659340659340659 0.0549450549450549 0.10989010989011 0.186813186813187 0.021978021978022 0.010989010989011 0
0 0 0 0.0357142857142857 0.0714285714285714 0.178571428571429 0.285714285714286 0.428571428571429 0.428571428571429 0.303571428571429 0.0714285714285714 0 0.0535714285714286 0.214285714285714 0.0178571428571429 0
0.0289855072463768 0.0144927536231884 0.0434782608695652 0.130434782608696 0.0144927536231884 0.0434782608695652 0.0869565217391304 0.507246376811594 0.405797101449275 0.449275362318841 0.27536231884058 0.0289855072463768 0 0.0144927536231884 0.072463768115942 0.0144927536231884
0.125 0.196428571428571 0.0357142857142857 0.892857142857143 0.928571428571429 0.392857142857143 0.0357142857142857 0.0714285714285714 0.107142857142857 0.125 0.357142857142857 0.196428571428571 0.0535714285714286 0 0 0
0.175675675675676 0.405405405405405 0.0540540540540541 0.121621621621622 0.5 0.702702702702703 0.445945945945946 0.0810810810810811 0.0945945945945946 0.162162162162162 0.0135135135135135 0.27027027027027 0.0675675675675676 0 0 0
0.0701754385964912 0.543859649122807 0.228070175438596 0.228070175438596 0.12280701754386 1.43859649122807 1.01754385964912 0.175438596491228 0 0.105263157894737 0.105263157894737 0.0350877192982456 0.12280701754386 0.0350877192982456 0 0
0.0363636363636364 0.381818181818182 0.0727272727272727 0.0545454545454545 0.254545454545455 0.109090909090909 0.2 0.4 0.163636363636364 0.0181818181818182 0.0181818181818182 0.0727272727272727 0.181818181818182 0.0181818181818182 0.0545454545454545 0.0181818181818182
0 0.072463768115942 0.463768115942029 0.202898550724638 0.115942028985507 0.260869565217391 0.231884057971014 0.231884057971014 0.492753623188406 0.289855072463768 0.202898550724638 0.0434782608695652 0.144927536231884 0.217391304347826 0.144927536231884 0.376811594202899
0.0140845070422535 0 0.0985915492957746 0.450704225352113 0.295774647887324 0.112676056338028 0.0845070422535211 0.295774647887324 0.338028169014085 0.647887323943662 0.47887323943662 0.0563380281690141 0.0140845070422535 0.0563380281690141 0.183098591549296 0.0845070422535211
0.0178571428571429 0.160714285714286 0 0.0892857142857143 0.142857142857143 0.232142857142857 0.0357142857142857 0.0892857142857143 0.0178571428571429 0.125 0.482142857142857 0.232142857142857 0.0714285714285714 0 0 0
0.0227272727272727 0.0227272727272727 0 0.0227272727272727 0.204545454545455 0.204545454545455 0.0454545454545455 0.0227272727272727 0 0 0.431818181818182 0.454545454545455 0.159090909090909 0 0 0.0909090909090909
0 0.142857142857143 0 0 0 0.119047619047619 0.0952380952380952 0 0 0 0.142857142857143 0.5 0.285714285714286 0.0952380952380952 0 0
0.0769230769230769 0.153846153846154 0 0.153846153846154 0 0.153846153846154 0.615384615384615 0.384615384615385 0.230769230769231 0.192307692307692 0 0.0769230769230769 0.230769230769231 0.153846153846154 0.0769230769230769 0
0 0.133333333333333 0.133333333333333 0.0666666666666667 0.333333333333333 0 0.466666666666667 0.133333333333333 0.533333333333333 0.533333333333333 0 0 0 0.0666666666666667 0.133333333333333 0
0 0.0666666666666667 0 0.133333333333333 0.133333333333333 0.0666666666666667 0.0666666666666667 0.0666666666666667 0.333333333333333 0.266666666666667 0 0.266666666666667 0 0 0 0.133333333333333
