0.185185185185185 0.481481481481481 0.111111111111111 1.48148148148148 1.51851851851852 1.62962962962963 1.55555555555556 0.148148148148148 0.185185185185185 1.48148148148148 1.07407407407407 1.7037037037037 1.18518518518519 0.222222222222222 0.259259259259259 0.333333333333333
0.197802197802198 0.868131868131868 0.32967032967033 0.527472527472527 0.692307692307692 2.50549450549451 3.24175824175824 0.901098901098901 0.681318681318681 0.450549450549451 0.582417582417582 1.2967032967033 1.49450549450549 0.175824175824176 0.0879120879120879 0.153846153846154
0.125 0.839285714285714 0.875 0.767857142857143 0.267857142857143 1.33928571428571 1.66071428571429 2.57142857142857 2.875 0.839285714285714 0.785714285714286 0.982142857142857 1.08928571428571 0.303571428571429 0.410714285714286 0.607142857142857
0.217391304347826 0.797101449275362 0.739130434782609 1.66666666666667 1.52173913043478 1.14492753623188 1.27536231884058 2.43478260869565 3.02898550724638 1.46376811594203 1.28985507246377 0.695652173913043 0.608695652173913 0.217391304347826 0.405797101449275 0.681159420289855
0.446428571428571 1.14285714285714 0.696428571428571 2.14285714285714 2.41071428571429 2.16071428571429 2.03571428571429 1.44642857142857 1.48214285714286 2.05357142857143 2.23214285714286 1.125 1.14285714285714 0.303571428571429 0.285714285714286 0.375
1 2.52702702702703 0.486486486486487 1.12162162162162 1.40540540540541 3.45945945945946 3.05405405405405 0.905405405405405 0.905405405405405 1.33783783783784 1.14864864864865 1.36486486486486 1.04054054054054 0.121621621621622 0.0810810810810811 0.162162162162162
0.368421052631579 1.6140350877193 1.24561403508772 1.35087719298246 0.894736842105263 4.28070175438596 4.57894736842105 1.47368421052632 1.42105263157895 1.12280701754386 1.08771929824561 1.64912280701754 1.43859649122807 0.368421052631579 0.210526315789474 0.368421052631579
0.454545454545455 1.67272727272727 0.872727272727273 1.16363636363636 1.12727272727273 2.16363636363636 2.49090909090909 2.50909090909091 2.14545454545455 0.6 0.509090909090909 1.2 1.23636363636364 0.236363636363636 0.163636363636364 0.345454545454545
0.405797101449275 1.47826086956522 1.92753623188406 1.57971014492754 0.898550724637681 1.44927536231884 1.55072463768116 3.30434782608696 3.57971014492754 1.69565217391304 2.07246376811594 0.956521739130435 1.05797101449275 1.07246376811594 0.753623188405797 1.7536231884058
0.394366197183099 0.887323943661972 0.563380281690141 2.22535211267606 1.73239436619718 2.07042253521127 1.88732394366197 2.08450704225352 2.59154929577465 2.71830985915493 2.15492957746479 0.492957746478873 0.591549295774648 0.450704225352113 0.591549295774648 1.02816901408451
0.285714285714286 1.01785714285714 0.357142857142857 1.5 1.46428571428571 2.19642857142857 2 1.25 1.14285714285714 2.41071428571429 2.46428571428571 1.42857142857143 1.48214285714286 0.321428571428571 0.142857142857143 0.357142857142857
0.409090909090909 0.931818181818182 0.204545454545455 0.545454545454545 0.795454545454545 2.04545454545455 1.79545454545455 0.318181818181818 0.363636363636364 0.909090909090909 1.31818181818182 1.86363636363636 1.36363636363636 0.204545454545455 0.0681818181818182 0.386363636363636
0.0952380952380952 0.880952380952381 0.595238095238095 0.80952380952381 0.333333333333333 1.76190476190476 1.85714285714286 1 0.857142857142857 0.80952380952381 0.785714285714286 1.73809523809524 2.04761904761905 0.19047619047619 0.0476190476190476 0.142857142857143
0.423076923076923 1.38461538461538 0.5 1.15384615384615 0.923076923076923 1.57692307692308 1.23076923076923 2.53846153846154 2.38461538461538 0.653846153846154 0.5 0.576923076923077 0.5 1.42307692307692 1.11538461538462 2.34615384615385
0.2 1.13333333333333 0.4 1.53333333333333 1.93333333333333 1.26666666666667 0.933333333333333 1.26666666666667 1.33333333333333 1.46666666666667 1.33333333333333 0.333333333333333 0.466666666666667 0.866666666666667 1.13333333333333 1
0.2 0.666666666666667 0 1 1.2 1.33333333333333 0.866666666666667 0.533333333333333 0.133333333333333 3.86666666666667 4.46666666666667 0.6 0.4 0.8 0.2 1.26666666666667
