0.0740740740740741 0.555555555555556 0.148148148148148 0.962962962962963 1.81481481481481 2.11111111111111 1.25925925925926 0.0740740740740741 0.185185185185185 1.2962962962963 1.18518518518519 1.22222222222222 1.07407407407407 0.333333333333333 0.111111111111111 0.259259259259259
0.0985915492957746 0.47887323943662 0.436619718309859 1.05633802816901 1.52112676056338 2.90140845070423 2.90140845070423 1.19718309859155 0.746478873239437 0.591549295774648 0.52112676056338 1.23943661971831 1.47887323943662 0.225352112676056 0.0563380281690141 0.112676056338028
0.302631578947368 0.802631578947368 1.03947368421053 0.842105263157895 0.578947368421053 1.55263157894737 2.38157894736842 1.86842105263158 2.09210526315789 1.01315789473684 0.671052631578947 0.763157894736842 1.03947368421053 0.236842105263158 0.328947368421053 0.421052631578947
0.27536231884058 0.594202898550725 1.07246376811594 1.88405797101449 2 1.49275362318841 1.36231884057971 2.1304347826087 2.08695652173913 1.49275362318841 1.36231884057971 0.550724637681159 0.739130434782609 0.173913043478261 0.304347826086957 0.492753623188406
0.517857142857143 1.07142857142857 0.464285714285714 3.46428571428571 3.73214285714286 1.76785714285714 1.33928571428571 1.05357142857143 1.46428571428571 1.67857142857143 1.69642857142857 0.857142857142857 0.446428571428571 0.267857142857143 0.232142857142857 0.339285714285714
0.905405405405405 1.91891891891892 0.702702702702703 1 1.18918918918919 3.33783783783784 3.08108108108108 1.09459459459459 0.932432432432432 1.60810810810811 1.41891891891892 1.43243243243243 1.06756756756757 0.027027027027027 0.121621621621622 0.175675675675676
0.333333333333333 1.14035087719298 1.96491228070175 1.08771929824561 1.2280701754386 4.10526315789474 4.40350877192982 1.6140350877193 1.47368421052632 0.947368421052632 1.29824561403509 1.80701754385965 1.89473684210526 0.315789473684211 0.192982456140351 0.421052631578947
0.4 1.25454545454545 1.32727272727273 0.945454545454545 0.618181818181818 1.98181818181818 1.85454545454545 1.98181818181818 2.49090909090909 0.527272727272727 0.327272727272727 1.09090909090909 1.07272727272727 0.254545454545455 0.163636363636364 0.327272727272727
0.260869565217391 0.826086956521739 2.46376811594203 1.73913043478261 1.05797101449275 1.47826086956522 1.82608695652174 3.20289855072464 2.94202898550725 1.14492753623188 0.985507246376812 1.04347826086957 0.884057971014493 0.608695652173913 0.405797101449275 1.44927536231884
0.323943661971831 0.901408450704225 1.28169014084507 2.09859154929577 1.54929577464789 1.70422535211268 1.73239436619718 1.83098591549296 1.66197183098592 2.97183098591549 2.43661971830986 0.732394366197183 0.464788732394366 0.605633802816901 0.732394366197183 1.76056338028169
0.178571428571429 0.464285714285714 0.428571428571429 1.55357142857143 1.42857142857143 2.05357142857143 1.89285714285714 1.67857142857143 1.57142857142857 2.08928571428571 2.16071428571429 0.964285714285714 0.892857142857143 0.446428571428571 0.285714285714286 0.607142857142857
0.136363636363636 0.613636363636364 0.295454545454545 0.363636363636364 0.636363636363636 1.47727272727273 1.81818181818182 0.409090909090909 0.272727272727273 0.909090909090909 1.45454545454545 1.61363636363636 1.68181818181818 0.272727272727273 0.227272727272727 0.863636363636364
0.0714285714285714 0.571428571428571 0.642857142857143 0.380952380952381 0.404761904761905 1.64285714285714 1.47619047619048 0.761904761904762 0.5 0.595238095238095 0.666666666666667 1.88095238095238 1.71428571428571 0.19047619047619 0.142857142857143 0.166666666666667
0.0769230769230769 0.615384615384615 0.846153846153846 1.11538461538462 0.615384615384615 0.884615384615385 1.5 2.42307692307692 1.57692307692308 0.923076923076923 0.384615384615385 0.230769230769231 0.346153846153846 0.461538461538462 0.115384615384615 0.346153846153846
0.2 0.533333333333333 0.133333333333333 1.2 1.33333333333333 0.6 0.933333333333333 1.2 1.46666666666667 1.66666666666667 2 0.666666666666667 0.266666666666667 0.666666666666667 0.466666666666667 1.2
0.133333333333333 0.466666666666667 0 1.53333333333333 1.13333333333333 0.466666666666667 0.933333333333333 1.13333333333333 1.4 2.8 2.33333333333333 0.533333333333333 0.266666666666667 0.0666666666666667 0.133333333333333 0.733333333333333
