0 0.0740740740740741 0 0.037037037037037 0.814814814814815 0.851851851851852 0.259259259259259 0 0 0.222222222222222 0.222222222222222 0.222222222222222 0 0 0.037037037037037 0
0 0.0769230769230769 0 0.021978021978022 0.164835164835165 0.516483516483517 0.758241758241758 0.274725274725275 0.010989010989011 0.0659340659340659 0.131868131868132 0.0879120879120879 0.175824175824176 0.0549450549450549 0.010989010989011 0
0 0 0 0.0535714285714286 0.0357142857142857 0.107142857142857 0.517857142857143 0.285714285714286 0.5 0.428571428571429 0.125 0 0.0892857142857143 0.0357142857142857 0.0535714285714286 0
0.0289855072463768 0.0579710144927536 0.0289855072463768 0.231884057971014 0.115942028985507 0.072463768115942 0.101449275362319 0.347826086956522 0.63768115942029 0.391304347826087 0.188405797101449 0.0579710144927536 0 0 0.0579710144927536 0.0144927536231884
0.125 0.214285714285714 0.0178571428571429 0.0714285714285714 0.464285714285714 0.5 0.214285714285714 0.107142857142857 0.0714285714285714 0.196428571428571 0.232142857142857 0.25 0.0535714285714286 0 0 0
0.202702702702703 0.432432432432432 0.0405405405405405 0.202702702702703 0.5 1.02702702702703 0.459459459459459 0.0405405405405405 0.0405405405405405 0.22972972972973 0.162162162162162 0.189189189189189 0.0945945945945946 0 0 0
0.087719298245614 0.56140350877193 0.245614035087719 0.105263157894737 0.0701754385964912 0.403508771929825 0.526315789473684 0.105263157894737 0 0.0701754385964912 0.0526315789473684 0.087719298245614 0.192982456140351 0.0350877192982456 0 0
0.0727272727272727 0.418181818181818 0.145454545454545 0.0727272727272727 0.145454545454545 0.309090909090909 0.363636363636364 0.490909090909091 0.163636363636364 0.0363636363636364 0.0181818181818182 0.127272727272727 0.181818181818182 0.0181818181818182 0.0181818181818182 0
0 0.072463768115942 0.391304347826087 0.376811594202899 0.0869565217391304 0.072463768115942 0.072463768115942 0.318840579710145 0.507246376811594 1.23188405797101 0.782608695652174 0.0579710144927536 0.101449275362319 1.02898550724638 0.623188405797101 1.2463768115942
0.0422535211267606 0.0140845070422535 0.126760563380282 0.436619718309859 0.23943661971831 0.197183098591549 0.0985915492957746 0.225352112676056 0.577464788732394 0.577464788732394 0.267605633802817 0.126760563380282 0 0.0422535211267606 0.154929577464789 0.112676056338028
0.0357142857142857 0.0892857142857143 0 0.0357142857142857 0.214285714285714 0.375 0.0178571428571429 0.142857142857143 0.0178571428571429 0.232142857142857 0.303571428571429 0.482142857142857 0.0714285714285714 0 0 0
0.0454545454545455 0 0 0.0227272727272727 0.113636363636364 0.136363636363636 0.159090909090909 0 0.0227272727272727 0.0909090909090909 0.295454545454545 0.568181818181818 0.136363636363636 0 0 0.113636363636364
0 0.0476190476190476 0 0 0 0.0952380952380952 0.19047619047619 0.0952380952380952 0 0 0.0476190476190476 0.5 0.30952380952381 0.0714285714285714 0 0
0.115384615384615 0.115384615384615 0 0.153846153846154 0.0769230769230769 0.153846153846154 0.692307692307692 0.307692307692308 0.192307692307692 0.115384615384615 0.0384615384615385 0 0.115384615384615 0.115384615384615 0.0384615384615385 0
0 0.266666666666667 0 0.0666666666666667 0.2 0 0.0666666666666667 0.2 0.333333333333333 0.333333333333333 0.266666666666667 0 0 0.0666666666666667 0.133333333333333 0
0 0.0666666666666667 0 0 0.133333333333333 0.0666666666666667 0.0666666666666667 0.0666666666666667 0.0666666666666667 0.666666666666667 0.266666666666667 0.333333333333333 0 0 0 0.2
