0 0 0 0.037037037037037 0.777777777777778 0.62962962962963 0.222222222222222 0 0 0.0740740740740741 0 0.333333333333333 0.185185185185185 0 0.037037037037037 0
0 0.0989010989010989 0.043956043956044 0.010989010989011 0.153846153846154 0.384615384615385 0.802197802197802 0.384615384615385 0.032967032967033 0.0549450549450549 0.0659340659340659 0.0769230769230769 0.153846153846154 0.021978021978022 0.010989010989011 0
0 0 0 0.0357142857142857 0.0892857142857143 0.0892857142857143 0.375 0.553571428571429 0.428571428571429 0.303571428571429 0.0714285714285714 0 0.142857142857143 0.160714285714286 0.0535714285714286 0
0 0.0289855072463768 0.0144927536231884 0.173913043478261 0.0434782608695652 0.130434782608696 0.0434782608695652 0.333333333333333 0.666666666666667 0.347826086956522 0.246376811594203 0.0869565217391304 0 0 0 0
0.232142857142857 0.25 0 0.339285714285714 0.875 0.357142857142857 0.321428571428571 0.232142857142857 0.232142857142857 0.107142857142857 0.178571428571429 0.0535714285714286 0.0178571428571429 0 0 0
0.135135135135135 0.310810810810811 0.0540540540540541 0.162162162162162 0.486486486486487 0.689189189189189 0.378378378378378 0.0945945945945946 0.121621621621622 0.0945945945945946 0.027027027027027 0.189189189189189 0.0540540540540541 0 0 0
0.087719298245614 0.596491228070175 0.12280701754386 0.245614035087719 0.157894736842105 1.42105263157895 1.52631578947368 0.175438596491228 0 0.0526315789473684 0.0701754385964912 0.0526315789473684 0.192982456140351 0.12280701754386 0 0
0.0727272727272727 0.327272727272727 0.163636363636364 0.127272727272727 0.218181818181818 0.2 0.327272727272727 0.309090909090909 0.254545454545455 0.0727272727272727 0 0.145454545454545 0.145454545454545 0.0545454545454545 0.0181818181818182 0
0 0.101449275362319 0.333333333333333 0.405797101449275 0.0579710144927536 0.0289855072463768 0.130434782608696 0.115942028985507 0.594202898550725 0.536231884057971 0.521739130434783 0.0434782608695652 0.115942028985507 0.449275362318841 0.376811594202899 0.869565217391304
0 0.0140845070422535 0.112676056338028 0.380281690140845 0.211267605633803 0.323943661971831 0.154929577464789 0.126760563380282 0.338028169014085 0.577464788732394 0.267605633802817 0.028169014084507 0.028169014084507 0.126760563380282 0.183098591549296 0.140845070422535
0.0357142857142857 0.0892857142857143 0 0.160714285714286 0.178571428571429 0.267857142857143 0.0178571428571429 0.178571428571429 0.0357142857142857 0.232142857142857 0.375 0.464285714285714 0.0357142857142857 0 0 0
0 0.0681818181818182 0 0.0454545454545455 0.431818181818182 0.136363636363636 0.136363636363636 0.136363636363636 0.0454545454545455 0.0454545454545455 0.295454545454545 0.477272727272727 0.136363636363636 0 0 0
0 0.0476190476190476 0 0 0 0.0476190476190476 0.119047619047619 0.0952380952380952 0 0 0.0952380952380952 0.523809523809524 0.238095238095238 0.0714285714285714 0 0
0 0.0384615384615385 0.0769230769230769 0.153846153846154 0.0769230769230769 0.0384615384615385 0.230769230769231 0.384615384615385 0.269230769230769 0.230769230769231 0.0769230769230769 0.192307692307692 0.0769230769230769 0.192307692307692 0.0384615384615385 0
0 0.0666666666666667 0 0 0.0666666666666667 0 0.333333333333333 0.466666666666667 0.266666666666667 0.0666666666666667 0.333333333333333 0 0 0 0 0
0 0.133333333333333 0 0.4 0.2 0.133333333333333 0.133333333333333 0.2 0.2 0.0666666666666667 0.133333333333333 0.266666666666667 0 0 0 0.2
