0 0.037037037037037 0 0 0.888888888888889 0.62962962962963 0.407407407407407 0 0 0.185185185185185 0.259259259259259 0.148148148148148 0.0740740740740741 0 0 0
0 0.0769230769230769 0.010989010989011 0.010989010989011 0.164835164835165 0.351648351648352 0.824175824175824 0.340659340659341 0.043956043956044 0 0.0549450549450549 0.10989010989011 0.10989010989011 0.010989010989011 0.010989010989011 0
0 0 0 0.0535714285714286 0.0714285714285714 0.0714285714285714 0.482142857142857 0.517857142857143 0.464285714285714 0.25 0.0892857142857143 0 0.125 0.178571428571429 0 0
0.0434782608695652 0.0289855072463768 0.0289855072463768 0.144927536231884 0.0434782608695652 0.072463768115942 0.130434782608696 0.246376811594203 0.782608695652174 0.449275362318841 0.246376811594203 0 0 0 0.115942028985507 0.0144927536231884
0.107142857142857 0.142857142857143 0.0178571428571429 0.625 0.482142857142857 0.571428571428571 0.303571428571429 0.0892857142857143 0.0892857142857143 0.267857142857143 0.339285714285714 0.0535714285714286 0.0178571428571429 0 0 0
0.108108108108108 0.513513513513513 0.0675675675675676 0.162162162162162 0.486486486486487 0.648648648648649 0.405405405405405 0.0405405405405405 0 0.0810810810810811 0.027027027027027 0.189189189189189 0.0540540540540541 0 0 0
0.087719298245614 0.526315789473684 0.298245614035088 0.333333333333333 0.245614035087719 1.28070175438596 1.05263157894737 0.157894736842105 0 0.192982456140351 0.12280701754386 0.105263157894737 0.228070175438596 0.105263157894737 0 0
0.0545454545454545 0.345454545454545 0.218181818181818 0.145454545454545 0.381818181818182 0.290909090909091 0.363636363636364 0.363636363636364 0.181818181818182 0.0909090909090909 0.0181818181818182 0.163636363636364 0.109090909090909 0.0545454545454545 0.0727272727272727 0
0 0.0434782608695652 0.420289855072464 0.434782608695652 0.101449275362319 0.202898550724638 0.159420289855072 0.217391304347826 0.623188405797101 0.63768115942029 0.521739130434783 0.0434782608695652 0.072463768115942 0.420289855072464 0.420289855072464 0.652173913043478
0.0422535211267606 0.0140845070422535 0.112676056338028 0.28169014084507 0.295774647887324 0.0985915492957746 0.0422535211267606 0.0704225352112676 0.295774647887324 0.436619718309859 0.408450704225352 0.028169014084507 0 0.126760563380282 0.028169014084507 0.0845070422535211
0.0178571428571429 0.0714285714285714 0 0.160714285714286 0.196428571428571 0.267857142857143 0.0535714285714286 0.107142857142857 0.0178571428571429 0.267857142857143 0.232142857142857 0.5 0.178571428571429 0 0 0
0 0.0681818181818182 0 0 0.159090909090909 0.25 0.159090909090909 0.0454545454545455 0 0.0909090909090909 0.25 0.568181818181818 0.181818181818182 0 0 0.159090909090909
0 0.0714285714285714 0 0 0 0.0952380952380952 0.0714285714285714 0.0476190476190476 0.0476190476190476 0 0.19047619047619 0.380952380952381 0.30952380952381 0.0714285714285714 0 0
0 0.153846153846154 0.0769230769230769 0.115384615384615 0.0769230769230769 0.115384615384615 0.423076923076923 0.346153846153846 0.384615384615385 0.153846153846154 0.0384615384615385 0.0384615384615385 0.115384615384615 0.269230769230769 0.0769230769230769 0
0 0.133333333333333 0.0666666666666667 0 0.2 0 0.2 0.0666666666666667 0.133333333333333 0.666666666666667 0.266666666666667 0 0 0 0.133333333333333 0
0 0 0 0.133333333333333 0.333333333333333 0 0 0.0666666666666667 0.333333333333333 0.333333333333333 0.133333333333333 0.133333333333333 0 0 0 0.0666666666666667
