0.222222222222222 0.555555555555555 0.185185185185185 1.07407407407407 1.96296296296296 2.33333333333333 2.81481481481481 0.481481481481481 0.407407407407407 1.40740740740741 1.74074074074074 1.2962962962963 1.03703703703704 0.259259259259259 0.222222222222222 0.37037037037037
0.296703296703297 0.934065934065934 0.263736263736264 0.615384615384615 0.89010989010989 2.81318681318681 3.01098901098901 0.758241758241758 0.615384615384615 0.769230769230769 0.824175824175824 1.30769230769231 1.57142857142857 0.175824175824176 0.10989010989011 0.208791208791209
0.321428571428571 0.875 0.964285714285714 0.892857142857143 0.875 1.5 1.48214285714286 2.60714285714286 2.89285714285714 1.53571428571429 0.928571428571428 0.535714285714286 0.821428571428571 0.321428571428571 0.25 0.714285714285714
0.27536231884058 0.826086956521739 0.739130434782609 1.44927536231884 1.27536231884058 1.34782608695652 1.26086956521739 2.56521739130435 2.31884057971014 1.63768115942029 1.55072463768116 0.855072463768116 0.855072463768116 0.376811594202899 0.376811594202899 0.521739130434782
0.321428571428571 1.23214285714286 0.464285714285714 2.08928571428571 2.01785714285714 1.78571428571429 2.19642857142857 1.35714285714286 1.23214285714286 1.82142857142857 2.16071428571429 0.839285714285714 0.571428571428571 0.285714285714286 0.25 0.410714285714286
1.06756756756757 2.25675675675676 0.391891891891892 1.25675675675676 1.43243243243243 3.82432432432432 3.75675675675676 1.24324324324324 1.01351351351351 1.18918918918919 1.36486486486486 1.36486486486486 1.25675675675676 0.135135135135135 0.135135135135135 0.189189189189189
0.596491228070175 1.89473684210526 0.754385964912281 1.36842105263158 1.31578947368421 5.91228070175439 5.56140350877193 1.89473684210526 1.43859649122807 1.3859649122807 1.47368421052632 1.6140350877193 1.31578947368421 0.333333333333333 0.192982456140351 0.403508771929824
0.6 1.70909090909091 1 1.05454545454545 0.981818181818182 2.18181818181818 2.36363636363636 2.2 2.32727272727273 0.454545454545454 0.272727272727273 1.27272727272727 1.14545454545455 0.272727272727273 0.145454545454545 0.290909090909091
0.434782608695652 1.76811594202899 2.07246376811594 2.11594202898551 1.17391304347826 1.82608695652174 1.85507246376812 3.30434782608696 2.97101449275362 2.04347826086956 2.07246376811594 1.05797101449275 0.710144927536232 0.884057971014493 0.884057971014493 1.71014492753623
0.394366197183099 1.01408450704225 0.732394366197183 2.42253521126761 1.87323943661972 1.76056338028169 1.83098591549296 2.16901408450704 2.15492957746479 3.2112676056338 3.25352112676056 0.549295774647887 0.408450704225352 0.788732394366197 0.676056338028169 1.22535211267606
0.375 0.821428571428571 0.232142857142857 1.21428571428571 1.32142857142857 2.28571428571429 1.32142857142857 1.32142857142857 1.73214285714286 1.89285714285714 2.03571428571429 0.928571428571428 1.10714285714286 0.339285714285714 0.232142857142857 0.375
0.659090909090909 1.31818181818182 0.704545454545454 1.5 1.31818181818182 2.22727272727273 2.47727272727273 0.545454545454545 0.5 2.29545454545454 1.70454545454545 1.90909090909091 1.61363636363636 0.159090909090909 0.204545454545455 0.363636363636364
0.0952380952380952 0.5 0.380952380952381 0.571428571428571 0.452380952380952 1.57142857142857 1.76190476190476 0.928571428571428 1.23809523809524 0.642857142857143 0.904761904761905 1.78571428571429 1.88095238095238 0 0.0238095238095238 0.166666666666667
0.192307692307692 0.769230769230769 0.5 1.23076923076923 0.769230769230769 0.730769230769231 1.11538461538462 1.88461538461538 2.26923076923077 0.576923076923077 0.538461538461538 0.807692307692308 0.807692307692308 0.5 0.269230769230769 0.769230769230769
0.0666666666666667 0.466666666666667 0.666666666666667 0.733333333333333 0.533333333333333 0.466666666666667 1.66666666666667 1.6 1.93333333333333 0.266666666666667 1.13333333333333 0.266666666666667 0.266666666666667 0.6 0.333333333333333 0.933333333333333
0.133333333333333 0.533333333333333 0 0.266666666666667 0.4 0.933333333333333 1.46666666666667 0.2 0.0666666666666667 4.13333333333333 2.33333333333333 0.6 0.2 0.4 0.266666666666667 1.33333333333333
