0 0.037037037037037 0 0 0.888888888888889 0.777777777777778 0.259259259259259 0 0 0.111111111111111 0.185185185185185 0.148148148148148 0.0740740740740741 0 0 0
0 0.0659340659340659 0.010989010989011 0.032967032967033 0.164835164835165 0.406593406593407 0.912087912087912 0.252747252747253 0.0879120879120879 0.043956043956044 0.0659340659340659 0.10989010989011 0.142857142857143 0 0.021978021978022 0
0 0 0 0.0357142857142857 0.0357142857142857 0.0892857142857143 0.5 0.428571428571429 0.5 0.196428571428571 0.0357142857142857 0 0.142857142857143 0.0535714285714286 0.0892857142857143 0
0.0144927536231884 0.0579710144927536 0.0144927536231884 0.159420289855072 0.101449275362319 0.101449275362319 0.115942028985507 0.289855072463768 0.579710144927536 0.449275362318841 0.188405797101449 0 0 0 0.144927536231884 0
0.0535714285714286 0.160714285714286 0.0892857142857143 0.142857142857143 0.339285714285714 0.5 0.410714285714286 0.303571428571429 0.142857142857143 0.339285714285714 0.25 0.160714285714286 0.0714285714285714 0 0 0
0.202702702702703 0.405405405405405 0.027027027027027 0.148648648648649 0.432432432432432 0.824324324324324 0.351351351351351 0.0810810810810811 0.0810810810810811 0.0810810810810811 0.135135135135135 0.22972972972973 0.148648648648649 0 0 0
0.0175438596491228 0.596491228070175 0.12280701754386 0.210526315789474 0.087719298245614 0.964912280701754 0.964912280701754 0.12280701754386 0 0.087719298245614 0.0526315789473684 0.140350877192982 0.087719298245614 0.0526315789473684 0 0
0.0545454545454545 0.236363636363636 0.181818181818182 0.109090909090909 0.0363636363636364 0.127272727272727 0.4 0.527272727272727 0.309090909090909 0.0545454545454545 0.0363636363636364 0.0363636363636364 0.2 0.0727272727272727 0.0363636363636364 0.0181818181818182
0 0.144927536231884 0.36231884057971 0.420289855072464 0.144927536231884 0.246376811594203 0.333333333333333 0.246376811594203 0.536231884057971 0.188405797101449 0.159420289855072 0.101449275362319 0.130434782608696 0.130434782608696 0.0869565217391304 0.202898550724638
0.028169014084507 0.0422535211267606 0.154929577464789 0.422535211267606 0.23943661971831 0.309859154929577 0.140845070422535 0.253521126760563 0.436619718309859 0.577464788732394 0.352112676056338 0.028169014084507 0.0140845070422535 0.0563380281690141 0.112676056338028 0.140845070422535
0.0357142857142857 0.0714285714285714 0 0.0892857142857143 0.303571428571429 0.321428571428571 0 0.125 0.0892857142857143 0.214285714285714 0.375 0.410714285714286 0.0714285714285714 0 0 0
0.0227272727272727 0.0227272727272727 0 0.0454545454545455 0.0454545454545455 0.159090909090909 0.136363636363636 0 0 0.0454545454545455 0.272727272727273 0.5 0.181818181818182 0 0 0.0227272727272727
0 0.166666666666667 0 0 0 0.119047619047619 0.166666666666667 0.238095238095238 0.0952380952380952 0 0.0714285714285714 0.380952380952381 0.285714285714286 0.0476190476190476 0 0
0.115384615384615 0.115384615384615 0 0.0769230769230769 0.0769230769230769 0.346153846153846 0.538461538461538 0.192307692307692 0.192307692307692 0.153846153846154 0.115384615384615 0.0769230769230769 0.0769230769230769 0.192307692307692 0 0
0 0.133333333333333 0.0666666666666667 0.0666666666666667 0.133333333333333 0 0.333333333333333 0.4 0.133333333333333 0.266666666666667 0.333333333333333 0 0 0.0666666666666667 0.0666666666666667 0
0 0 0 0.533333333333333 0.2 0 0 0.266666666666667 0.8 0.333333333333333 0.133333333333333 0 0 0 0 0
