0.0740740740740741 0.444444444444444 0.185185185185185 1.2962962962963 2.22222222222222 1.51851851851852 1.07407407407407 0.296296296296296 0.148148148148148 1.77777777777778 1.33333333333333 0.962962962962963 0.888888888888889 0.37037037037037 0.259259259259259 0.481481481481481
0.183098591549296 0.450704225352113 0.366197183098592 0.549295774647887 0.647887323943662 2.7887323943662 2.74647887323944 1.1830985915493 0.873239436619718 0.802816901408451 0.802816901408451 1.28169014084507 1.23943661971831 0.23943661971831 0.0845070422535211 0.23943661971831
0.368421052631579 0.763157894736842 1.03947368421053 0.644736842105263 0.421052631578947 1.73684210526316 2.07894736842105 2.30263157894737 1.90789473684211 1.09210526315789 0.802631578947368 1.09210526315789 1.30263157894737 0.236842105263158 0.236842105263158 0.302631578947368
0.231884057971014 0.63768115942029 0.985507246376812 2 1.7536231884058 1.69565217391304 1.33333333333333 2.21739130434783 2.89855072463768 1.20289855072464 1.10144927536232 0.666666666666667 0.739130434782609 0.202898550724638 0.202898550724638 0.623188405797101
0.410714285714286 1.05357142857143 0.607142857142857 1.55357142857143 1.89285714285714 1.5 1.69642857142857 1.17857142857143 0.982142857142857 1.98214285714286 2.125 1 1.05357142857143 0.125 0.160714285714286 0.232142857142857
0.824324324324324 1.91891891891892 0.445945945945946 1.12162162162162 1.7027027027027 3.43243243243243 3.17567567567568 1.21621621621622 0.662162162162162 1.13513513513514 1.25675675675676 1.52702702702703 1.21621621621622 0.148648648648649 0.175675675675676 0.22972972972973
0.403508771929825 1.01754385964912 1.57894736842105 0.859649122807018 0.456140350877193 2.71929824561404 2.94736842105263 1.29824561403509 0.912280701754386 0.649122807017544 1 1.2280701754386 1.42105263157895 0.456140350877193 0.12280701754386 0.56140350877193
0.472727272727273 1.16363636363636 1.45454545454545 1.34545454545455 0.618181818181818 2.12727272727273 2.45454545454545 2.34545454545455 2.54545454545455 0.327272727272727 0.454545454545455 0.909090909090909 1.2 0.163636363636364 0.127272727272727 0.418181818181818
0.289855072463768 1.08695652173913 2.6231884057971 1.59420289855072 0.956521739130435 1.26086956521739 1.46376811594203 2.7536231884058 2.71014492753623 1.07246376811594 1.11594202898551 0.826086956521739 0.898550724637681 1 0.579710144927536 1.59420289855072
0.563380281690141 1.33802816901408 1.59154929577465 2.26760563380282 1.90140845070423 1.43661971830986 1.67605633802817 2.33802816901408 2.63380281690141 2.6056338028169 2.3943661971831 0.76056338028169 0.577464788732394 0.690140845070423 0.605633802816901 1.47887323943662
0.142857142857143 0.321428571428571 0.5 1.16071428571429 1.16071428571429 2.69642857142857 2.85714285714286 2.26785714285714 2.17857142857143 2 2.25 1.39285714285714 1.39285714285714 0.339285714285714 0.285714285714286 0.571428571428571
0.295454545454545 0.659090909090909 0.363636363636364 0.636363636363636 0.636363636363636 1.97727272727273 2.22727272727273 0.727272727272727 0.636363636363636 1.29545454545455 1.56818181818182 2.13636363636364 1.47727272727273 0.363636363636364 0.227272727272727 0.613636363636364
0.166666666666667 0.714285714285714 0.69047619047619 0.69047619047619 0.30952380952381 1.9047619047619 1.64285714285714 1.02380952380952 0.952380952380952 0.80952380952381 0.833333333333333 1.83333333333333 1.80952380952381 0.214285714285714 0.142857142857143 0.214285714285714
0.461538461538462 0.769230769230769 0.846153846153846 1.03846153846154 0.807692307692308 1.61538461538462 1.88461538461538 2.26923076923077 2.5 0.730769230769231 0.384615384615385 0.192307692307692 0.5 0.692307692307692 0.269230769230769 1
0.266666666666667 1.13333333333333 1.46666666666667 1.46666666666667 2.33333333333333 1.66666666666667 1.53333333333333 1.2 2 1.73333333333333 1.86666666666667 0.466666666666667 0.6 0.333333333333333 0.6 0.8
0.133333333333333 0.6 0 1.06666666666667 1.2 1 0.866666666666667 0.933333333333333 1.06666666666667 3.53333333333333 3.26666666666667 0.466666666666667 0.2 0.266666666666667 0.333333333333333 0.666666666666667
