0.0740740740740741 0.518518518518518 0.222222222222222 0.666666666666667 1.11111111111111 2.25925925925926 1.37037037037037 0.259259259259259 0.185185185185185 0.740740740740741 1.18518518518519 1.48148148148148 1.14814814814815 0.296296296296296 0.333333333333333 0.111111111111111
0.169014084507042 0.47887323943662 0.450704225352113 0.619718309859155 0.76056338028169 2.71830985915493 3.05633802816901 1.25352112676056 1.09859154929577 0.774647887323944 0.647887323943662 1.40845070422535 1.53521126760563 0.197183098591549 0.0845070422535211 0.267605633802817
0.105263157894737 0.539473684210526 0.973684210526316 0.552631578947368 0.381578947368421 1.35526315789474 1.93421052631579 2.28947368421053 2.34210526315789 0.684210526315789 0.657894736842105 0.684210526315789 0.960526315789474 0.434210526315789 0.342105263157895 0.618421052631579
0.260869565217391 0.63768115942029 1.07246376811594 2.39130434782609 1.89855072463768 1.11594202898551 1.11594202898551 2.26086956521739 2.59420289855072 1.88405797101449 1.68115942028985 0.579710144927536 0.507246376811594 0.391304347826087 0.318840579710145 0.594202898550725
0.607142857142857 1.41071428571429 0.75 2.26785714285714 2.48214285714286 1.85714285714286 1.83928571428571 1.26785714285714 1.39285714285714 2.14285714285714 1.91071428571429 0.732142857142857 0.785714285714286 0.375 0.196428571428571 0.267857142857143
0.972972972972973 2.25675675675676 0.608108108108108 1.32432432432432 1.37837837837838 4.25675675675676 3.90540540540541 1.14864864864865 1.01351351351351 1.12162162162162 1.35135135135135 1.31081081081081 0.945945945945946 0.148648648648649 0.0810810810810811 0.202702702702703
0.333333333333333 1.07017543859649 1.50877192982456 1.24561403508772 1.01754385964912 4.36842105263158 4.6140350877193 1.52631578947368 1.03508771929825 1.19298245614035 1.12280701754386 1.52631578947368 1.54385964912281 0.631578947368421 0.315789473684211 0.666666666666667
0.454545454545455 1.21818181818182 1.47272727272727 1.23636363636364 0.909090909090909 2.21818181818182 2.47272727272727 2.54545454545455 2.52727272727273 0.654545454545455 0.363636363636364 1.78181818181818 1.32727272727273 0.2 0.181818181818182 0.218181818181818
0.347826086956522 1.04347826086957 2.3768115942029 2.02898550724638 1.20289855072464 1.7536231884058 1.59420289855072 3.23188405797101 3.17391304347826 1.71014492753623 1.91304347826087 1.11594202898551 1.31884057971015 1.04347826086957 0.753623188405797 1.34782608695652
0.28169014084507 0.647887323943662 0.901408450704225 2.08450704225352 1.83098591549296 2.11267605633803 1.92957746478873 2.25352112676056 2.35211267605634 2.74647887323944 2.84507042253521 0.619718309859155 0.422535211267606 0.859154929577465 0.915492957746479 1.66197183098592
0.196428571428571 0.410714285714286 0.607142857142857 1.44642857142857 1.55357142857143 3.41071428571429 3.67857142857143 2.41071428571429 2.01785714285714 2.21428571428571 2.78571428571429 1.98214285714286 1.625 0.392857142857143 0.375 0.625
0.136363636363636 0.636363636363636 0.204545454545455 0.454545454545455 0.636363636363636 1.63636363636364 1.47727272727273 0.454545454545455 0.5 0.704545454545455 1.11363636363636 1.81818181818182 1.22727272727273 0.204545454545455 0.136363636363636 0.613636363636364
0.142857142857143 0.404761904761905 0.595238095238095 0.571428571428571 0.333333333333333 1.35714285714286 1.69047619047619 1.38095238095238 1.26190476190476 0.523809523809524 0.5 1.5 1.73809523809524 0.166666666666667 0.0238095238095238 0.333333333333333
0.384615384615385 1 1.19230769230769 0.769230769230769 1.11538461538462 1.69230769230769 1.96153846153846 2.38461538461538 2.61538461538462 1 0.961538461538462 1.15384615384615 1 1.73076923076923 1.30769230769231 1.88461538461538
0 0.733333333333333 0.2 1 1 0.533333333333333 0.4 1.4 1.46666666666667 2.33333333333333 3.13333333333333 0.266666666666667 0.266666666666667 0.4 0.466666666666667 1
0.133333333333333 0.866666666666667 0 0.733333333333333 0.666666666666667 0.8 1.53333333333333 0.666666666666667 0.933333333333333 3.2 2.2 0.266666666666667 0.4 0.266666666666667 0 0.6
