0 0.037037037037037 0 0.037037037037037 0.777777777777778 0.555555555555556 0.407407407407407 0 0 0.148148148148148 0.0740740740740741 0.259259259259259 0.111111111111111 0 0.037037037037037 0
0 0.10989010989011 0 0.010989010989011 0.197802197802198 0.505494505494505 0.703296703296703 0.296703296703297 0.043956043956044 0.043956043956044 0.0989010989010989 0.153846153846154 0.197802197802198 0.0549450549450549 0 0
0 0 0 0.0535714285714286 0.0714285714285714 0.0535714285714286 0.267857142857143 0.428571428571429 0.571428571428571 0.303571428571429 0.0535714285714286 0 0.107142857142857 0.178571428571429 0.0714285714285714 0
0.0434782608695652 0.0579710144927536 0.0144927536231884 0.159420289855072 0.101449275362319 0.072463768115942 0.0869565217391304 0.318840579710145 0.681159420289855 0.420289855072464 0.260869565217391 0 0 0 0.0434782608695652 0
0.178571428571429 0.125 0.0178571428571429 0.875 1.03571428571429 0.482142857142857 0.339285714285714 0.232142857142857 0.232142857142857 0.142857142857143 0.178571428571429 0.125 0 0 0 0
0.135135135135135 0.351351351351351 0.0540540540540541 0.0945945945945946 0.310810810810811 0.554054054054054 0.378378378378378 0.0810810810810811 0.108108108108108 0.22972972972973 0.0810810810810811 0.162162162162162 0.0945945945945946 0 0 0
0.175438596491228 0.385964912280702 0.12280701754386 0.192982456140351 0.333333333333333 1.03508771929825 1.03508771929825 0.175438596491228 0 0.140350877192982 0.105263157894737 0.0350877192982456 0.140350877192982 0.0526315789473684 0 0.0175438596491228
0.0181818181818182 0.363636363636364 0.309090909090909 0.127272727272727 0.163636363636364 0.145454545454545 0.636363636363636 0.4 0.327272727272727 0.0909090909090909 0.0181818181818182 0.0909090909090909 0.2 0.0181818181818182 0.0181818181818182 0
0 0.0869565217391304 0.391304347826087 0.347826086956522 0.101449275362319 0.217391304347826 0.260869565217391 0.304347826086957 0.478260869565217 0.405797101449275 0.391304347826087 0 0.0869565217391304 0.36231884057971 0.217391304347826 0.608695652173913
0.028169014084507 0 0.112676056338028 0.366197183098592 0.169014084507042 0.197183098591549 0.126760563380282 0.225352112676056 0.338028169014085 0.591549295774648 0.253521126760563 0.0563380281690141 0.0140845070422535 0.0704225352112676 0.140845070422535 0.0563380281690141
0.0178571428571429 0.0357142857142857 0 0.125 0.232142857142857 0.357142857142857 0 0.160714285714286 0.0535714285714286 0.214285714285714 0.375 0.535714285714286 0.0357142857142857 0 0 0
0 0.0909090909090909 0 0 0.136363636363636 0.272727272727273 0.136363636363636 0.0227272727272727 0.0227272727272727 0 0.363636363636364 0.613636363636364 0.159090909090909 0 0 0.0909090909090909
0 0.166666666666667 0 0 0 0.119047619047619 0.0952380952380952 0.0476190476190476 0.0952380952380952 0 0.0714285714285714 0.571428571428571 0.214285714285714 0.0476190476190476 0 0
0 0.0769230769230769 0.115384615384615 0.115384615384615 0 0 0.384615384615385 0.538461538461538 0.269230769230769 0.230769230769231 0 0.0384615384615385 0.0384615384615385 0.153846153846154 0.0384615384615385 0
0 0.133333333333333 0.0666666666666667 0 0.266666666666667 0 0.133333333333333 0.133333333333333 0.466666666666667 0.133333333333333 0.533333333333333 0 0 0 0.0666666666666667 0
0 0 0 0.4 0.0666666666666667 0 0 0.266666666666667 0.533333333333333 0.4 0.133333333333333 0.266666666666667 0 0 0 0.2
