0 0.0740740740740741 0 0.0740740740740741 0.740740740740741 0.666666666666667 0.259259259259259 0 0 0.296296296296296 0.148148148148148 0.296296296296296 0.148148148148148 0 0.0740740740740741 0
0 0.021978021978022 0.010989010989011 0.010989010989011 0.0659340659340659 0.384615384615385 0.879120879120879 0.351648351648352 0.0659340659340659 0.0879120879120879 0.0659340659340659 0.0659340659340659 0.0879120879120879 0.0769230769230769 0.010989010989011 0
0 0 0 0.0178571428571429 0.0535714285714286 0.0892857142857143 0.589285714285714 0.428571428571429 0.410714285714286 0.321428571428571 0.0535714285714286 0 0.0892857142857143 0.0892857142857143 0.0714285714285714 0
0.0289855072463768 0.072463768115942 0.0144927536231884 0.27536231884058 0.115942028985507 0.144927536231884 0.130434782608696 0.304347826086957 0.608695652173913 0.434782608695652 0.159420289855072 0.0869565217391304 0 0 0 0
0.142857142857143 0.285714285714286 0.0178571428571429 0.428571428571429 0.767857142857143 0.839285714285714 0.625 0.160714285714286 0.214285714285714 0.303571428571429 0.303571428571429 0.0357142857142857 0.0535714285714286 0 0 0
0.175675675675676 0.486486486486487 0.0540540540540541 0.0810810810810811 0.432432432432432 0.72972972972973 0.445945945945946 0.108108108108108 0.0675675675675676 0.162162162162162 0.0945945945945946 0.324324324324324 0.162162162162162 0 0 0
0.0701754385964912 0.473684210526316 0.245614035087719 0.175438596491228 0.0701754385964912 0.43859649122807 0.456140350877193 0.175438596491228 0 0 0.0701754385964912 0.0526315789473684 0.105263157894737 0.087719298245614 0 0
0.0363636363636364 0.4 0.127272727272727 0.0727272727272727 0.163636363636364 0.127272727272727 0.454545454545455 0.327272727272727 0.381818181818182 0.0181818181818182 0.0545454545454545 0.0909090909090909 0.0909090909090909 0.0181818181818182 0.0181818181818182 0.0727272727272727
0 0.130434782608696 0.36231884057971 0.391304347826087 0.0869565217391304 0.202898550724638 0.246376811594203 0.289855072463768 0.492753623188406 0.826086956521739 0.971014492753623 0.072463768115942 0.101449275362319 0.463768115942029 0.695652173913043 1.30434782608696
0.0563380281690141 0 0.197183098591549 0.422535211267606 0.225352112676056 0.225352112676056 0.23943661971831 0.140845070422535 0.338028169014085 0.549295774647887 0.366197183098592 0.0422535211267606 0.0140845070422535 0.0704225352112676 0.0563380281690141 0.028169014084507
0.0178571428571429 0.0892857142857143 0 0.160714285714286 0.392857142857143 0.25 0.0178571428571429 0.178571428571429 0.0535714285714286 0.25 0.303571428571429 0.482142857142857 0.0357142857142857 0 0 0
0.0227272727272727 0.0454545454545455 0 0 0.204545454545455 0.136363636363636 0.113636363636364 0.0454545454545455 0 0.0454545454545455 0.181818181818182 0.613636363636364 0.136363636363636 0 0 0.0681818181818182
0 0.166666666666667 0 0 0 0.142857142857143 0.166666666666667 0.0476190476190476 0 0 0.0714285714285714 0.452380952380952 0.380952380952381 0.0238095238095238 0 0
0 0.192307692307692 0.0384615384615385 0.153846153846154 0.0769230769230769 0.0769230769230769 0.346153846153846 0.384615384615385 0.269230769230769 0.269230769230769 0.0769230769230769 0.115384615384615 0 0.230769230769231 0 0
0 0.0666666666666667 0.133333333333333 0.133333333333333 0.266666666666667 0 0 0.2 0.666666666666667 0.266666666666667 0.4 0 0 0.133333333333333 0 0
0 0 0 0.266666666666667 0.133333333333333 0 0 0.266666666666667 0.266666666666667 0.733333333333333 0.266666666666667 0.0666666666666667 0 0 0 0
