0 0.037037037037037 0 0 1.11111111111111 0.592592592592593 0.296296296296296 0 0 0.222222222222222 0.296296296296296 0.037037037037037 0.037037037037037 0 0 0
0 0.142857142857143 0.010989010989011 0.021978021978022 0.241758241758242 0.571428571428571 0.703296703296703 0.307692307692308 0.043956043956044 0.043956043956044 0.0549450549450549 0.0879120879120879 0.142857142857143 0.032967032967033 0 0
0 0 0 0.0357142857142857 0.142857142857143 0 0.535714285714286 0.464285714285714 0.446428571428571 0.25 0.0535714285714286 0.0178571428571429 0.232142857142857 0.214285714285714 0.0178571428571429 0
0.0144927536231884 0.0869565217391304 0.0434782608695652 0.072463768115942 0.101449275362319 0.159420289855072 0.173913043478261 0.347826086956522 0.347826086956522 0.521739130434783 0.260869565217391 0.0434782608695652 0 0.0144927536231884 0.0869565217391304 0.0289855072463768
0.0714285714285714 0.0892857142857143 0 1.46428571428571 1.75 0.589285714285714 0.678571428571429 0.142857142857143 0.285714285714286 0.285714285714286 0.267857142857143 0.0535714285714286 0.0357142857142857 0 0 0
0.0810810810810811 0.405405405405405 0.0675675675675676 0.162162162162162 0.432432432432432 0.716216216216216 0.378378378378378 0.0810810810810811 0.121621621621622 0.0675675675675676 0.0810810810810811 0.22972972972973 0.0945945945945946 0 0 0
0.12280701754386 0.56140350877193 0.175438596491228 0.0526315789473684 0.12280701754386 0.473684210526316 0.719298245614035 0.12280701754386 0 0.0701754385964912 0.0350877192982456 0.0526315789473684 0.105263157894737 0.087719298245614 0 0
0.0727272727272727 0.290909090909091 0.181818181818182 0.145454545454545 0.0181818181818182 0.2 0.290909090909091 0.509090909090909 0.236363636363636 0.0727272727272727 0.0363636363636364 0.0727272727272727 0.163636363636364 0 0.0181818181818182 0.0181818181818182
0 0.0289855072463768 0.507246376811594 0.333333333333333 0.0869565217391304 0.159420289855072 0.130434782608696 0.289855072463768 0.463768115942029 0.449275362318841 0.289855072463768 0.0289855072463768 0.246376811594203 0.289855072463768 0.347826086956522 0.521739130434783
0.0140845070422535 0.0140845070422535 0.126760563380282 0.549295774647887 0.183098591549296 0.323943661971831 0.253521126760563 0.154929577464789 0.464788732394366 0.76056338028169 0.436619718309859 0.0985915492957746 0.028169014084507 0.028169014084507 0.126760563380282 0.028169014084507
0.0535714285714286 0.107142857142857 0 0.0714285714285714 0.232142857142857 0.392857142857143 0 0.142857142857143 0 0.178571428571429 0.375 0.660714285714286 0.0892857142857143 0 0 0
0 0.113636363636364 0 0.0227272727272727 0.113636363636364 0.409090909090909 0.181818181818182 0.0454545454545455 0 0.0454545454545455 0.227272727272727 0.545454545454545 0.0681818181818182 0 0 0.0681818181818182
0 0.0952380952380952 0 0 0 0.0476190476190476 0.0476190476190476 0.0952380952380952 0.19047619047619 0 0.119047619047619 0.452380952380952 0.166666666666667 0.0714285714285714 0 0
0 0.0769230769230769 0.0384615384615385 0.307692307692308 0.115384615384615 0.0384615384615385 0.461538461538462 0.423076923076923 0.307692307692308 0.192307692307692 0.115384615384615 0 0.0384615384615385 0.307692307692308 0 0
0 0 0.133333333333333 0.0666666666666667 0 0 0.4 0.2 0.533333333333333 0.533333333333333 0.2 0 0 0.0666666666666667 0 0
0 0.0666666666666667 0 0.266666666666667 0.266666666666667 0.0666666666666667 0.0666666666666667 0.2 0.2 0.333333333333333 0 0.266666666666667 0 0 0 0.0666666666666667
