0.259259259259259 0.481481481481481 0.148148148148148 1.07407407407407 1.66666666666667 2.33333333333333 1.85185185185185 0.259259259259259 0.148148148148148 1.07407407407407 1.11111111111111 2 1.55555555555556 0.111111111111111 0.333333333333333 0.0740740740740741
0.267605633802817 0.690140845070422 0.47887323943662 0.873239436619718 1.02816901408451 2.69014084507042 3.22535211267606 1.15492957746479 1.01408450704225 0.619718309859155 0.845070422535211 1.19718309859155 1.26760563380282 0.267605633802817 0.140845070422535 0.28169014084507
0.25 0.75 1.07894736842105 0.644736842105263 0.355263157894737 1.11842105263158 1.71052631578947 2.30263157894737 2.30263157894737 1.19736842105263 1.17105263157895 0.907894736842105 1.35526315789474 0.31578947368421 0.31578947368421 0.789473684210526
0.260869565217391 0.521739130434782 1.01449275362319 1.52173913043478 1.88405797101449 1.11594202898551 1.20289855072464 2.18840579710145 2.55072463768116 1.89855072463768 1.63768115942029 0.782608695652174 0.623188405797101 0.463768115942029 0.434782608695652 0.72463768115942
0.428571428571428 0.928571428571428 0.785714285714286 2.25 1.875 2.375 2.30357142857143 1.25 1.30357142857143 2.42857142857143 2.01785714285714 1.39285714285714 1.78571428571429 0.321428571428571 0.0892857142857143 0.285714285714286
0.72972972972973 2.04054054054054 0.486486486486486 1.05405405405405 1.18918918918919 3.21621621621622 2.87837837837838 0.837837837837838 0.635135135135135 1.28378378378378 1.22972972972973 1.54054054054054 1.36486486486486 0.0810810810810811 0.0675675675675676 0.283783783783784
0.56140350877193 1.28070175438596 1.33333333333333 1.15789473684211 1.07017543859649 3.47368421052632 4.10526315789474 0.912280701754386 0.508771929824561 0.807017543859649 0.87719298245614 1.07017543859649 1.10526315789474 0.12280701754386 0.12280701754386 0.192982456140351
0.381818181818182 0.909090909090909 1.41818181818182 1.78181818181818 1.14545454545455 1.74545454545455 1.58181818181818 2.63636363636364 1.63636363636364 0.636363636363636 0.418181818181818 1.43636363636364 1.65454545454545 0.381818181818182 0.2 0.363636363636364
0.521739130434782 0.91304347826087 2.60869565217391 1.66666666666667 0.884057971014493 1.89855072463768 2.17391304347826 3.2463768115942 3.27536231884058 1.36231884057971 1.57971014492754 0.753623188405797 0.956521739130435 0.739130434782609 0.753623188405797 1.65217391304348
0.52112676056338 1.54929577464789 1.69014084507042 2.85915492957746 2.42253521126761 1.8169014084507 1.97183098591549 1.70422535211268 2.61971830985915 3.59154929577465 3.19718309859155 0.746478873239437 0.619718309859155 0.647887323943662 1.07042253521127 1.71830985915493
0.25 0.5 0.303571428571428 1.82142857142857 1.66071428571429 2.33928571428571 2.17857142857143 1.125 1.26785714285714 2.66071428571429 2.46428571428571 1.92857142857143 1.78571428571429 0.392857142857143 0.285714285714286 0.696428571428571
0.295454545454545 0.545454545454545 0.340909090909091 0.454545454545454 0.772727272727273 1.97727272727273 1.88636363636364 0.636363636363636 0.886363636363636 0.954545454545454 1.40909090909091 1.61363636363636 1.29545454545455 0.386363636363636 0.272727272727273 0.772727272727273
0.19047619047619 0.619047619047619 0.595238095238095 0.428571428571428 0.214285714285714 1.9047619047619 1.9047619047619 0.857142857142857 0.952380952380952 0.5 0.619047619047619 1.9047619047619 2 0.19047619047619 0.166666666666667 0.285714285714286
0.153846153846154 0.346153846153846 0.653846153846154 0.730769230769231 0.538461538461538 0.884615384615384 1.42307692307692 3.34615384615385 2.5 0.5 0.230769230769231 0.807692307692308 0.5 0.384615384615385 0.423076923076923 0.576923076923077
0 0 0.2 1.4 1.86666666666667 0.2 0.333333333333333 1.06666666666667 1.66666666666667 1.86666666666667 2.46666666666667 0.0666666666666667 0 0.2 0 0.466666666666667
0.266666666666667 0.733333333333333 0 1.73333333333333 1.46666666666667 0.866666666666667 0.733333333333333 1 1.8 2.06666666666667 1.33333333333333 0.266666666666667 0.266666666666667 0 0.0666666666666667 0
