0.111111111111111 0.407407407407407 0.185185185185185 0.925925925925926 1.40740740740741 1.81481481481481 1.96296296296296 0.185185185185185 0.259259259259259 1.11111111111111 1.2962962962963 1.66666666666667 1.81481481481481 0.148148148148148 0.296296296296296 0.222222222222222
0.208791208791209 0.835164835164835 0.439560439560439 0.714285714285714 0.747252747252747 2.61538461538461 2.95604395604396 1.12087912087912 0.857142857142857 0.340659340659341 0.428571428571428 1.58241758241758 1.37362637362637 0.197802197802198 0.0989010989010989 0.164835164835165
0.125 0.482142857142857 0.285714285714286 0.410714285714286 0.375 1.42857142857143 1.55357142857143 1.39285714285714 2.25 1.35714285714286 0.821428571428571 0.928571428571428 0.714285714285714 0.232142857142857 0.160714285714286 0.339285714285714
0.231884057971014 0.956521739130435 0.695652173913043 1.94202898550725 1.85507246376812 1.33333333333333 1.30434782608696 2.18840579710145 2.60869565217391 1.21739130434783 1.27536231884058 0.623188405797101 0.550724637681159 0.36231884057971 0.405797101449275 0.463768115942029
0.446428571428571 1.16071428571429 0.553571428571428 2.89285714285714 2.92857142857143 2.125 1.91071428571429 1.55357142857143 1.55357142857143 2.16071428571429 1.92857142857143 0.696428571428571 0.732142857142857 0.25 0.196428571428571 0.446428571428571
0.972972972972973 2.37837837837838 0.405405405405405 0.837837837837838 1.13513513513513 3.32432432432432 3.21621621621622 1.2027027027027 1.01351351351351 1.51351351351351 1.66216216216216 0.918918918918919 0.797297297297297 0.0540540540540541 0.0945945945945946 0.256756756756757
0.526315789473684 1.84210526315789 0.824561403508772 1.3859649122807 1.6140350877193 4.10526315789474 4.70175438596491 1.28070175438596 0.982456140350877 1.10526315789474 0.754385964912281 1.57894736842105 1.70175438596491 0.245614035087719 0.245614035087719 0.333333333333333
0.472727272727273 1.76363636363636 1.05454545454545 1.30909090909091 0.763636363636364 1.56363636363636 1.72727272727273 2.2 2.52727272727273 0.527272727272727 0.381818181818182 0.909090909090909 0.836363636363636 0.254545454545455 0.272727272727273 0.381818181818182
0.347826086956522 1.20289855072464 1.63768115942029 1.85507246376812 0.826086956521739 1.08695652173913 1.27536231884058 2.91304347826087 3.05797101449275 1.34782608695652 1.08695652173913 0.869565217391304 0.710144927536232 0.855072463768116 0.565217391304348 1.59420289855072
0.422535211267606 1.15492957746479 1.2112676056338 1.92957746478873 1.71830985915493 1.47887323943662 1.54929577464789 1.28169014084507 1.73239436619718 2.77464788732394 2.67605633802817 0.366197183098592 0.28169014084507 0.901408450704225 0.647887323943662 1.59154929577465
0.357142857142857 0.75 0.446428571428571 1.625 1.53571428571429 2.39285714285714 2.17857142857143 1.71428571428571 1.69642857142857 2.625 2.48214285714286 1.89285714285714 1.35714285714286 0.446428571428571 0.142857142857143 0.553571428571428
0.340909090909091 0.818181818181818 0.272727272727273 0.772727272727273 0.659090909090909 1.65909090909091 1.88636363636364 0.704545454545454 0.522727272727273 1.31818181818182 1.61363636363636 1.75 1.38636363636364 0.136363636363636 0.181818181818182 0.568181818181818
0.214285714285714 0.5 0.285714285714286 0.785714285714286 0.261904761904762 2.07142857142857 1.95238095238095 1 0.857142857142857 0.642857142857143 0.809523809523809 1.69047619047619 1.57142857142857 0.0714285714285714 0.0714285714285714 0.119047619047619
0 0.423076923076923 0.423076923076923 0.461538461538461 0.615384615384615 0.884615384615384 0.884615384615384 1.92307692307692 2.15384615384615 0.846153846153846 0.846153846153846 0.730769230769231 0.807692307692308 0.384615384615385 0.230769230769231 0.461538461538461
0.0666666666666667 0.4 0.466666666666667 0.866666666666667 0.933333333333333 0.8 0.933333333333333 1.86666666666667 1.86666666666667 2.06666666666667 2 0.333333333333333 0.333333333333333 0.266666666666667 0.133333333333333 0.466666666666667
0.2 0.4 0.133333333333333 0.933333333333333 0.8 0.8 1 0.666666666666667 0.533333333333333 2.93333333333333 2.26666666666667 0.8 0.466666666666667 0.466666666666667 0.4 0.6
