0.111111111111111 0.444444444444444 0.185185185185185 0.777777777777778 1.7037037037037 2.2962962962963 2 0.333333333333333 0.185185185185185 1 1.37037037037037 1.33333333333333 1.33333333333333 0.111111111111111 0.185185185185185 0.407407407407407
0.0985915492957746 0.535211267605634 0.408450704225352 0.830985915492958 0.830985915492958 2.61971830985915 2.67605633802817 1.12676056338028 1 0.52112676056338 0.676056338028169 1.23943661971831 1.32394366197183 0.197183098591549 0.112676056338028 0.253521126760563
0.236842105263158 0.697368421052632 0.657894736842105 0.815789473684211 0.486842105263158 1.65789473684211 2.02631578947368 1.90789473684211 2.05263157894737 0.947368421052632 0.973684210526316 0.815789473684211 0.828947368421053 0.342105263157895 0.184210526315789 0.473684210526316
0.188405797101449 0.579710144927536 1.05797101449275 1.82608695652174 1.94202898550725 1.26086956521739 1.57971014492754 1.76811594202899 2.28985507246377 1.57971014492754 1.84057971014493 0.507246376811594 0.623188405797101 0.27536231884058 0.405797101449275 0.565217391304348
0.839285714285714 1.05357142857143 0.660714285714286 2.14285714285714 2.17857142857143 1.41071428571429 1.48214285714286 1.44642857142857 1.35714285714286 1.85714285714286 2.14285714285714 1.01785714285714 0.714285714285714 0.375 0.464285714285714 0.535714285714286
0.918918918918919 2 0.472972972972973 1.18918918918919 1.56756756756757 3.28378378378378 3.22972972972973 1.18918918918919 1.36486486486486 1.2972972972973 1.54054054054054 1.12162162162162 0.918918918918919 0.22972972972973 0.0945945945945946 0.27027027027027
0.245614035087719 0.929824561403509 1.82456140350877 1.10526315789474 0.754385964912281 2.68421052631579 2.59649122807018 1.31578947368421 1.42105263157895 1.05263157894737 1.40350877192982 1.24561403508772 1.15789473684211 0.403508771929825 0.43859649122807 0.754385964912281
0.490909090909091 1.30909090909091 1.16363636363636 0.745454545454545 0.818181818181818 1.6 1.65454545454545 2.4 2.09090909090909 0.418181818181818 0.454545454545455 1.12727272727273 1.21818181818182 0.218181818181818 0.145454545454545 0.381818181818182
0.391304347826087 1.11594202898551 2.68115942028985 1.98550724637681 0.971014492753623 1.56521739130435 1.63768115942029 3.23188405797101 3.40579710144928 1.50724637681159 1.6231884057971 0.840579710144927 0.72463768115942 1.07246376811594 0.565217391304348 1.82608695652174
0.647887323943662 1.28169014084507 1.66197183098592 2.32394366197183 2 2.30985915492958 2.05633802816901 2.91549295774648 2.74647887323944 3.19718309859155 2.88732394366197 1.08450704225352 0.985915492957746 1.08450704225352 1.14084507042254 2.05633802816901
0.446428571428571 0.5 0.339285714285714 1.41071428571429 1.41071428571429 2.30357142857143 2.35714285714286 1.42857142857143 1.26785714285714 2.26785714285714 2.25 1.41071428571429 1.03571428571429 0.267857142857143 0.178571428571429 0.446428571428571
0.272727272727273 0.590909090909091 0.340909090909091 1 0.636363636363636 2.18181818181818 1.86363636363636 0.704545454545455 0.772727272727273 1.97727272727273 2.38636363636364 1.56818181818182 1.18181818181818 0.204545454545455 0.204545454545455 0.5
0.261904761904762 0.571428571428571 0.761904761904762 0.761904761904762 0.238095238095238 2.19047619047619 1.5 0.880952380952381 0.785714285714286 1 1.11904761904762 2.5 1.54761904761905 0.0952380952380952 0.166666666666667 0.357142857142857
0.307692307692308 0.346153846153846 0.769230769230769 1.34615384615385 0.923076923076923 0.769230769230769 1.03846153846154 1.57692307692308 2.11538461538462 0.923076923076923 0.576923076923077 0.384615384615385 0.846153846153846 0.884615384615385 0.5 1.38461538461538
0.533333333333333 0.733333333333333 0.866666666666667 0.733333333333333 1.06666666666667 1.2 1.33333333333333 1.33333333333333 1.93333333333333 1.46666666666667 1.46666666666667 0.666666666666667 0.533333333333333 0.2 0.533333333333333 1.06666666666667
0.2 0.6 0 1.13333333333333 0.733333333333333 1.46666666666667 1.06666666666667 1 0.866666666666667 4.26666666666667 5.26666666666667 0.266666666666667 0.133333333333333 0.4 0.933333333333333 1.86666666666667
