0.037037037037037 0.37037037037037 0.037037037037037 1 1.59259259259259 2.07407407407407 1.22222222222222 0.148148148148148 0.148148148148148 0.888888888888889 0.925925925925926 1.14814814814815 1.03703703703704 0.407407407407407 0.296296296296296 0.444444444444444
0.318681318681319 0.714285714285714 0.252747252747253 0.637362637362637 0.538461538461538 2.72527472527473 2.79120879120879 1.43956043956044 0.857142857142857 0.703296703296703 0.681318681318681 1.01098901098901 0.901098901098901 0.0989010989010989 0.0769230769230769 0.186813186813187
0.178571428571429 0.428571428571429 0.517857142857143 0.482142857142857 0.357142857142857 1.16071428571429 1.53571428571429 2.14285714285714 2.60714285714286 0.964285714285714 0.839285714285714 0.5 0.553571428571429 0.589285714285714 0.321428571428571 0.535714285714286
0.188405797101449 0.623188405797101 0.695652173913043 1.43478260869565 1.47826086956522 0.942028985507246 1.05797101449275 2.27536231884058 2.50724637681159 1.7536231884058 1.69565217391304 0.652173913043478 0.594202898550725 0.333333333333333 0.478260869565217 0.826086956521739
0.607142857142857 1.03571428571429 0.428571428571429 1.83928571428571 1.875 1.82142857142857 1.41071428571429 1.14285714285714 1.07142857142857 2.32142857142857 2.39285714285714 1.55357142857143 1.23214285714286 0.339285714285714 0.142857142857143 0.410714285714286
0.567567567567568 1.93243243243243 0.364864864864865 1.22972972972973 1.24324324324324 2.85135135135135 3.09459459459459 0.837837837837838 0.77027027027027 1.63513513513514 1.58108108108108 1.25675675675676 1.14864864864865 0.108108108108108 0.0945945945945946 0.162162162162162
0.43859649122807 1.92982456140351 1.19298245614035 1.08771929824561 0.736842105263158 4.80701754385965 4.6140350877193 1.63157894736842 1 1.08771929824561 1.08771929824561 1.75438596491228 1.6140350877193 0.578947368421053 0.263157894736842 0.578947368421053
0.436363636363636 1.43636363636364 0.981818181818182 1.25454545454545 1.29090909090909 1.65454545454545 1.96363636363636 1.92727272727273 2.09090909090909 0.236363636363636 0.418181818181818 0.945454545454545 0.963636363636364 0.290909090909091 0.127272727272727 0.363636363636364
0.434782608695652 1.69565217391304 2.02898550724638 1.57971014492754 0.985507246376812 1.49275362318841 1.59420289855072 2.56521739130435 2.60869565217391 1.02898550724638 0.898550724637681 0.942028985507246 1.01449275362319 0.550724637681159 0.608695652173913 1.73913043478261
0.253521126760563 1.25352112676056 0.985915492957746 1.80281690140845 1.74647887323944 1.80281690140845 2 1.57746478873239 1.80281690140845 2.64788732394366 3.11267605633803 0.732394366197183 0.605633802816901 0.887323943661972 0.619718309859155 1.70422535211268
0.178571428571429 0.642857142857143 0.142857142857143 1.30357142857143 1.76785714285714 2.19642857142857 1.67857142857143 1.76785714285714 1.42857142857143 2.39285714285714 2.21428571428571 1.5 1.64285714285714 0.25 0.25 0.482142857142857
0.272727272727273 0.886363636363636 0.295454545454545 0.568181818181818 0.886363636363636 2.09090909090909 1.70454545454545 0.863636363636364 0.568181818181818 1.54545454545455 2.13636363636364 1.84090909090909 1.59090909090909 0.272727272727273 0.25 0.863636363636364
0.333333333333333 1.04761904761905 1.23809523809524 0.833333333333333 0.571428571428571 2.28571428571429 2.11904761904762 0.904761904761905 0.523809523809524 1 1 2.38095238095238 2.4047619047619 0.285714285714286 0.119047619047619 0.333333333333333
0.230769230769231 0.538461538461538 0.423076923076923 0.884615384615385 0.730769230769231 0.538461538461538 1.15384615384615 2.84615384615385 2.38461538461538 0.653846153846154 0.653846153846154 1.46153846153846 1.30769230769231 0.576923076923077 0.384615384615385 0.576923076923077
0 0 0.133333333333333 0.866666666666667 0.933333333333333 0.733333333333333 0.8 1.6 1.53333333333333 1.06666666666667 1.46666666666667 0.0666666666666667 0 0.533333333333333 0.133333333333333 0.4
0.2 0.466666666666667 0.4 1.06666666666667 1.13333333333333 0.933333333333333 1.26666666666667 0.733333333333333 0.733333333333333 3.06666666666667 3.06666666666667 0.733333333333333 0.8 0.666666666666667 0.266666666666667 1.13333333333333
