0.037037037037037 0.296296296296296 0.185185185185185 0.888888888888889 1.33333333333333 2 1.77777777777778 0.222222222222222 0.111111111111111 1.03703703703704 0.888888888888889 1.44444444444444 1.11111111111111 0.185185185185185 0.148148148148148 0.222222222222222
0.197183098591549 0.690140845070423 0.436619718309859 0.690140845070423 0.802816901408451 2.40845070422535 2.74647887323944 1.57746478873239 1.1830985915493 0.647887323943662 0.633802816901408 1.07042253521127 1.45070422535211 0.183098591549296 0.0845070422535211 0.23943661971831
0.315789473684211 0.631578947368421 0.986842105263158 0.802631578947368 0.618421052631579 1.85526315789474 2.71052631578947 2.17105263157895 1.77631578947368 0.565789473684211 0.671052631578947 0.802631578947368 0.842105263157895 0.394736842105263 0.328947368421053 0.697368421052632
0.188405797101449 0.623188405797101 0.811594202898551 1.33333333333333 1.30434782608696 0.869565217391304 1.27536231884058 2.11594202898551 1.95652173913043 1.95652173913043 1.82608695652174 0.782608695652174 0.492753623188406 0.217391304347826 0.289855072463768 0.536231884057971
0.589285714285714 1.44642857142857 1 3.07142857142857 3.16071428571429 1.64285714285714 1.91071428571429 1.64285714285714 1.5 1.51785714285714 1.82142857142857 1.23214285714286 1.01785714285714 0.357142857142857 0.446428571428571 0.446428571428571
0.621621621621622 1.67567567567568 0.581081081081081 1.25675675675676 1.48648648648649 3.24324324324324 3.13513513513514 1.01351351351351 0.689189189189189 1.36486486486486 1.37837837837838 1.48648648648649 1.22972972972973 0.0945945945945946 0.121621621621622 0.243243243243243
0.508771929824561 1.05263157894737 1.45614035087719 1.42105263157895 1.01754385964912 4.7719298245614 4.36842105263158 1.47368421052632 1.36842105263158 0.947368421052632 1 1.35087719298246 2.03508771929825 0.368421052631579 0.157894736842105 0.56140350877193
0.345454545454545 0.909090909090909 1.58181818181818 0.781818181818182 0.709090909090909 1.50909090909091 1.50909090909091 2.32727272727273 2.32727272727273 0.418181818181818 0.218181818181818 1.27272727272727 1.09090909090909 0.163636363636364 0.145454545454545 0.527272727272727
0.347826086956522 1.31884057971015 2.47826086956522 2.01449275362319 0.826086956521739 1.69565217391304 1.65217391304348 2.89855072463768 2.84057971014493 1.33333333333333 1.44927536231884 0.956521739130435 0.956521739130435 0.840579710144927 0.608695652173913 1.44927536231884
0.535211267605634 0.929577464788732 1.57746478873239 2.49295774647887 1.52112676056338 1.83098591549296 1.70422535211268 1.66197183098592 1.91549295774648 3.11267605633803 2.67605633802817 0.929577464788732 0.690140845070423 0.76056338028169 0.901408450704225 1.90140845070423
0.267857142857143 0.482142857142857 0.428571428571429 1.82142857142857 1.35714285714286 2.69642857142857 2.30357142857143 1.51785714285714 1.66071428571429 2.30357142857143 2.44642857142857 1.48214285714286 1.26785714285714 0.535714285714286 0.303571428571429 0.553571428571429
0.204545454545455 0.840909090909091 1.40909090909091 0.954545454545455 0.795454545454545 1.97727272727273 1.97727272727273 0.636363636363636 0.681818181818182 1.68181818181818 1.81818181818182 1.59090909090909 1.29545454545455 0.25 0.136363636363636 0.613636363636364
0.142857142857143 0.571428571428571 0.642857142857143 0.761904761904762 0.5 1.76190476190476 1.83333333333333 1.11904761904762 1.16666666666667 0.714285714285714 0.833333333333333 1.80952380952381 1.71428571428571 0.0714285714285714 0.0714285714285714 0.19047619047619
0.230769230769231 0.615384615384615 0.807692307692308 0.576923076923077 0.269230769230769 1.26923076923077 1.38461538461538 2.65384615384615 2.38461538461538 0.5 0.192307692307692 0.423076923076923 0.653846153846154 0.692307692307692 0.461538461538462 0.846153846153846
0 0 0.933333333333333 0.6 0.866666666666667 0.666666666666667 0.933333333333333 1.73333333333333 1.93333333333333 1.46666666666667 1.26666666666667 0.0666666666666667 0 0.2 0.133333333333333 0.266666666666667
0.2 0.6 0.2 0.4 0.466666666666667 1.33333333333333 1.06666666666667 0.733333333333333 0.466666666666667 2 2.26666666666667 0.466666666666667 0.4 0.266666666666667 0.133333333333333 0.266666666666667
