0 0.0740740740740741 0 0.037037037037037 0.407407407407407 0.888888888888889 0.444444444444444 0 0 0.0740740740740741 0.148148148148148 0.148148148148148 0.148148148148148 0 0.037037037037037 0
0 0.043956043956044 0.021978021978022 0.021978021978022 0.186813186813187 0.494505494505495 0.791208791208791 0.263736263736264 0.032967032967033 0.0549450549450549 0.186813186813187 0.131868131868132 0.0879120879120879 0.0549450549450549 0.021978021978022 0
0 0 0 0 0.0178571428571429 0.107142857142857 0.482142857142857 0.357142857142857 0.5 0.339285714285714 0.0714285714285714 0 0.160714285714286 0.25 0.0357142857142857 0
0 0.0434782608695652 0.0144927536231884 0.188405797101449 0.072463768115942 0.072463768115942 0.0579710144927536 0.289855072463768 0.782608695652174 0.391304347826087 0.188405797101449 0.0289855072463768 0 0 0 0
0.0892857142857143 0.25 0.0178571428571429 0.125 0.571428571428571 0.535714285714286 0.482142857142857 0.214285714285714 0.142857142857143 0.232142857142857 0.178571428571429 0.142857142857143 0 0 0 0
0.135135135135135 0.351351351351351 0.0675675675675676 0.162162162162162 0.418918918918919 0.608108108108108 0.324324324324324 0.0405405405405405 0.0405405405405405 0.0810810810810811 0.0135135135135135 0.243243243243243 0.121621621621622 0 0 0
0.0701754385964912 0.491228070175439 0.263157894736842 0.105263157894737 0.0701754385964912 1.01754385964912 0.894736842105263 0.105263157894737 0 0.0175438596491228 0 0.0175438596491228 0.0526315789473684 0 0.0175438596491228 0
0.0363636363636364 0.327272727272727 0.218181818181818 0.218181818181818 0.272727272727273 0.2 0.381818181818182 0.509090909090909 0.181818181818182 0.0727272727272727 0.127272727272727 0.0363636363636364 0.4 0.0727272727272727 0.0363636363636364 0
0 0.159420289855072 0.333333333333333 0.304347826086957 0.130434782608696 0.144927536231884 0.130434782608696 0.159420289855072 0.507246376811594 0.449275362318841 0.36231884057971 0.0869565217391304 0.0869565217391304 0.405797101449275 0.289855072463768 0.594202898550725
0.0140845070422535 0.028169014084507 0.154929577464789 0.394366197183099 0.225352112676056 0.183098591549296 0.126760563380282 0.169014084507042 0.323943661971831 0.661971830985915 0.366197183098592 0.0563380281690141 0.0422535211267606 0.0563380281690141 0.169014084507042 0.169014084507042
0.0357142857142857 0.0714285714285714 0 0.0714285714285714 0.142857142857143 0.339285714285714 0.0357142857142857 0.178571428571429 0.0357142857142857 0.232142857142857 0.410714285714286 0.267857142857143 0.0178571428571429 0 0 0
0.0227272727272727 0.113636363636364 0 0.0227272727272727 0.204545454545455 0.363636363636364 0.159090909090909 0.0454545454545455 0 0.0227272727272727 0.181818181818182 0.545454545454545 0.159090909090909 0 0 0.0454545454545455
0 0.0952380952380952 0 0 0 0.0714285714285714 0.166666666666667 0 0.19047619047619 0 0.166666666666667 0.404761904761905 0.261904761904762 0.0714285714285714 0 0
0.0384615384615385 0.0769230769230769 0.115384615384615 0.115384615384615 0 0.115384615384615 0.384615384615385 0.461538461538462 0.230769230769231 0.192307692307692 0 0.153846153846154 0.0769230769230769 0.307692307692308 0 0
0 0.133333333333333 0.0666666666666667 0 0.266666666666667 0 0.266666666666667 0.0666666666666667 0.333333333333333 0.533333333333333 0.4 0 0 0 0.133333333333333 0
0 0.133333333333333 0 0.0666666666666667 0.266666666666667 0.133333333333333 0.133333333333333 0.133333333333333 0.266666666666667 0.533333333333333 0 0.133333333333333 0 0 0 0.0666666666666667
