0.111111111111111 0.296296296296296 0.148148148148148 1 2.11111111111111 1.77777777777778 1.81481481481481 0.407407407407407 0.111111111111111 1.51851851851852 1.37037037037037 1.18518518518519 0.666666666666667 0.185185185185185 0.259259259259259 0.222222222222222
0.183098591549296 0.591549295774648 0.450704225352113 0.887323943661972 1.02816901408451 2.67605633802817 2.90140845070423 1.09859154929577 0.591549295774648 0.830985915492958 0.929577464788732 1.30985915492958 1.19718309859155 0.0985915492957746 0.140845070422535 0.197183098591549
0.197368421052632 0.460526315789474 0.631578947368421 0.710526315789474 0.25 1.10526315789474 1.80263157894737 2.13157894736842 1.90789473684211 1.17105263157895 1.05263157894737 0.802631578947368 0.618421052631579 0.592105263157895 0.197368421052632 0.671052631578947
0.159420289855072 0.550724637681159 0.840579710144927 1.3768115942029 1.57971014492754 1.7536231884058 1.2463768115942 2.15942028985507 2.30434782608696 1.7536231884058 1.59420289855072 0.811594202898551 0.608695652173913 0.36231884057971 0.536231884057971 0.72463768115942
0.375 1.26785714285714 0.803571428571429 2.03571428571429 2.51785714285714 2.17857142857143 1.96428571428571 1.05357142857143 1.25 2.19642857142857 2.16071428571429 0.892857142857143 0.785714285714286 0.25 0.214285714285714 0.553571428571429
0.72972972972973 1.64864864864865 0.405405405405405 1.21621621621622 1.12162162162162 3.77027027027027 3.16216216216216 1.01351351351351 0.635135135135135 1.08108108108108 1.24324324324324 1.14864864864865 0.972972972972973 0.0810810810810811 0.027027027027027 0.162162162162162
0.385964912280702 1.19298245614035 1.6140350877193 1.59649122807018 0.912280701754386 2.91228070175439 2.71929824561404 1.36842105263158 1.07017543859649 1.14035087719298 1.05263157894737 1.6140350877193 1.47368421052632 0.543859649122807 0.245614035087719 0.666666666666667
0.309090909090909 1.21818181818182 1.52727272727273 1.16363636363636 0.781818181818182 2.07272727272727 2.09090909090909 2.14545454545455 2.21818181818182 0.581818181818182 0.4 1.29090909090909 1.38181818181818 0.0727272727272727 0.0181818181818182 0.163636363636364
0.492753623188406 0.956521739130435 2.3768115942029 1.73913043478261 0.898550724637681 1.59420289855072 1.31884057971015 2.89855072463768 3.10144927536232 1.69565217391304 1.39130434782609 0.681159420289855 0.72463768115942 0.898550724637681 0.797101449275362 1.57971014492754
0.394366197183099 0.676056338028169 1.05633802816901 2.14084507042254 2.09859154929577 1.83098591549296 1.94366197183099 1.76056338028169 1.87323943661972 3.09859154929577 2.98591549295775 0.197183098591549 0.126760563380282 0.690140845070423 0.619718309859155 1.25352112676056
0.0714285714285714 0.339285714285714 0.303571428571429 0.946428571428571 0.964285714285714 1.94642857142857 1.73214285714286 1.26785714285714 1.21428571428571 1.82142857142857 1.76785714285714 1.08928571428571 1.07142857142857 0.446428571428571 0.196428571428571 0.464285714285714
0.454545454545455 1.13636363636364 0.545454545454545 1.15909090909091 1.68181818181818 2.63636363636364 3.09090909090909 0.545454545454545 0.545454545454545 0.954545454545455 1.43181818181818 2.06818181818182 1.18181818181818 0.340909090909091 0.477272727272727 0.977272727272727
0.238095238095238 0.428571428571429 0.642857142857143 0.571428571428571 0.357142857142857 2 1.76190476190476 1.07142857142857 0.833333333333333 0.761904761904762 1 1.57142857142857 1.23809523809524 0.0952380952380952 0.0476190476190476 0.0952380952380952
0.0769230769230769 0.730769230769231 0.653846153846154 1.07692307692308 0.769230769230769 0.5 1.80769230769231 2.19230769230769 1.42307692307692 0.692307692307692 0.692307692307692 0.384615384615385 0.576923076923077 0.653846153846154 0.615384615384615 1.23076923076923
0 0.466666666666667 1 1.46666666666667 1.26666666666667 1.33333333333333 0.933333333333333 2.2 2.46666666666667 0.733333333333333 0.733333333333333 0.466666666666667 0.6 0.333333333333333 0.466666666666667 0.533333333333333
0.333333333333333 0.6 0 0.533333333333333 0.333333333333333 1.46666666666667 0.866666666666667 0.733333333333333 0.466666666666667 3.13333333333333 1.6 0.4 0.4 0.266666666666667 0.4 0.8
