0.111111111111111 1 0.0740740740740741 1.48148148148148 2.25925925925926 2.03703703703704 2 0.185185185185185 0.333333333333333 2.07407407407407 2.03703703703704 1.22222222222222 1.14814814814815 0.407407407407407 0.185185185185185 0.37037037037037
0.21978021978022 0.879120879120879 0.373626373626374 0.659340659340659 0.78021978021978 2.6043956043956 3.10989010989011 1.07692307692308 0.923076923076923 0.769230769230769 0.692307692307692 1.16483516483516 1.40659340659341 0.285714285714286 0.142857142857143 0.417582417582417
0.196428571428571 0.642857142857143 0.553571428571428 1.03571428571429 0.357142857142857 0.928571428571428 1.58928571428571 2.30357142857143 2.66071428571429 0.839285714285714 0.75 0.75 0.857142857142857 0.303571428571428 0.357142857142857 0.392857142857143
0.217391304347826 0.753623188405797 0.550724637681159 1.68115942028985 1.79710144927536 1.08695652173913 1.39130434782609 1.73913043478261 1.55072463768116 1.98550724637681 2.05797101449275 0.840579710144927 0.507246376811594 0.36231884057971 0.318840579710145 0.536231884057971
0.660714285714286 1.42857142857143 0.464285714285714 1.80357142857143 2.07142857142857 1.75 2.19642857142857 1.07142857142857 1.03571428571429 1.78571428571429 2.07142857142857 1.03571428571429 0.714285714285714 0.214285714285714 0.125 0.25
0.797297297297297 2.17567567567568 0.27027027027027 1.04054054054054 1.35135135135135 3.64864864864865 3.27027027027027 1.06756756756757 0.72972972972973 1.43243243243243 1.02702702702703 1.52702702702703 1.16216216216216 0.135135135135135 0.135135135135135 0.283783783783784
0.543859649122807 1.85964912280702 0.842105263157895 1.19298245614035 1.03508771929825 5.08771929824561 4.92982456140351 1.59649122807018 1.35087719298246 0.964912280701754 1.01754385964912 1.63157894736842 1.57894736842105 0.43859649122807 0.157894736842105 0.508771929824561
0.545454545454545 1.54545454545455 0.818181818181818 1.14545454545455 0.763636363636364 2.07272727272727 1.87272727272727 2.47272727272727 2.14545454545455 0.381818181818182 0.381818181818182 1.36363636363636 1.49090909090909 0.272727272727273 0.363636363636364 0.527272727272727
0.347826086956522 1.18840579710145 1.91304347826087 1.7536231884058 0.869565217391304 1.21739130434783 1.3768115942029 3.10144927536232 3.15942028985507 1.72463768115942 2 0.91304347826087 0.710144927536232 0.768115942028985 0.884057971014493 1.73913043478261
0.295774647887324 0.845070422535211 0.859154929577465 2.16901408450704 1.61971830985915 1.64788732394366 1.25352112676056 1.88732394366197 2.05633802816901 2.43661971830986 2.49295774647887 0.591549295774648 0.394366197183099 0.549295774647887 0.563380281690141 1.08450704225352
0.303571428571428 0.607142857142857 0.232142857142857 1.32142857142857 1.57142857142857 2.28571428571429 1.66071428571429 1.92857142857143 1.75 2.39285714285714 2.76785714285714 1.46428571428571 1.48214285714286 0.5 0.214285714285714 0.625
0.409090909090909 1.06818181818182 0.613636363636364 0.931818181818182 0.727272727272727 2.36363636363636 2.22727272727273 0.659090909090909 0.727272727272727 1.15909090909091 1.15909090909091 2.02272727272727 1.27272727272727 0.318181818181818 0.25 0.590909090909091
0.0714285714285714 0.666666666666667 0.285714285714286 0.642857142857143 0.452380952380952 1.80952380952381 1.47619047619048 1.30952380952381 1.45238095238095 0.714285714285714 0.809523809523809 2.07142857142857 1.38095238095238 0.0476190476190476 0.0476190476190476 0.142857142857143
0.153846153846154 1.23076923076923 0.692307692307692 1.23076923076923 0.615384615384615 1.19230769230769 2.03846153846154 2.57692307692308 2.57692307692308 0.846153846153846 0.615384615384615 1.15384615384615 0.615384615384615 0.807692307692308 0.461538461538461 1.46153846153846
0.2 0.666666666666667 0.466666666666667 1.6 1.53333333333333 1.06666666666667 1.06666666666667 1.26666666666667 1.86666666666667 1.53333333333333 1.2 0.666666666666667 0.2 0.466666666666667 0.4 0.866666666666667
0.133333333333333 0.733333333333333 0.533333333333333 0.933333333333333 1.2 1.2 1.2 0.4 0.666666666666667 2.8 2.66666666666667 1 0.8 0.4 0.6 0.866666666666667
