0 0 0 0 0.925925925925926 0.555555555555556 0.37037037037037 0 0 0.037037037037037 0.111111111111111 0.222222222222222 0.0740740740740741 0 0 0
0 0.021978021978022 0 0.021978021978022 0.0769230769230769 0.417582417582418 0.857142857142857 0.351648351648352 0.0549450549450549 0.010989010989011 0.120879120879121 0.032967032967033 0.164835164835165 0.0659340659340659 0.043956043956044 0
0 0 0 0.0357142857142857 0 0.125 0.571428571428571 0.446428571428571 0.410714285714286 0.303571428571429 0 0 0.142857142857143 0.0357142857142857 0.0357142857142857 0
0.0289855072463768 0.0144927536231884 0 0.188405797101449 0.144927536231884 0.101449275362319 0.0144927536231884 0.347826086956522 0.782608695652174 0.521739130434783 0.101449275362319 0.0579710144927536 0 0 0.0289855072463768 0.0289855072463768
0.107142857142857 0.142857142857143 0.0178571428571429 0.482142857142857 0.678571428571429 0.625 0.535714285714286 0.196428571428571 0.142857142857143 0.160714285714286 0.303571428571429 0.178571428571429 0.0535714285714286 0 0 0
0.148648648648649 0.391891891891892 0.0675675675675676 0.121621621621622 0.581081081081081 0.608108108108108 0.351351351351351 0.027027027027027 0.0405405405405405 0.0945945945945946 0.027027027027027 0.256756756756757 0.0675675675675676 0 0 0
0.140350877192982 0.526315789473684 0.228070175438596 0.12280701754386 0.087719298245614 0.771929824561403 1.03508771929825 0.175438596491228 0 0.0350877192982456 0.087719298245614 0.0701754385964912 0.140350877192982 0 0 0
0.0363636363636364 0.472727272727273 0.163636363636364 0.109090909090909 0.309090909090909 0.181818181818182 0.563636363636364 0.436363636363636 0.309090909090909 0.0363636363636364 0.0181818181818182 0.0545454545454545 0.236363636363636 0.0363636363636364 0.0181818181818182 0.0181818181818182
0 0.144927536231884 0.449275362318841 0.260869565217391 0.0144927536231884 0.144927536231884 0.159420289855072 0.217391304347826 0.565217391304348 0.753623188405797 0.63768115942029 0.0144927536231884 0.130434782608696 0.608695652173913 0.463768115942029 1.04347826086957
0.028169014084507 0.0422535211267606 0.140845070422535 0.338028169014085 0.225352112676056 0.169014084507042 0.0140845070422535 0.338028169014085 0.366197183098592 0.577464788732394 0.211267605633803 0 0.0140845070422535 0.0845070422535211 0.154929577464789 0.0985915492957746
0.0714285714285714 0.107142857142857 0 0.142857142857143 0.267857142857143 0.339285714285714 0 0.125 0 0.232142857142857 0.321428571428571 0.267857142857143 0.0535714285714286 0 0 0
0 0.113636363636364 0 0 0.0681818181818182 0.340909090909091 0.25 0.0227272727272727 0.0227272727272727 0.0909090909090909 0.340909090909091 0.454545454545455 0.136363636363636 0 0 0.0909090909090909
0 0.0714285714285714 0 0 0 0.119047619047619 0.261904761904762 0.0476190476190476 0.0952380952380952 0 0.0476190476190476 0.666666666666667 0.285714285714286 0.0476190476190476 0 0
0 0.153846153846154 0.0384615384615385 0.0769230769230769 0.0384615384615385 0 0.461538461538462 0.269230769230769 0.269230769230769 0.192307692307692 0.0384615384615385 0.0769230769230769 0.192307692307692 0.192307692307692 0.0769230769230769 0
0 0.0666666666666667 0.266666666666667 0.0666666666666667 0.0666666666666667 0 0.466666666666667 0.266666666666667 0.533333333333333 0.6 0.4 0 0 0.0666666666666667 0 0
0 0.0666666666666667 0 0.266666666666667 0.466666666666667 0.0666666666666667 0.0666666666666667 0.133333333333333 0.133333333333333 0.4 0.133333333333333 0.133333333333333 0 0 0 0
