0 0.0740740740740741 0 0 1.11111111111111 0.62962962962963 0.222222222222222 0 0 0.148148148148148 0.222222222222222 0.185185185185185 0.037037037037037 0 0 0
0 0.043956043956044 0.010989010989011 0.032967032967033 0.142857142857143 0.571428571428571 0.78021978021978 0.32967032967033 0.021978021978022 0.043956043956044 0.120879120879121 0.0879120879120879 0.0879120879120879 0.0659340659340659 0.021978021978022 0
0 0 0 0.0535714285714286 0.0357142857142857 0.0357142857142857 0.535714285714286 0.589285714285714 0.517857142857143 0.196428571428571 0.0535714285714286 0 0.178571428571429 0.107142857142857 0.0357142857142857 0
0 0.0434782608695652 0.0434782608695652 0.159420289855072 0.173913043478261 0.159420289855072 0.144927536231884 0.318840579710145 0.623188405797101 0.420289855072464 0.27536231884058 0.0144927536231884 0 0.0144927536231884 0.0434782608695652 0.0579710144927536
0.142857142857143 0.232142857142857 0 0.982142857142857 1.08928571428571 1.05357142857143 1.23214285714286 0.339285714285714 0.285714285714286 0.303571428571429 0.267857142857143 0.0892857142857143 0.160714285714286 0 0 0
0.175675675675676 0.432432432432432 0.0135135135135135 0.148648648648649 0.540540540540541 0.864864864864865 0.445945945945946 0.121621621621622 0.0405405405405405 0.0810810810810811 0.027027027027027 0.202702702702703 0.108108108108108 0 0 0
0.087719298245614 0.543859649122807 0.175438596491228 0.228070175438596 0.175438596491228 0.456140350877193 0.614035087719298 0.0701754385964912 0 0.105263157894737 0.087719298245614 0.0701754385964912 0.105263157894737 0.0526315789473684 0 0
0.0727272727272727 0.309090909090909 0.127272727272727 0.0727272727272727 0.0727272727272727 0.236363636363636 0.527272727272727 0.381818181818182 0.254545454545455 0.0181818181818182 0.0181818181818182 0.0909090909090909 0.272727272727273 0.0181818181818182 0.0363636363636364 0
0 0.101449275362319 0.36231884057971 0.463768115942029 0.072463768115942 0.333333333333333 0.391304347826087 0.347826086956522 0.492753623188406 0.681159420289855 0.463768115942029 0.0579710144927536 0.130434782608696 0.405797101449275 0.391304347826087 0.855072463768116
0.028169014084507 0.0704225352112676 0.140845070422535 0.380281690140845 0.267605633802817 0.309859154929577 0.0704225352112676 0.366197183098592 0.380281690140845 0.605633802816901 0.408450704225352 0.0563380281690141 0 0.0985915492957746 0.112676056338028 0.0704225352112676
0.0357142857142857 0.125 0 0.142857142857143 0.178571428571429 0.25 0.0178571428571429 0.142857142857143 0.0178571428571429 0.267857142857143 0.303571428571429 0.428571428571429 0.0357142857142857 0 0 0
0 0.0454545454545455 0 0.0681818181818182 0.25 0.272727272727273 0.136363636363636 0.0227272727272727 0 0 0.454545454545455 0.5 0.0909090909090909 0 0 0.0454545454545455
0 0.166666666666667 0 0 0 0.19047619047619 0.261904761904762 0.0952380952380952 0.0952380952380952 0 0.0952380952380952 0.476190476190476 0.357142857142857 0.0714285714285714 0 0
0.0384615384615385 0.0384615384615385 0.0769230769230769 0.346153846153846 0.0769230769230769 0.0384615384615385 0.230769230769231 0.384615384615385 0.5 0.384615384615385 0.0384615384615385 0 0.115384615384615 0.230769230769231 0 0
0 0.0666666666666667 0.133333333333333 0.133333333333333 0.0666666666666667 0 0.2 0.2 0.6 0.333333333333333 0.466666666666667 0 0 0.133333333333333 0 0
0 0.2 0 0.4 0 0.2 0.2 0.333333333333333 0.333333333333333 0.6 0 0.0666666666666667 0 0 0 0
