0.111111111111111 0.592592592592593 0.037037037037037 1.37037037037037 2.33333333333333 1.85185185185185 1.25925925925926 0.148148148148148 0.185185185185185 1.11111111111111 1.44444444444444 1.25925925925926 0.925925925925926 0.185185185185185 0.407407407407407 0.481481481481481
0.197802197802198 0.659340659340659 0.483516483516484 0.472527472527473 0.428571428571429 2.46153846153846 3.07692307692308 1.35164835164835 0.791208791208791 0.725274725274725 0.813186813186813 1.0989010989011 1.02197802197802 0.186813186813187 0.208791208791209 0.340659340659341
0.196428571428571 0.857142857142857 0.767857142857143 1.08928571428571 0.589285714285714 1.53571428571429 1.64285714285714 2.26785714285714 2.5 1.19642857142857 1 0.642857142857143 0.696428571428571 0.589285714285714 0.357142857142857 0.678571428571429
0.27536231884058 0.956521739130435 0.666666666666667 1.65217391304348 1.60869565217391 0.855072463768116 1.11594202898551 2.30434782608696 2.44927536231884 1.88405797101449 1.39130434782609 0.550724637681159 0.478260869565217 0.36231884057971 0.217391304347826 0.63768115942029
0.642857142857143 1.66071428571429 0.732142857142857 2.375 2.32142857142857 2.32142857142857 1.96428571428571 1.78571428571429 1.64285714285714 1.60714285714286 2.125 1.10714285714286 1.03571428571429 0.410714285714286 0.267857142857143 0.464285714285714
0.945945945945946 2.27027027027027 0.445945945945946 1.25675675675676 1.27027027027027 3.13513513513514 3.13513513513514 0.986486486486487 0.689189189189189 1.10810810810811 1.36486486486486 1.59459459459459 0.986486486486487 0.121621621621622 0.175675675675676 0.310810810810811
0.333333333333333 2.03508771929825 1.14035087719298 1.21052631578947 1.15789473684211 4.01754385964912 4.12280701754386 1.3859649122807 1.2280701754386 1.26315789473684 0.947368421052632 1.50877192982456 1.66666666666667 0.368421052631579 0.263157894736842 0.43859649122807
0.290909090909091 1.47272727272727 1.07272727272727 1.01818181818182 1.27272727272727 1.61818181818182 1.78181818181818 2.30909090909091 2.29090909090909 0.581818181818182 0.363636363636364 1.36363636363636 1.67272727272727 0.254545454545455 0.109090909090909 0.272727272727273
0.420289855072464 1.43478260869565 1.84057971014493 1.85507246376812 1.1304347826087 1.55072463768116 1.60869565217391 3.07246376811594 3.04347826086957 1.05797101449275 0.666666666666667 0.797101449275362 0.782608695652174 0.550724637681159 0.72463768115942 1.46376811594203
0.323943661971831 1.50704225352113 1.28169014084507 2.45070422535211 1.73239436619718 2.09859154929577 2.12676056338028 2.05633802816901 2.40845070422535 2.94366197183099 3.07042253521127 0.816901408450704 0.647887323943662 0.746478873239437 0.859154929577465 2.01408450704225
0.196428571428571 0.482142857142857 0.232142857142857 1.41071428571429 1.25 2.10714285714286 1.76785714285714 1.17857142857143 0.857142857142857 2.32142857142857 2.05357142857143 1.66071428571429 1.48214285714286 0.410714285714286 0.125 0.517857142857143
0.318181818181818 0.818181818181818 0.295454545454545 0.681818181818182 1.20454545454545 2.09090909090909 1.65909090909091 0.431818181818182 0.522727272727273 1.15909090909091 1.86363636363636 1.59090909090909 1.47727272727273 0.204545454545455 0.386363636363636 0.772727272727273
0.166666666666667 0.761904761904762 0.69047619047619 0.619047619047619 0.30952380952381 1.19047619047619 1.64285714285714 1.0952380952381 0.857142857142857 0.642857142857143 0.761904761904762 1.5 1.21428571428571 0.166666666666667 0.19047619047619 0.19047619047619
0.230769230769231 0.538461538461538 0.807692307692308 0.615384615384615 0.423076923076923 1.11538461538462 1.65384615384615 2.07692307692308 1.61538461538462 0.153846153846154 0.230769230769231 0.307692307692308 0.576923076923077 0.538461538461538 0.461538461538462 0.884615384615385
0 0.266666666666667 0.266666666666667 0.733333333333333 0.6 0.866666666666667 1 0.866666666666667 1.4 2 1.46666666666667 0.0666666666666667 0.466666666666667 0.333333333333333 0 0.266666666666667
0 0.6 0.333333333333333 0.733333333333333 0.6 1.13333333333333 0.933333333333333 1.13333333333333 0.866666666666667 2.4 2.2 0.533333333333333 0.4 0.4 0.133333333333333 0.333333333333333
