0.185185185185185 0.666666666666667 0.222222222222222 1.37037037037037 2.85185185185185 1.7037037037037 1.37037037037037 0.37037037037037 0.185185185185185 1.96296296296296 1.7037037037037 0.962962962962963 0.592592592592593 0.333333333333333 0.185185185185185 0.444444444444444
0.28169014084507 0.873239436619718 0.577464788732394 0.774647887323944 0.816901408450704 2.32394366197183 2.69014084507042 1.88732394366197 1.57746478873239 0.746478873239437 0.746478873239437 1.47887323943662 1.45070422535211 0.112676056338028 0.0845070422535211 0.211267605633803
0.263157894736842 0.618421052631579 0.842105263157895 0.789473684210526 0.539473684210526 1.43421052631579 2.09210526315789 2.78947368421053 2.53947368421053 0.776315789473684 0.723684210526316 0.868421052631579 0.934210526315789 0.421052631578947 0.355263157894737 0.526315789473684
0.173913043478261 0.840579710144927 1.02898550724638 1.63768115942029 1.3768115942029 1.28985507246377 1.40579710144928 2 2.50724637681159 2.01449275362319 1.91304347826087 0.72463768115942 0.695652173913043 0.405797101449275 0.246376811594203 0.782608695652174
0.642857142857143 1.57142857142857 0.464285714285714 1.80357142857143 2.07142857142857 1.91071428571429 2.23214285714286 1.33928571428571 1.01785714285714 1.89285714285714 2.39285714285714 1.03571428571429 1.08928571428571 0.375 0.107142857142857 0.428571428571428
1.13513513513513 2.16216216216216 0.567567567567567 1.81081081081081 1.71621621621622 3.82432432432432 3.94594594594595 1.28378378378378 1.33783783783784 1.55405405405405 1.47297297297297 1.48648648648649 1.27027027027027 0.135135135135135 0.0540540540540541 0.108108108108108
0.350877192982456 1.15789473684211 1.66666666666667 1.2280701754386 0.929824561403509 3.89473684210526 3.82456140350877 1.68421052631579 1.50877192982456 0.982456140350877 1 1.35087719298246 0.859649122807017 0.385964912280702 0.263157894736842 0.368421052631579
0.6 1.03636363636364 1.76363636363636 1.14545454545455 0.890909090909091 1.49090909090909 1.98181818181818 2.78181818181818 2.30909090909091 0.345454545454545 0.381818181818182 1.16363636363636 1 0.145454545454545 0.327272727272727 0.4
0.304347826086956 0.826086956521739 2.11594202898551 1.52173913043478 1.02898550724638 1.43478260869565 1.55072463768116 2.66666666666667 2.49275362318841 0.884057971014493 0.855072463768116 0.811594202898551 0.72463768115942 0.579710144927536 0.405797101449275 1.39130434782609
0.211267605633803 0.704225352112676 1.43661971830986 2.23943661971831 1.66197183098592 1.47887323943662 1.40845070422535 1.73239436619718 2.01408450704225 2.63380281690141 2.28169014084507 0.690140845070422 0.394366197183099 0.690140845070422 0.591549295774648 1.45070422535211
0.267857142857143 0.75 0.392857142857143 1.44642857142857 1.32142857142857 2.08928571428571 2.375 1.17857142857143 1.46428571428571 1.83928571428571 2.48214285714286 1.01785714285714 0.839285714285714 0.339285714285714 0.196428571428571 0.5
0.25 0.386363636363636 0.204545454545455 0.5 0.181818181818182 1.54545454545455 1.63636363636364 0.522727272727273 0.159090909090909 0.818181818181818 0.863636363636363 1.65909090909091 1.25 0.136363636363636 0.136363636363636 0.454545454545454
0.142857142857143 0.619047619047619 1.07142857142857 0.761904761904762 0.357142857142857 1.9047619047619 1.97619047619048 0.857142857142857 0.904761904761905 0.857142857142857 0.785714285714286 2.21428571428571 2.11904761904762 0.214285714285714 0.238095238095238 0.19047619047619
0.192307692307692 0.461538461538461 0.615384615384615 0.730769230769231 0.346153846153846 1.30769230769231 1.46153846153846 2.53846153846154 2.19230769230769 0.730769230769231 0.384615384615385 1.03846153846154 1 0.692307692307692 0.0769230769230769 0.846153846153846
0 0 0.8 0.666666666666667 0.4 0.866666666666667 0.733333333333333 1.46666666666667 1 1.53333333333333 1.26666666666667 0.2 0.533333333333333 0 0.0666666666666667 0.533333333333333
0.266666666666667 0.6 0 0.866666666666667 1.4 0.8 1 1.26666666666667 0.733333333333333 3.26666666666667 3.33333333333333 0.666666666666667 0.466666666666667 0.2 0.733333333333333 1.2
