0 0.037037037037037 0 0 0.925925925925926 0.666666666666667 0.259259259259259 0 0 0.148148148148148 0.37037037037037 0.148148148148148 0.0740740740740741 0 0 0
0 0 0.010989010989011 0.010989010989011 0.153846153846154 0.461538461538462 0.791208791208791 0.32967032967033 0.0769230769230769 0.043956043956044 0.0659340659340659 0.164835164835165 0.120879120879121 0.010989010989011 0.010989010989011 0
0 0 0 0.0535714285714286 0.0892857142857143 0.0535714285714286 0.285714285714286 0.5 0.482142857142857 0.303571428571429 0.0178571428571429 0.0178571428571429 0.160714285714286 0.107142857142857 0.0178571428571429 0
0.0434782608695652 0.0434782608695652 0.0144927536231884 0.27536231884058 0.130434782608696 0.072463768115942 0.115942028985507 0.304347826086957 0.681159420289855 0.434782608695652 0.188405797101449 0.0434782608695652 0 0 0.0434782608695652 0.0289855072463768
0.178571428571429 0.160714285714286 0.0357142857142857 0.428571428571429 0.803571428571429 0.464285714285714 0.375 0.214285714285714 0.196428571428571 0.160714285714286 0.303571428571429 0.0892857142857143 0.0357142857142857 0 0 0
0.135135135135135 0.445945945945946 0.0675675675675676 0.162162162162162 0.5 0.810810810810811 0.351351351351351 0.108108108108108 0.121621621621622 0.175675675675676 0.0540540540540541 0.189189189189189 0.175675675675676 0 0 0
0.087719298245614 0.473684210526316 0.210526315789474 0.087719298245614 0.0701754385964912 0.473684210526316 0.421052631578947 0.12280701754386 0 0.0701754385964912 0.087719298245614 0.0526315789473684 0.0701754385964912 0.0526315789473684 0.0175438596491228 0
0.0727272727272727 0.436363636363636 0.218181818181818 0.181818181818182 0.127272727272727 0.254545454545455 0.290909090909091 0.418181818181818 0.181818181818182 0.0727272727272727 0.145454545454545 0.0727272727272727 0.163636363636364 0.0545454545454545 0.0363636363636364 0.0727272727272727
0 0.115942028985507 0.376811594202899 0.318840579710145 0.0289855072463768 0.130434782608696 0.159420289855072 0.27536231884058 0.420289855072464 0.333333333333333 0.101449275362319 0 0.188405797101449 0.173913043478261 0.27536231884058 0.347826086956522
0.028169014084507 0.028169014084507 0.0845070422535211 0.394366197183099 0.23943661971831 0.211267605633803 0.211267605633803 0.154929577464789 0.394366197183099 0.647887323943662 0.267605633802817 0.028169014084507 0 0 0.0563380281690141 0.140845070422535
0.0357142857142857 0.107142857142857 0 0.142857142857143 0.178571428571429 0.357142857142857 0.0178571428571429 0.0892857142857143 0.0535714285714286 0.178571428571429 0.321428571428571 0.5 0.0714285714285714 0 0 0
0.0227272727272727 0.0909090909090909 0 0.0227272727272727 0.159090909090909 0.159090909090909 0.159090909090909 0.0909090909090909 0 0 0.318181818181818 0.613636363636364 0.159090909090909 0 0 0.113636363636364
0 0.0952380952380952 0 0 0 0.119047619047619 0.19047619047619 0.0476190476190476 0.0952380952380952 0 0.214285714285714 0.476190476190476 0.238095238095238 0.0238095238095238 0 0
0 0 0.115384615384615 0 0.153846153846154 0.0384615384615385 0.576923076923077 0.230769230769231 0.230769230769231 0.346153846153846 0.115384615384615 0.0384615384615385 0.115384615384615 0.269230769230769 0 0
0 0.0666666666666667 0.0666666666666667 0 0.133333333333333 0 0.266666666666667 0.2 0.4 0.533333333333333 0.4 0 0 0 0.0666666666666667 0
0 0.266666666666667 0 0.2 0.133333333333333 0.266666666666667 0.266666666666667 0.133333333333333 0.266666666666667 0.266666666666667 0.266666666666667 0.133333333333333 0 0 0 0.0666666666666667
