0.111111111111111 0.222222222222222 0.0740740740740741 0.925925925925926 1.88888888888889 1.7037037037037 1.88888888888889 0.37037037037037 0.185185185185185 1.25925925925926 0.925925925925926 1.03703703703704 0.518518518518518 0.222222222222222 0.296296296296296 0.185185185185185
0.295774647887324 0.676056338028169 0.352112676056338 0.577464788732394 0.802816901408451 2.61971830985915 2.94366197183099 1.29577464788732 1 0.366197183098592 0.647887323943662 1.52112676056338 1.57746478873239 0.0563380281690141 0.0845070422535211 0.0985915492957746
0.0921052631578947 0.342105263157895 0.868421052631579 0.605263157894737 0.223684210526316 1.30263157894737 1.65789473684211 2.07894736842105 1.78947368421053 1.22368421052632 1.01315789473684 0.789473684210526 0.789473684210526 0.355263157894737 0.263157894736842 0.513157894736842
0.231884057971014 0.521739130434783 0.971014492753623 1.8695652173913 1.52173913043478 1.42028985507246 1.65217391304348 1.8695652173913 2.05797101449275 1.88405797101449 1.72463768115942 0.623188405797101 0.579710144927536 0.188405797101449 0.260869565217391 0.492753623188406
0.428571428571429 1.28571428571429 0.607142857142857 1.76785714285714 2.125 2.07142857142857 1.94642857142857 1.14285714285714 1.125 2.23214285714286 2 1.01785714285714 0.625 0.285714285714286 0.178571428571429 0.339285714285714
0.945945945945946 2.28378378378378 0.594594594594595 1.17567567567568 1.43243243243243 3.66216216216216 3.35135135135135 1.17567567567568 0.675675675675676 1.21621621621622 1.14864864864865 1.72972972972973 1.14864864864865 0.135135135135135 0.0675675675675676 0.243243243243243
0.56140350877193 1.10526315789474 1.63157894736842 1.01754385964912 0.526315789473684 3.19298245614035 3.45614035087719 1.3859649122807 0.982456140350877 0.87719298245614 1.05263157894737 1.24561403508772 1.40350877192982 0.508771929824561 0.12280701754386 0.543859649122807
0.363636363636364 1 1.36363636363636 0.927272727272727 0.963636363636364 2.01818181818182 1.65454545454545 2.01818181818182 1.87272727272727 0.636363636363636 0.672727272727273 1.65454545454545 1.70909090909091 0.4 0.181818181818182 0.309090909090909
0.318840579710145 1.1304347826087 2.18840579710145 1.63768115942029 1.04347826086957 1.63768115942029 1.65217391304348 2.68115942028985 2.52173913043478 1.33333333333333 1.15942028985507 0.753623188405797 0.739130434782609 0.811594202898551 0.72463768115942 1.31884057971015
0.28169014084507 0.71830985915493 1.01408450704225 2.25352112676056 1.90140845070423 1.57746478873239 1.33802816901408 1.70422535211268 2.08450704225352 2.64788732394366 2.53521126760563 0.23943661971831 0.0985915492957746 0.492957746478873 0.746478873239437 1.32394366197183
0.142857142857143 0.357142857142857 0.392857142857143 1 1.17857142857143 1.75 1.57142857142857 0.928571428571429 1.26785714285714 2.14285714285714 1.96428571428571 1.64285714285714 1.16071428571429 0.446428571428571 0.214285714285714 0.482142857142857
0.409090909090909 0.75 0.340909090909091 0.795454545454545 0.954545454545455 2.20454545454545 1.84090909090909 0.363636363636364 0.409090909090909 1.5 2 2.13636363636364 1.29545454545455 0.136363636363636 0.363636363636364 0.590909090909091
0.119047619047619 0.428571428571429 0.738095238095238 0.595238095238095 0.285714285714286 1.76190476190476 1.76190476190476 0.833333333333333 0.547619047619048 0.69047619047619 0.857142857142857 1.66666666666667 1.66666666666667 0.119047619047619 0.214285714285714 0.30952380952381
0.461538461538462 0.961538461538462 0.5 1.34615384615385 0.538461538461538 1.07692307692308 1.80769230769231 2.03846153846154 1.65384615384615 0.807692307692308 0.538461538461538 0.923076923076923 0.653846153846154 0.230769230769231 0.269230769230769 0.384615384615385
0 0.333333333333333 0.266666666666667 1.46666666666667 1.26666666666667 1.13333333333333 1.4 1.93333333333333 1.66666666666667 1.46666666666667 1.13333333333333 0.0666666666666667 0.0666666666666667 0.333333333333333 0.133333333333333 0.6
0 0.266666666666667 0.466666666666667 1.73333333333333 1.26666666666667 0.933333333333333 0.4 1.4 1.4 3.06666666666667 3.13333333333333 1 0.866666666666667 0.4 0.4 0.666666666666667
