0.296296296296296 0.296296296296296 0.0740740740740741 1 1.66666666666667 2.11111111111111 1.92592592592593 0.148148148148148 0.296296296296296 1.33333333333333 1.18518518518519 1.25925925925926 1 0.185185185185185 0.111111111111111 0.37037037037037
0.21978021978022 0.846153846153846 0.340659340659341 0.582417582417582 0.714285714285714 2.8021978021978 2.81318681318681 1.01098901098901 0.769230769230769 0.626373626373626 0.89010989010989 1.56043956043956 1.18681318681319 0.0989010989010989 0.0879120879120879 0.153846153846154
0.0535714285714286 0.446428571428571 0.642857142857143 0.517857142857143 0.375 0.946428571428571 1.41071428571429 2.35714285714286 2.625 1.14285714285714 0.714285714285714 0.714285714285714 0.660714285714286 0.339285714285714 0.428571428571429 0.589285714285714
0.173913043478261 0.652173913043478 0.623188405797101 1.52173913043478 1.40579710144928 1.20289855072464 1.23188405797101 1.91304347826087 2.43478260869565 1.8695652173913 1.53623188405797 0.63768115942029 0.333333333333333 0.420289855072464 0.376811594202899 0.608695652173913
0.660714285714286 1.58928571428571 0.5 1.39285714285714 1.67857142857143 1.78571428571429 1.41071428571429 0.767857142857143 1.125 1.26785714285714 1.44642857142857 1.03571428571429 0.839285714285714 0.303571428571429 0.232142857142857 0.285714285714286
0.756756756756757 2.37837837837838 0.364864864864865 1.05405405405405 1.5 2.67567567567568 2.52702702702703 0.986486486486487 0.864864864864865 1.47297297297297 1.41891891891892 1.39189189189189 0.905405405405405 0.108108108108108 0.0810810810810811 0.256756756756757
0.350877192982456 1.84210526315789 1.14035087719298 0.894736842105263 0.631578947368421 2.47368421052632 3.05263157894737 1.21052631578947 1.19298245614035 0.842105263157895 0.947368421052632 1.56140350877193 1.68421052631579 0.543859649122807 0.175438596491228 0.526315789473684
0.327272727272727 1.34545454545455 0.8 0.745454545454545 0.581818181818182 1.49090909090909 1.76363636363636 2.05454545454545 1.94545454545455 0.563636363636364 0.4 0.490909090909091 0.8 0.163636363636364 0.0727272727272727 0.236363636363636
0.565217391304348 2.01449275362319 2.26086956521739 1.46376811594203 0.869565217391304 1.52173913043478 1.65217391304348 2.8695652173913 2.49275362318841 1.08695652173913 1 0.797101449275362 0.608695652173913 0.811594202898551 0.739130434782609 1.78260869565217
0.436619718309859 1.14084507042254 1.15492957746479 2.63380281690141 1.90140845070423 1.77464788732394 1.63380281690141 1.84507042253521 1.94366197183099 2.98591549295775 2.88732394366197 1.23943661971831 0.661971830985915 0.788732394366197 0.746478873239437 1.6056338028169
0.196428571428571 0.5 0.25 1.51785714285714 1.39285714285714 2.60714285714286 2.16071428571429 1.44642857142857 1.30357142857143 2.44642857142857 2.05357142857143 1.69642857142857 1.41071428571429 0.357142857142857 0.303571428571429 0.428571428571429
0.204545454545455 0.909090909090909 0.568181818181818 0.772727272727273 1.06818181818182 2 1.68181818181818 0.613636363636364 0.727272727272727 1.29545454545455 1.70454545454545 1.61363636363636 1.29545454545455 0.159090909090909 0.272727272727273 0.386363636363636
0.119047619047619 0.69047619047619 0.404761904761905 0.642857142857143 0.357142857142857 1.95238095238095 2.0952380952381 0.976190476190476 0.976190476190476 0.666666666666667 1.07142857142857 2.14285714285714 1.92857142857143 0.0714285714285714 0.0476190476190476 0.142857142857143
0.230769230769231 0.346153846153846 0.692307692307692 0.653846153846154 0.615384615384615 0.961538461538462 1.42307692307692 1.88461538461538 2.38461538461538 0.769230769230769 0.423076923076923 0.538461538461538 0.846153846153846 0.538461538461538 0.269230769230769 0.615384615384615
0 0.4 0.8 1.53333333333333 1 0.6 1.2 2.46666666666667 2.06666666666667 1.53333333333333 1.73333333333333 0.466666666666667 0.0666666666666667 0.133333333333333 0.466666666666667 0.8
0.133333333333333 1.26666666666667 0.4 1.53333333333333 1.06666666666667 1 2 0.533333333333333 0.266666666666667 3 2.53333333333333 0.533333333333333 0.466666666666667 0 0.133333333333333 0.533333333333333
