0.185185185185185 0.592592592592593 0 0.888888888888889 1.07407407407407 2.2962962962963 1.85185185185185 0.407407407407407 0.037037037037037 0.296296296296296 0.333333333333333 1.22222222222222 0.703703703703704 0.148148148148148 0.148148148148148 0.185185185185185
0.186813186813187 0.791208791208791 0.241758241758242 0.802197802197802 0.714285714285714 2.72527472527472 2.81318681318681 1.04395604395604 0.89010989010989 0.802197802197802 0.758241758241758 1.20879120879121 1.31868131868132 0.0989010989010989 0.120879120879121 0.164835164835165
0.125 0.75 0.732142857142857 0.75 0.535714285714286 1.125 1.73214285714286 2.25 2.82142857142857 1.53571428571429 1.01785714285714 0.785714285714286 1 0.25 0.428571428571428 0.660714285714286
0.376811594202899 1.05797101449275 0.695652173913043 1.46376811594203 1.39130434782609 1.17391304347826 1.14492753623188 2.6231884057971 2.60869565217391 1.59420289855072 1.6231884057971 0.797101449275362 0.579710144927536 0.434782608695652 0.318840579710145 0.797101449275362
0.5 1.46428571428571 0.678571428571428 2.35714285714286 2.48214285714286 2.17857142857143 2.14285714285714 1.76785714285714 1.92857142857143 2.39285714285714 1.71428571428571 1.14285714285714 1.125 0.267857142857143 0.232142857142857 0.428571428571428
0.945945945945946 2.39189189189189 0.445945945945946 1.45945945945946 1.63513513513513 3.67567567567567 3.74324324324324 0.932432432432432 0.797297297297297 1.55405405405405 1.51351351351351 1.55405405405405 1.12162162162162 0.216216216216216 0.216216216216216 0.27027027027027
0.526315789473684 1.54385964912281 0.982456140350877 1.21052631578947 1 4.47368421052632 4.91228070175439 1.45614035087719 1.26315789473684 1.26315789473684 1.33333333333333 1.50877192982456 1.78947368421053 0.421052631578947 0.210526315789474 0.456140350877193
0.6 1.49090909090909 0.909090909090909 1.27272727272727 1.10909090909091 1.90909090909091 2.03636363636364 2.4 2.23636363636364 0.527272727272727 0.418181818181818 1.54545454545455 1.65454545454545 0.290909090909091 0.254545454545455 0.381818181818182
0.217391304347826 1.18840579710145 1.7536231884058 1.71014492753623 0.927536231884058 1.08695652173913 1.08695652173913 2.55072463768116 2.42028985507246 1.14492753623188 1.08695652173913 0.565217391304348 0.739130434782609 1.02898550724638 0.652173913043478 1.3768115942029
0.422535211267606 1.1830985915493 1.08450704225352 2.43661971830986 2.11267605633803 1.92957746478873 1.95774647887324 2.08450704225352 2.2112676056338 3.66197183098591 2.8169014084507 0.591549295774648 0.661971830985915 0.845070422535211 0.971830985915493 1.90140845070423
0.178571428571429 0.607142857142857 0.214285714285714 1.25 1.35714285714286 2.44642857142857 1.98214285714286 1.53571428571429 1.32142857142857 2.125 2.10714285714286 1.28571428571429 1.375 0.321428571428571 0.25 0.535714285714286
0.25 0.727272727272727 0.25 0.431818181818182 0.545454545454545 1.70454545454545 1.52272727272727 0.431818181818182 0.477272727272727 0.409090909090909 1.04545454545455 1.95454545454545 1.29545454545455 0.363636363636364 0.386363636363636 0.636363636363636
0.142857142857143 0.928571428571428 0.5 0.595238095238095 0.285714285714286 1.69047619047619 1.78571428571429 1.04761904761905 1 0.476190476190476 0.642857142857143 2.30952380952381 1.73809523809524 0.166666666666667 0.0714285714285714 0.19047619047619
0.0769230769230769 0.346153846153846 0.576923076923077 0.653846153846154 0.269230769230769 0.961538461538461 1.03846153846154 1.5 1.57692307692308 0.884615384615384 0.884615384615384 0.538461538461538 0.769230769230769 0.461538461538461 0.307692307692308 0.615384615384615
0.266666666666667 0.466666666666667 0.133333333333333 1.33333333333333 1.6 0.466666666666667 0.533333333333333 1.93333333333333 2.53333333333333 2.26666666666667 1.13333333333333 0 0 0.666666666666667 0.933333333333333 1.46666666666667
0 0.266666666666667 0.0666666666666667 1.6 0.933333333333333 0.466666666666667 0.666666666666667 1 1.4 3.13333333333333 2.2 0.6 0.466666666666667 0.266666666666667 0.333333333333333 0.333333333333333
