0.185185185185185 0.37037037037037 0.111111111111111 1.2962962962963 2.74074074074074 1 1.40740740740741 0.296296296296296 0.148148148148148 1.18518518518519 1.44444444444444 0.851851851851852 0.592592592592593 0.148148148148148 0.259259259259259 0.296296296296296
0.169014084507042 0.619718309859155 0.197183098591549 0.535211267605634 0.591549295774648 2.36619718309859 3.19718309859155 0.802816901408451 0.619718309859155 0.450704225352113 0.408450704225352 1.04225352112676 1.12676056338028 0.0985915492957746 0.028169014084507 0.0563380281690141
0.0657894736842105 0.552631578947368 0.684210526315789 0.605263157894737 0.328947368421053 1.40789473684211 1.93421052631579 1.93421052631579 2.06578947368421 1.02631578947368 0.671052631578947 0.894736842105263 0.75 0.394736842105263 0.197368421052632 0.460526315789474
0.202898550724638 0.72463768115942 1.11594202898551 1.69565217391304 1.33333333333333 1.55072463768116 1.94202898550725 2.2463768115942 2.3768115942029 1.44927536231884 1.63768115942029 0.927536231884058 0.478260869565217 0.202898550724638 0.260869565217391 0.492753623188406
0.660714285714286 1.10714285714286 0.375 1.35714285714286 1.91071428571429 1.875 1.39285714285714 1 0.857142857142857 1.94642857142857 1.96428571428571 0.660714285714286 0.5 0.303571428571429 0.232142857142857 0.553571428571429
0.945945945945946 2.13513513513514 0.608108108108108 0.959459459459459 1.28378378378378 3.37837837837838 3.04054054054054 1 0.689189189189189 1.04054054054054 1.24324324324324 1.45945945945946 1.06756756756757 0.175675675675676 0.135135135135135 0.27027027027027
0.403508771929825 1.15789473684211 1.78947368421053 1.24561403508772 0.684210526315789 4.03508771929825 4 1.59649122807018 1.49122807017544 1.03508771929825 1.15789473684211 1.84210526315789 2.05263157894737 0.456140350877193 0.245614035087719 0.666666666666667
0.218181818181818 1.12727272727273 1.14545454545455 0.927272727272727 0.763636363636364 1.25454545454545 1.69090909090909 2.16363636363636 1.87272727272727 0.436363636363636 0.6 1.2 1.18181818181818 0.181818181818182 0.181818181818182 0.4
0.333333333333333 0.666666666666667 2.14492753623188 2 1.31884057971015 1.49275362318841 1.73913043478261 3.40579710144928 3.17391304347826 1.78260869565217 1.79710144927536 0.753623188405797 0.855072463768116 0.782608695652174 0.608695652173913 1.34782608695652
0.492957746478873 1.11267605633803 1.49295774647887 2.46478873239437 1.74647887323944 1.76056338028169 1.61971830985915 2.09859154929577 2.46478873239437 2.56338028169014 2.94366197183099 0.859154929577465 0.661971830985915 0.76056338028169 0.619718309859155 1.54929577464789
0.267857142857143 0.625 0.571428571428571 1.875 1.71428571428571 2.53571428571429 2.28571428571429 1.82142857142857 1.73214285714286 2.69642857142857 2.625 1.39285714285714 1.28571428571429 0.428571428571429 0.196428571428571 0.625
0.136363636363636 0.840909090909091 0.0909090909090909 0.659090909090909 0.863636363636364 1.31818181818182 2.09090909090909 0.522727272727273 0.704545454545455 0.795454545454545 0.977272727272727 2.11363636363636 1.75 0.181818181818182 0.204545454545455 0.659090909090909
0.19047619047619 0.333333333333333 0.928571428571429 0.761904761904762 0.428571428571429 1.9047619047619 1.73809523809524 1.33333333333333 1.45238095238095 0.761904761904762 1.26190476190476 2.07142857142857 2.02380952380952 0 0.0476190476190476 0.142857142857143
0.115384615384615 0.346153846153846 1.07692307692308 1.15384615384615 1 1.26923076923077 1.26923076923077 2.34615384615385 2.15384615384615 0.576923076923077 0.384615384615385 0.384615384615385 0.423076923076923 0.5 0.307692307692308 0.615384615384615
0.2 0.733333333333333 1.06666666666667 1.4 0.733333333333333 1.13333333333333 1.4 2.33333333333333 2.46666666666667 1.46666666666667 1.6 0.2 0.333333333333333 0.733333333333333 0.533333333333333 1.26666666666667
0.266666666666667 0.533333333333333 0.2 0.866666666666667 0.733333333333333 1.06666666666667 1.06666666666667 0.666666666666667 0.666666666666667 1.93333333333333 1.73333333333333 0.866666666666667 0.333333333333333 0.266666666666667 0.0666666666666667 0.666666666666667
