0.148148148148148 0.481481481481481 0.222222222222222 1.03703703703704 1.07407407407407 3.40740740740741 2 0.555555555555556 0.185185185185185 1.2962962962963 1.62962962962963 1.62962962962963 1.07407407407407 0.259259259259259 0.37037037037037 0.333333333333333
0.225352112676056 0.394366197183099 0.380281690140845 0.746478873239437 0.647887323943662 2.46478873239437 3.07042253521127 1.02816901408451 0.690140845070423 0.816901408450704 0.957746478873239 1.16901408450704 1.07042253521127 0.253521126760563 0.0985915492957746 0.23943661971831
0.263157894736842 0.618421052631579 0.868421052631579 0.434210526315789 0.315789473684211 1.47368421052632 2.10526315789474 1.97368421052632 2.06578947368421 0.855263157894737 0.605263157894737 0.986842105263158 1.05263157894737 0.407894736842105 0.276315789473684 0.342105263157895
0.202898550724638 0.710144927536232 0.739130434782609 2.05797101449275 1.63768115942029 1.31884057971015 1.28985507246377 2.2463768115942 2.50724637681159 1.43478260869565 1.11594202898551 1.01449275362319 0.63768115942029 0.304347826086957 0.333333333333333 0.579710144927536
0.357142857142857 1.30357142857143 0.535714285714286 1.80357142857143 2.44642857142857 1.64285714285714 1.33928571428571 1 0.910714285714286 2.28571428571429 1.89285714285714 1 0.714285714285714 0.160714285714286 0.25 0.357142857142857
0.743243243243243 2.18918918918919 0.472972972972973 1.12162162162162 1.54054054054054 3.90540540540541 3.74324324324324 0.972972972972973 0.824324324324324 1.28378378378378 1.10810810810811 1.40540540540541 0.851351351351351 0.243243243243243 0.108108108108108 0.283783783783784
0.508771929824561 1.36842105263158 0.947368421052632 1.01754385964912 0.824561403508772 3.40350877192982 3.12280701754386 0.754385964912281 0.912280701754386 0.964912280701754 1.05263157894737 1.49122807017544 1.36842105263158 0.385964912280702 0.210526315789474 0.280701754385965
0.345454545454545 0.981818181818182 0.927272727272727 1.07272727272727 1.01818181818182 1.12727272727273 1.41818181818182 1.87272727272727 1.94545454545455 0.690909090909091 0.454545454545455 1.03636363636364 1.12727272727273 0.2 0.109090909090909 0.218181818181818
0.289855072463768 0.72463768115942 2.36231884057971 1.47826086956522 0.782608695652174 1.21739130434783 1.53623188405797 3.2463768115942 3.33333333333333 2.18840579710145 1.57971014492754 0.507246376811594 0.579710144927536 0.898550724637681 0.739130434782609 2.01449275362319
0.408450704225352 1 1.19718309859155 2.73239436619718 2.28169014084507 2.1830985915493 2.22535211267606 2.40845070422535 2.7887323943662 3.04225352112676 2.49295774647887 0.704225352112676 0.704225352112676 0.746478873239437 0.830985915492958 1.71830985915493
0.214285714285714 0.375 0.375 1.03571428571429 1.44642857142857 3 2.96428571428571 1.60714285714286 1.58928571428571 2.41071428571429 2.78571428571429 2.14285714285714 1.89285714285714 0.232142857142857 0.196428571428571 0.428571428571429
0.159090909090909 0.431818181818182 0.318181818181818 0.5 0.5 1.97727272727273 1.27272727272727 0.795454545454545 0.636363636363636 1.11363636363636 1.45454545454545 1.45454545454545 1.20454545454545 0.363636363636364 0.340909090909091 0.954545454545455
0.166666666666667 0.333333333333333 0.238095238095238 0.547619047619048 0.30952380952381 1.88095238095238 1.95238095238095 1.07142857142857 0.928571428571429 0.904761904761905 0.857142857142857 1.54761904761905 1.5952380952381 0.119047619047619 0.0476190476190476 0.0476190476190476
0.0769230769230769 0.5 0.807692307692308 0.538461538461538 0.346153846153846 1 1.53846153846154 2.92307692307692 2.84615384615385 0.384615384615385 0.384615384615385 0.461538461538462 0.769230769230769 0.615384615384615 0.423076923076923 0.692307692307692
0.4 0.6 0.466666666666667 0.8 0.866666666666667 0.6 0.866666666666667 1.73333333333333 2.6 1.73333333333333 2.2 0 0 0.733333333333333 0.8 2.2
0.133333333333333 0.533333333333333 0 1.8 1.26666666666667 0.666666666666667 0.6 1.13333333333333 1.4 2.53333333333333 2.53333333333333 0.533333333333333 0.266666666666667 0.266666666666667 0.2 0.333333333333333
