0.0740740740740741 0.592592592592593 0.185185185185185 1.07407407407407 2.07407407407407 1.55555555555556 1.88888888888889 0.407407407407407 0.148148148148148 1.33333333333333 1.14814814814815 1.2962962962963 0.814814814814815 0.296296296296296 0.111111111111111 0.555555555555555
0.323943661971831 0.464788732394366 0.211267605633803 0.549295774647887 0.901408450704225 2.84507042253521 3.09859154929577 0.845070422535211 0.647887323943662 0.71830985915493 0.732394366197183 1.35211267605634 1.16901408450704 0.126760563380282 0.0845070422535211 0.112676056338028
0.210526315789474 0.723684210526316 1.11842105263158 0.526315789473684 0.434210526315789 1.67105263157895 2.11842105263158 2.03947368421053 1.86842105263158 1.05263157894737 0.802631578947368 0.986842105263158 1.02631578947368 0.434210526315789 0.460526315789474 0.618421052631579
0.173913043478261 0.550724637681159 0.927536231884058 1.95652173913043 1.88405797101449 1.02898550724638 1.1304347826087 1.95652173913043 2.10144927536232 2.01449275362319 1.57971014492754 0.63768115942029 0.695652173913043 0.391304347826087 0.333333333333333 0.72463768115942
0.714285714285714 1.16071428571429 0.946428571428571 2.66071428571429 2.64285714285714 2 1.66071428571429 1.67857142857143 1.53571428571429 2.33928571428571 2.16071428571429 0.75 0.660714285714286 0.142857142857143 0.142857142857143 0.375
0.837837837837838 2.27027027027027 0.445945945945946 0.824324324324324 1.22972972972973 4.35135135135135 3.71621621621622 0.851351351351351 0.797297297297297 1.17567567567568 1.44594594594595 1.66216216216216 1 0.148648648648649 0.189189189189189 0.216216216216216
0.385964912280702 1.2280701754386 1.66666666666667 0.929824561403509 0.929824561403509 3.73684210526316 3.94736842105263 1.3859649122807 1.33333333333333 0.649122807017544 0.736842105263158 1.70175438596491 1.63157894736842 0.210526315789474 0.263157894736842 0.385964912280702
0.436363636363636 0.890909090909091 1.16363636363636 0.8 0.527272727272727 1.69090909090909 1.52727272727273 2.36363636363636 2.4 0.454545454545454 0.363636363636364 1.14545454545455 1.14545454545455 0.254545454545455 0.127272727272727 0.309090909090909
0.246376811594203 0.521739130434782 2.08695652173913 1.44927536231884 0.855072463768116 1.43478260869565 1.14492753623188 2.82608695652174 3.23188405797101 1.56521739130435 1.55072463768116 0.507246376811594 0.594202898550725 0.739130434782609 0.681159420289855 1.6231884057971
0.309859154929577 0.408450704225352 1 2.25352112676056 1.98591549295775 1.8169014084507 1.49295774647887 2.07042253521127 1.64788732394366 2.57746478873239 2.2112676056338 0.802816901408451 0.450704225352113 0.549295774647887 0.591549295774648 1.25352112676056
0.339285714285714 0.589285714285714 0.339285714285714 1.03571428571429 1.16071428571429 2.73214285714286 2.64285714285714 2.01785714285714 1.64285714285714 2.30357142857143 2.28571428571429 1.57142857142857 1.39285714285714 0.267857142857143 0.196428571428571 0.464285714285714
0.340909090909091 0.886363636363636 1.38636363636364 1.31818181818182 0.863636363636363 2.06818181818182 1.72727272727273 0.772727272727273 0.909090909090909 1.11363636363636 1.45454545454545 1.90909090909091 1.65909090909091 0.204545454545455 0.272727272727273 0.931818181818182
0.0952380952380952 0.238095238095238 0.476190476190476 0.619047619047619 0.595238095238095 1.14285714285714 1.28571428571429 1.02380952380952 0.976190476190476 0.571428571428571 0.809523809523809 1.69047619047619 1.5 0.0476190476190476 0.0476190476190476 0.166666666666667
0.153846153846154 0.692307692307692 0.346153846153846 0.346153846153846 0.653846153846154 0.961538461538461 1.96153846153846 2.5 2.23076923076923 0.423076923076923 0.5 1.34615384615385 1.19230769230769 0.807692307692308 0.307692307692308 0.730769230769231
0 0 0.333333333333333 0.666666666666667 0.333333333333333 0.466666666666667 1.13333333333333 1.2 1.6 1.13333333333333 1.6 0.0666666666666667 0.266666666666667 0.266666666666667 0.133333333333333 0.4
0.2 0.8 0 1.46666666666667 0.933333333333333 0.866666666666667 0.866666666666667 1.06666666666667 1.6 2.13333333333333 1.13333333333333 0.266666666666667 0.266666666666667 0.0666666666666667 0.0666666666666667 0
