0 0 0 0 1.14814814814815 0.555555555555556 0.222222222222222 0 0 0.185185185185185 0.333333333333333 0.0740740740740741 0.0740740740740741 0 0 0
0 0.043956043956044 0.010989010989011 0.032967032967033 0.241758241758242 0.450549450549451 0.747252747252747 0.285714285714286 0.043956043956044 0.043956043956044 0.0659340659340659 0.0769230769230769 0.175824175824176 0.021978021978022 0.010989010989011 0
0 0 0 0 0.107142857142857 0.0535714285714286 0.571428571428571 0.375 0.410714285714286 0.321428571428571 0.125 0 0.0892857142857143 0.25 0.0714285714285714 0
0.0434782608695652 0.0289855072463768 0.0289855072463768 0.173913043478261 0.0579710144927536 0.101449275362319 0.101449275362319 0.231884057971014 0.507246376811594 0.376811594202899 0.347826086956522 0.072463768115942 0 0.0144927536231884 0.159420289855072 0.0434782608695652
0.142857142857143 0.285714285714286 0.0357142857142857 0.535714285714286 0.875 0.375 0.392857142857143 0.285714285714286 0.267857142857143 0.0892857142857143 0.142857142857143 0.107142857142857 0.0357142857142857 0 0 0
0.175675675675676 0.351351351351351 0.0810810810810811 0.0675675675675676 0.310810810810811 0.743243243243243 0.405405405405405 0.0675675675675676 0.0810810810810811 0.175675675675676 0.0405405405405405 0.175675675675676 0.0675675675675676 0 0 0
0.0175438596491228 0.508771929824561 0.228070175438596 0.228070175438596 0.175438596491228 0.87719298245614 0.894736842105263 0.105263157894737 0 0.087719298245614 0.105263157894737 0.0350877192982456 0.0526315789473684 0.12280701754386 0 0
0 0.436363636363636 0.2 0.272727272727273 0.509090909090909 0.2 0.490909090909091 0.345454545454545 0.109090909090909 0.0181818181818182 0 0.0727272727272727 0.254545454545455 0 0.127272727272727 0
0 0.072463768115942 0.507246376811594 0.231884057971014 0.115942028985507 0.304347826086957 0.231884057971014 0.260869565217391 0.449275362318841 0.159420289855072 0.318840579710145 0.0579710144927536 0.188405797101449 0.173913043478261 0.202898550724638 0.391304347826087
0 0 0.140845070422535 0.492957746478873 0.183098591549296 0.309859154929577 0.28169014084507 0.126760563380282 0.859154929577465 0.52112676056338 0.169014084507042 0.126760563380282 0.028169014084507 0.0845070422535211 0.140845070422535 0.0704225352112676
0.0535714285714286 0.107142857142857 0 0.142857142857143 0.321428571428571 0.267857142857143 0.0178571428571429 0.142857142857143 0 0.339285714285714 0.428571428571429 0.285714285714286 0.0714285714285714 0 0 0
0.0227272727272727 0.0681818181818182 0 0.0454545454545455 0.0909090909090909 0.295454545454545 0.0681818181818182 0 0 0.0227272727272727 0.295454545454545 0.590909090909091 0.159090909090909 0 0 0.159090909090909
0 0.0714285714285714 0 0 0 0.142857142857143 0.119047619047619 0.142857142857143 0.19047619047619 0 0.0952380952380952 0.571428571428571 0.19047619047619 0.0238095238095238 0 0
0 0.153846153846154 0.0384615384615385 0.423076923076923 0.0384615384615385 0.153846153846154 0.423076923076923 0.384615384615385 0.5 0.153846153846154 0.0384615384615385 0.0384615384615385 0 0.192307692307692 0.0769230769230769 0
0 0.133333333333333 0.2 0.133333333333333 0 0 0.4 0.266666666666667 0.466666666666667 0.266666666666667 0.266666666666667 0 0 0.133333333333333 0 0
0 0 0 0.333333333333333 0.2 0 0 0.133333333333333 0.533333333333333 0.2 0.133333333333333 0.266666666666667 0 0 0 0.0666666666666667
