0 0.0740740740740741 0 0 1.14814814814815 0.481481481481481 0.148148148148148 0 0 0.222222222222222 0.222222222222222 0.407407407407407 0.111111111111111 0 0 0
0 0.0879120879120879 0.010989010989011 0.010989010989011 0.175824175824176 0.351648351648352 0.868131868131868 0.428571428571429 0 0.164835164835165 0.0659340659340659 0.10989010989011 0.197802197802198 0.032967032967033 0 0
0 0 0 0.0357142857142857 0.0714285714285714 0.0357142857142857 0.482142857142857 0.5 0.321428571428571 0.339285714285714 0.160714285714286 0 0.160714285714286 0.125 0.0178571428571429 0
0 0.0289855072463768 0.0289855072463768 0.246376811594203 0.188405797101449 0.0869565217391304 0.0869565217391304 0.217391304347826 0.72463768115942 0.463768115942029 0.260869565217391 0.0434782608695652 0 0 0.0289855072463768 0
0.142857142857143 0.285714285714286 0.0714285714285714 0.482142857142857 0.696428571428571 0.446428571428571 0.339285714285714 0.107142857142857 0.196428571428571 0.196428571428571 0.214285714285714 0.214285714285714 0.0535714285714286 0.0178571428571429 0 0
0.175675675675676 0.472972972972973 0.0540540540540541 0.121621621621622 0.337837837837838 0.72972972972973 0.405405405405405 0.0945945945945946 0.0945945945945946 0.0405405405405405 0.0675675675675676 0.202702702702703 0.027027027027027 0 0 0
0.105263157894737 0.491228070175439 0.315789473684211 0.245614035087719 0.280701754385965 0.666666666666667 0.701754385964912 0.105263157894737 0 0.0526315789473684 0.087719298245614 0.12280701754386 0.350877192982456 0.087719298245614 0 0
0.0545454545454545 0.454545454545455 0.2 0.2 0.127272727272727 0.163636363636364 0.527272727272727 0.618181818181818 0.363636363636364 0.0181818181818182 0 0.0363636363636364 0.0909090909090909 0.0727272727272727 0.0181818181818182 0.0727272727272727
0 0.130434782608696 0.405797101449275 0.434782608695652 0.072463768115942 0.318840579710145 0.333333333333333 0.202898550724638 0.623188405797101 0.101449275362319 0.0869565217391304 0.0144927536231884 0.188405797101449 0.144927536231884 0.0289855072463768 0.130434782608696
0.0563380281690141 0 0.140845070422535 0.422535211267606 0.366197183098592 0.211267605633803 0.253521126760563 0.211267605633803 0.605633802816901 0.492957746478873 0.197183098591549 0.0845070422535211 0 0.0704225352112676 0.140845070422535 0.0985915492957746
0 0.107142857142857 0 0.178571428571429 0.0892857142857143 0.285714285714286 0 0.0892857142857143 0.0178571428571429 0.142857142857143 0.375 0.696428571428571 0.0714285714285714 0 0 0
0.0227272727272727 0.113636363636364 0 0.0227272727272727 0.227272727272727 0.25 0.113636363636364 0.0227272727272727 0 0.0227272727272727 0.318181818181818 0.363636363636364 0.295454545454545 0 0 0.0681818181818182
0 0.0476190476190476 0 0 0 0.0714285714285714 0.119047619047619 0.0476190476190476 0.19047619047619 0 0.19047619047619 0.428571428571429 0.214285714285714 0.0238095238095238 0 0
0 0.115384615384615 0.0769230769230769 0.0769230769230769 0 0.153846153846154 0.269230769230769 0.230769230769231 0.269230769230769 0.269230769230769 0.0769230769230769 0.192307692307692 0.269230769230769 0.384615384615385 0 0
0 0.133333333333333 0.2 0 0.4 0 0.2 0.2 0.266666666666667 0.266666666666667 0.733333333333333 0 0 0 0.0666666666666667 0
0 0.133333333333333 0 0.133333333333333 0.266666666666667 0.133333333333333 0.133333333333333 0.133333333333333 0.4 0.466666666666667 0 0.133333333333333 0 0 0 0.0666666666666667
