0.222222222222222 0.444444444444444 0.148148148148148 1.07407407407407 1.96296296296296 2.22222222222222 2.07407407407407 0.407407407407407 0.111111111111111 0.888888888888889 1 1.22222222222222 0.851851851851852 0.185185185185185 0.185185185185185 0.37037037037037
0.169014084507042 0.704225352112676 0.52112676056338 0.633802816901408 0.71830985915493 3.38028169014084 2.97183098591549 1.01408450704225 1.02816901408451 0.492957746478873 0.507042253521127 1.59154929577465 1.64788732394366 0.0845070422535211 0.169014084507042 0.126760563380282
0.184210526315789 0.513157894736842 0.934210526315789 0.631578947368421 0.407894736842105 1.55263157894737 1.94736842105263 2.11842105263158 2.27631578947368 1.14473684210526 0.828947368421053 0.881578947368421 0.894736842105263 0.302631578947368 0.197368421052632 0.486842105263158
0.144927536231884 0.536231884057971 0.768115942028985 1.59420289855072 1.69565217391304 1.23188405797101 0.927536231884058 2.15942028985507 2.01449275362319 1.94202898550725 1.76811594202899 0.681159420289855 0.449275362318841 0.463768115942029 0.463768115942029 0.623188405797101
0.571428571428571 1.58928571428571 0.821428571428571 2.01785714285714 2.07142857142857 1.89285714285714 1.78571428571429 1.19642857142857 0.892857142857143 2.03571428571429 1.73214285714286 1.10714285714286 1.125 0.178571428571429 0.214285714285714 0.571428571428571
0.918918918918919 2.06756756756757 0.567567567567567 1.27027027027027 1.51351351351351 3.71621621621622 3.24324324324324 1.09459459459459 0.756756756756757 1.14864864864865 1.10810810810811 1.24324324324324 0.932432432432432 0.162162162162162 0.108108108108108 0.216216216216216
0.263157894736842 0.912280701754386 1.15789473684211 1.12280701754386 0.824561403508772 4.47368421052632 4.45614035087719 1.59649122807018 1.26315789473684 1.31578947368421 0.754385964912281 1.05263157894737 1.36842105263158 0.403508771929824 0.298245614035088 0.421052631578947
0.545454545454545 1.07272727272727 1.38181818181818 1.05454545454545 0.836363636363636 2.16363636363636 2.03636363636364 2.49090909090909 2.09090909090909 0.690909090909091 0.272727272727273 1.32727272727273 1.74545454545455 0.290909090909091 0.218181818181818 0.145454545454545
0.405797101449275 0.956521739130435 2.53623188405797 1.97101449275362 1.02898550724638 1.73913043478261 1.84057971014493 3.18840579710145 3.40579710144927 1.66666666666667 1.47826086956522 0.695652173913043 0.608695652173913 0.91304347826087 0.695652173913043 1.78260869565217
0.295774647887324 0.774647887323944 1.3943661971831 2.6056338028169 1.85915492957746 1.97183098591549 1.77464788732394 1.71830985915493 1.59154929577465 3.04225352112676 2.8169014084507 0.71830985915493 0.394366197183099 0.802816901408451 0.845070422535211 1.73239436619718
0.267857142857143 0.446428571428571 0.607142857142857 1.28571428571429 1.125 2.30357142857143 2.375 1.125 1.875 2.10714285714286 1.71428571428571 1.32142857142857 1.10714285714286 0.285714285714286 0.232142857142857 0.571428571428571
0.340909090909091 0.545454545454545 0.25 0.454545454545454 0.590909090909091 1.77272727272727 1.27272727272727 0.840909090909091 0.522727272727273 0.681818181818182 0.727272727272727 2.06818181818182 1.61363636363636 0.227272727272727 0.0909090909090909 0.681818181818182
0.0952380952380952 0.238095238095238 1.07142857142857 0.619047619047619 0.238095238095238 1.4047619047619 1.57142857142857 1.42857142857143 1.21428571428571 0.69047619047619 0.69047619047619 1.5 1.19047619047619 0.0714285714285714 0.0714285714285714 0.0238095238095238
0.192307692307692 0.307692307692308 0.730769230769231 0.5 0.307692307692308 0.730769230769231 1.76923076923077 2.80769230769231 2.73076923076923 0.615384615384615 0.384615384615385 0.576923076923077 0.5 0.307692307692308 0.269230769230769 0.576923076923077
0.133333333333333 0.333333333333333 0.733333333333333 1.53333333333333 0.8 1.26666666666667 1 1.73333333333333 1.4 1.46666666666667 1.2 0.333333333333333 0.533333333333333 0.0666666666666667 0.133333333333333 0.4
0.133333333333333 0.666666666666667 0.133333333333333 0.466666666666667 0.6 1.4 1.33333333333333 0.8 0.533333333333333 3.26666666666667 3.66666666666667 0.6 0.2 0.533333333333333 0.333333333333333 1.06666666666667
