0 0 0 0 0.925925925925926 0.666666666666667 0.259259259259259 0 0 0.0740740740740741 0.148148148148148 0.148148148148148 0.0740740740740741 0 0 0
0 0.021978021978022 0 0.032967032967033 0.21978021978022 0.43956043956044 0.736263736263736 0.32967032967033 0.0549450549450549 0.032967032967033 0.0549450549450549 0.120879120879121 0.175824175824176 0.0659340659340659 0 0
0 0 0 0 0.160714285714286 0.107142857142857 0.410714285714286 0.5 0.553571428571429 0.142857142857143 0.0535714285714286 0 0.142857142857143 0.214285714285714 0.0714285714285714 0
0.0289855072463768 0.072463768115942 0.0289855072463768 0.188405797101449 0.0579710144927536 0.130434782608696 0.101449275362319 0.115942028985507 0.710144927536232 0.550724637681159 0.202898550724638 0 0 0 0.0144927536231884 0
0.214285714285714 0.178571428571429 0.0357142857142857 0.517857142857143 0.642857142857143 0.517857142857143 0.285714285714286 0.142857142857143 0.178571428571429 0.25 0.125 0.142857142857143 0.0357142857142857 0.0178571428571429 0 0
0.22972972972973 0.445945945945946 0.0405405405405405 0.121621621621622 0.554054054054054 0.878378378378378 0.324324324324324 0 0.027027027027027 0.0540540540540541 0.0675675675675676 0.256756756756757 0.0540540540540541 0 0 0
0.140350877192982 0.543859649122807 0.157894736842105 0.140350877192982 0.0701754385964912 0.614035087719298 0.982456140350877 0.0701754385964912 0 0.0175438596491228 0.0350877192982456 0.0350877192982456 0.192982456140351 0.105263157894737 0 0
0.0363636363636364 0.363636363636364 0.2 0.109090909090909 0.236363636363636 0.290909090909091 0.4 0.581818181818182 0.181818181818182 0.0363636363636364 0.0727272727272727 0.109090909090909 0.181818181818182 0.0181818181818182 0 0
0 0.144927536231884 0.333333333333333 0.36231884057971 0.217391304347826 0.246376811594203 0.231884057971014 0.231884057971014 0.536231884057971 0.376811594202899 0.202898550724638 0.072463768115942 0.130434782608696 0.318840579710145 0.115942028985507 0.318840579710145
0.0140845070422535 0.0140845070422535 0.112676056338028 0.492957746478873 0.183098591549296 0.112676056338028 0.0845070422535211 0.211267605633803 0.366197183098592 0.633802816901408 0.366197183098592 0.0140845070422535 0 0.0563380281690141 0.0704225352112676 0.028169014084507
0.0357142857142857 0.107142857142857 0 0.0892857142857143 0.214285714285714 0.321428571428571 0.0178571428571429 0.0892857142857143 0.0178571428571429 0.160714285714286 0.410714285714286 0.482142857142857 0.107142857142857 0 0 0
0 0.0681818181818182 0 0 0.113636363636364 0.204545454545455 0.25 0.0227272727272727 0 0.113636363636364 0.204545454545455 0.590909090909091 0.159090909090909 0 0 0.0681818181818182
0 0.380952380952381 0 0 0 0.142857142857143 0.238095238095238 0.0476190476190476 0.0952380952380952 0 0.0952380952380952 0.19047619047619 0.452380952380952 0 0 0
0.0384615384615385 0.0384615384615385 0.115384615384615 0.192307692307692 0 0 0.384615384615385 0.538461538461538 0.346153846153846 0.0769230769230769 0 0 0.0769230769230769 0.192307692307692 0.0384615384615385 0
0 0.133333333333333 0.0666666666666667 0.2 0.4 0 0.0666666666666667 0.4 0.533333333333333 0.333333333333333 0.2 0 0 0.2 0.0666666666666667 0
0 0.2 0 0.533333333333333 0.0666666666666667 0.2 0.2 0.333333333333333 0.333333333333333 0.333333333333333 0.133333333333333 0 0 0 0 0
