0 0.0740740740740741 0 0.037037037037037 0.555555555555556 1 0.333333333333333 0 0 0.111111111111111 0.111111111111111 0.148148148148148 0.0740740740740741 0 0.037037037037037 0
0 0.0549450549450549 0.010989010989011 0.021978021978022 0.296703296703297 0.417582417582418 0.791208791208791 0.32967032967033 0.032967032967033 0.032967032967033 0.0769230769230769 0.0879120879120879 0.186813186813187 0.032967032967033 0 0
0 0 0 0.0357142857142857 0.0357142857142857 0.0714285714285714 0.464285714285714 0.553571428571429 0.482142857142857 0.196428571428571 0 0 0.107142857142857 0.142857142857143 0.0178571428571429 0
0 0.0579710144927536 0 0.173913043478261 0.0434782608695652 0.0869565217391304 0.0144927536231884 0.434782608695652 0.753623188405797 0.231884057971014 0.202898550724638 0 0 0 0.0869565217391304 0
0.107142857142857 0.303571428571429 0 0.464285714285714 0.785714285714286 0.642857142857143 0.642857142857143 0.214285714285714 0.178571428571429 0.178571428571429 0.410714285714286 0.178571428571429 0.107142857142857 0 0 0
0.108108108108108 0.472972972972973 0.0675675675675676 0.175675675675676 0.310810810810811 0.783783783783784 0.540540540540541 0.0945945945945946 0.0405405405405405 0.108108108108108 0.0540540540540541 0.148648648648649 0.148648648648649 0 0 0
0.12280701754386 0.578947368421053 0.175438596491228 0.263157894736842 0.298245614035088 1.63157894736842 1.08771929824561 0.140350877192982 0 0.157894736842105 0.087719298245614 0.0350877192982456 0.175438596491228 0.0175438596491228 0 0
0.0545454545454545 0.436363636363636 0.2 0.109090909090909 0.218181818181818 0.290909090909091 0.272727272727273 0.454545454545455 0.127272727272727 0.0181818181818182 0.0545454545454545 0.0545454545454545 0.0909090909090909 0.0363636363636364 0.0181818181818182 0
0 0.115942028985507 0.27536231884058 0.391304347826087 0.130434782608696 0.188405797101449 0.188405797101449 0.130434782608696 0.550724637681159 0.768115942028985 0.753623188405797 0.072463768115942 0.173913043478261 0.449275362318841 0.565217391304348 1.14492753623188
0.028169014084507 0 0.112676056338028 0.408450704225352 0.183098591549296 0.23943661971831 0.225352112676056 0.197183098591549 0.394366197183099 0.549295774647887 0.352112676056338 0.0704225352112676 0.0140845070422535 0.0140845070422535 0.126760563380282 0.112676056338028
0.0357142857142857 0.0892857142857143 0 0.107142857142857 0.232142857142857 0.339285714285714 0 0.125 0.0357142857142857 0.160714285714286 0.5 0.375 0.125 0 0 0
0.0227272727272727 0.113636363636364 0 0.0454545454545455 0.159090909090909 0.181818181818182 0.0909090909090909 0.0454545454545455 0.0227272727272727 0 0.272727272727273 0.477272727272727 0.159090909090909 0 0 0.136363636363636
0 0.0476190476190476 0 0 0 0.0476190476190476 0.142857142857143 0.142857142857143 0 0 0.119047619047619 0.428571428571429 0.333333333333333 0.0476190476190476 0 0
0.0384615384615385 0.192307692307692 0.0769230769230769 0.115384615384615 0 0.192307692307692 0.307692307692308 0.307692307692308 0.307692307692308 0.153846153846154 0.0384615384615385 0.0384615384615385 0.115384615384615 0.115384615384615 0.0384615384615385 0
0 0.2 0.133333333333333 0 0.266666666666667 0 0.466666666666667 0.133333333333333 0.333333333333333 0.266666666666667 0.333333333333333 0 0 0 0.133333333333333 0
0 0 0 0.333333333333333 0.2 0 0 0.266666666666667 0.4 0.333333333333333 0.133333333333333 0.333333333333333 0 0 0 0.2
