0 0.037037037037037 0 0 0.666666666666667 0.851851851851852 0.222222222222222 0 0 0.0740740740740741 0.444444444444444 0.222222222222222 0.148148148148148 0 0 0
0 0.0549450549450549 0.010989010989011 0.010989010989011 0.0879120879120879 0.384615384615385 0.78021978021978 0.362637362637363 0.0769230769230769 0.0659340659340659 0.208791208791209 0.043956043956044 0.10989010989011 0.043956043956044 0.010989010989011 0
0 0 0 0.0178571428571429 0.0178571428571429 0.0357142857142857 0.535714285714286 0.517857142857143 0.285714285714286 0.357142857142857 0.125 0 0.178571428571429 0.196428571428571 0.0357142857142857 0
0.0579710144927536 0.0289855072463768 0.0144927536231884 0.260869565217391 0.159420289855072 0.115942028985507 0.072463768115942 0.304347826086957 0.652173913043478 0.36231884057971 0.391304347826087 0.0289855072463768 0 0 0.0144927536231884 0
0.125 0.196428571428571 0 0 0.321428571428571 0.714285714285714 0.482142857142857 0.0892857142857143 0.142857142857143 0.0892857142857143 0.196428571428571 0.214285714285714 0.0535714285714286 0 0 0
0.148648648648649 0.432432432432432 0.0405405405405405 0.0810810810810811 0.405405405405405 0.716216216216216 0.297297297297297 0.0810810810810811 0.0945945945945946 0.0945945945945946 0.0675675675675676 0.162162162162162 0.175675675675676 0 0 0
0.0701754385964912 0.456140350877193 0.140350877192982 0.228070175438596 0.105263157894737 0.824561403508772 1.21052631578947 0.0526315789473684 0 0.0526315789473684 0.0526315789473684 0.0526315789473684 0.192982456140351 0.175438596491228 0 0
0.0363636363636364 0.436363636363636 0.218181818181818 0.181818181818182 0.181818181818182 0.236363636363636 0.345454545454545 0.763636363636364 0.254545454545455 0.0181818181818182 0.0545454545454545 0.0181818181818182 0.236363636363636 0.0727272727272727 0.0363636363636364 0.0363636363636364
0 0.101449275362319 0.434782608695652 0.246376811594203 0.144927536231884 0.318840579710145 0.347826086956522 0.217391304347826 0.478260869565217 0.231884057971014 0.289855072463768 0.0144927536231884 0.246376811594203 0.159420289855072 0.115942028985507 0.434782608695652
0.0422535211267606 0.028169014084507 0.154929577464789 0.352112676056338 0.253521126760563 0.140845070422535 0.140845070422535 0.197183098591549 0.535211267605634 0.408450704225352 0.253521126760563 0.028169014084507 0.0140845070422535 0.0704225352112676 0.0563380281690141 0.154929577464789
0.0357142857142857 0.107142857142857 0 0.107142857142857 0.196428571428571 0.285714285714286 0 0.196428571428571 0.0357142857142857 0.160714285714286 0.321428571428571 0.482142857142857 0.0178571428571429 0 0 0
0 0.0227272727272727 0 0 0.159090909090909 0.295454545454545 0.0227272727272727 0.0454545454545455 0 0 0.318181818181818 0.431818181818182 0.272727272727273 0 0 0.0454545454545455
0 0.0714285714285714 0 0 0 0.0714285714285714 0.0952380952380952 0.0952380952380952 0.0952380952380952 0 0.142857142857143 0.428571428571429 0.30952380952381 0.0238095238095238 0 0
0.0384615384615385 0.115384615384615 0 0.153846153846154 0.0769230769230769 0.0769230769230769 0.307692307692308 0.423076923076923 0.269230769230769 0.115384615384615 0.0769230769230769 0.0769230769230769 0.0769230769230769 0.153846153846154 0 0
0 0.0666666666666667 0.0666666666666667 0.0666666666666667 0.266666666666667 0 0.133333333333333 0.333333333333333 0.2 0.666666666666667 0.466666666666667 0 0 0.0666666666666667 0 0
0 0.0666666666666667 0 0.266666666666667 0.0666666666666667 0.0666666666666667 0.0666666666666667 0.133333333333333 0.133333333333333 0.533333333333333 0.133333333333333 0.333333333333333 0 0 0 0
