0.296296296296296 0.518518518518518 0.0740740740740741 1.37037037037037 2 1.44444444444444 1.25925925925926 0.185185185185185 0.148148148148148 1.44444444444444 1.2962962962963 1.25925925925926 1.07407407407407 0.111111111111111 0.333333333333333 0.37037037037037
0.208791208791209 0.868131868131868 0.395604395604396 0.714285714285714 0.516483516483517 2.76923076923077 2.93406593406593 1.2967032967033 0.989010989010989 0.736263736263736 0.692307692307692 1.1978021978022 1.45054945054945 0.208791208791209 0.0879120879120879 0.285714285714286
0.125 0.553571428571429 0.660714285714286 0.589285714285714 0.410714285714286 1.19642857142857 1.73214285714286 2.23214285714286 2.78571428571429 0.732142857142857 0.785714285714286 1.14285714285714 0.928571428571429 0.303571428571429 0.357142857142857 0.303571428571429
0.289855072463768 0.985507246376812 0.826086956521739 1.21739130434783 1.18840579710145 1.15942028985507 1.30434782608696 2.46376811594203 2.72463768115942 1.73913043478261 1.33333333333333 0.579710144927536 0.463768115942029 0.260869565217391 0.231884057971014 0.376811594202899
0.410714285714286 1.23214285714286 0.5 1.625 1.98214285714286 1.26785714285714 1.60714285714286 0.982142857142857 1.08928571428571 1.5 1.78571428571429 0.982142857142857 0.946428571428571 0.196428571428571 0.0892857142857143 0.339285714285714
0.810810810810811 2.27027027027027 0.256756756756757 1.18918918918919 1.36486486486486 3.08108108108108 2.7027027027027 0.743243243243243 0.621621621621622 1.12162162162162 1.25675675675676 1.24324324324324 0.864864864864865 0.0810810810810811 0.108108108108108 0.256756756756757
0.385964912280702 1.94736842105263 1.57894736842105 1.07017543859649 0.947368421052632 3.6140350877193 4.12280701754386 2.03508771929825 2.03508771929825 1.36842105263158 1.33333333333333 1.54385964912281 1.54385964912281 0.666666666666667 0.456140350877193 0.964912280701754
0.363636363636364 1.72727272727273 0.927272727272727 0.872727272727273 0.690909090909091 1.27272727272727 1.38181818181818 2.58181818181818 2.36363636363636 0.6 0.509090909090909 1.12727272727273 1.10909090909091 0.236363636363636 0.2 0.309090909090909
0.173913043478261 1.07246376811594 1.89855072463768 1.73913043478261 1.27536231884058 1.08695652173913 1.26086956521739 2.84057971014493 3.47826086956522 1.59420289855072 1.72463768115942 0.869565217391304 0.710144927536232 0.739130434782609 0.434782608695652 1.7536231884058
0.450704225352113 1.84507042253521 1.38028169014085 2.76056338028169 2.23943661971831 2.30985915492958 1.80281690140845 2.29577464788732 2.42253521126761 2.92957746478873 3.11267605633803 1.08450704225352 1 1.2112676056338 1.02816901408451 2.02816901408451
0.178571428571429 0.410714285714286 0.196428571428571 1.46428571428571 1.39285714285714 2.48214285714286 2.5 2.23214285714286 1.67857142857143 2.69642857142857 2.41071428571429 1.55357142857143 1.46428571428571 0.25 0.196428571428571 0.696428571428571
0.227272727272727 1.13636363636364 0.318181818181818 0.704545454545455 0.454545454545455 2.15909090909091 2.06818181818182 0.590909090909091 0.545454545454545 0.909090909090909 1.29545454545455 2 1.56818181818182 0.181818181818182 0.204545454545455 0.431818181818182
0.166666666666667 0.904761904761905 0.571428571428571 0.761904761904762 0.30952380952381 2.33333333333333 1.95238095238095 0.333333333333333 0.571428571428571 0.761904761904762 0.976190476190476 2.42857142857143 2.64285714285714 0.142857142857143 0.166666666666667 0.404761904761905
0.153846153846154 0.846153846153846 0.923076923076923 1.30769230769231 0.653846153846154 1.03846153846154 0.769230769230769 2.30769230769231 2.73076923076923 0.307692307692308 0.230769230769231 0.115384615384615 0.269230769230769 0.538461538461538 0.230769230769231 0.384615384615385
0 0.0666666666666667 0.666666666666667 0.6 0.666666666666667 0.533333333333333 0.333333333333333 1.73333333333333 1.6 1.13333333333333 1.53333333333333 0.133333333333333 0.266666666666667 0.2 0.266666666666667 0.266666666666667
0.2 0.533333333333333 0.2 0.866666666666667 0.666666666666667 0.733333333333333 1.33333333333333 1.46666666666667 0.933333333333333 2.06666666666667 2.2 0.466666666666667 0.4 0.133333333333333 0.2 0.4
