0.0740740740740741 0.481481481481481 0.037037037037037 1.22222222222222 2.33333333333333 1.62962962962963 1.48148148148148 0.148148148148148 0.222222222222222 1.66666666666667 1.44444444444444 1.18518518518519 1.2962962962963 0.259259259259259 0.222222222222222 0.37037037037037
0.197802197802198 0.868131868131868 0.472527472527472 0.703296703296703 0.923076923076923 2.8021978021978 2.86813186813187 1.02197802197802 0.879120879120879 1.10989010989011 1.08791208791209 1.35164835164835 1.10989010989011 0.285714285714286 0.208791208791209 0.373626373626374
0.142857142857143 0.589285714285714 0.785714285714286 0.75 0.535714285714286 1.25 1.75 2.92857142857143 2.32142857142857 0.589285714285714 0.517857142857143 0.696428571428571 0.571428571428571 0.464285714285714 0.321428571428571 0.482142857142857
0.333333333333333 0.782608695652174 0.840579710144927 1.59420289855072 1.72463768115942 1.46376811594203 1.49275362318841 2.3768115942029 2.47826086956522 1.7536231884058 1.71014492753623 0.681159420289855 0.492753623188406 0.347826086956522 0.420289855072464 0.855072463768116
0.410714285714286 1.42857142857143 0.392857142857143 2.48214285714286 2.39285714285714 1.42857142857143 1.85714285714286 1.5 1.30357142857143 2.35714285714286 2.58928571428571 0.803571428571428 0.75 0.178571428571429 0.160714285714286 0.392857142857143
0.797297297297297 2.25675675675676 0.337837837837838 1.32432432432432 1.48648648648649 3.64864864864865 3.7027027027027 1.08108108108108 0.675675675675676 0.864864864864865 0.77027027027027 1.62162162162162 1.06756756756757 0.0810810810810811 0.121621621621622 0.22972972972973
0.508771929824561 1.40350877192982 1.24561403508772 1.03508771929825 0.842105263157895 2.73684210526316 3.1578947368421 1.2280701754386 0.894736842105263 0.982456140350877 0.947368421052631 1.92982456140351 1.57894736842105 0.43859649122807 0.280701754385965 0.350877192982456
0.418181818181818 1.49090909090909 0.872727272727273 0.909090909090909 0.745454545454545 2.10909090909091 2.09090909090909 2.54545454545454 1.98181818181818 0.654545454545454 0.690909090909091 1.2 1.72727272727273 0.127272727272727 0.145454545454545 0.381818181818182
0.652173913043478 2.20289855072464 1.8695652173913 2.30434782608696 1.49275362318841 2.11594202898551 2.02898550724638 3.40579710144927 3.23188405797101 2.10144927536232 1.84057971014493 1.21739130434783 1.05797101449275 0.652173913043478 0.811594202898551 1.46376811594203
0.47887323943662 0.929577464788732 0.957746478873239 2.29577464788732 1.98591549295775 2.08450704225352 2.11267605633803 2.08450704225352 2.29577464788732 3.09859154929577 2.92957746478873 0.436619718309859 0.338028169014084 0.732394366197183 0.859154929577465 1.66197183098592
0.178571428571429 0.553571428571428 0.285714285714286 1.44642857142857 1.92857142857143 2.51785714285714 2.39285714285714 1.33928571428571 1.48214285714286 2.85714285714286 2.55357142857143 1.76785714285714 1.46428571428571 0.392857142857143 0.214285714285714 0.642857142857143
0.431818181818182 1 0.295454545454545 0.954545454545454 0.772727272727273 2.25 2.15909090909091 0.568181818181818 0.590909090909091 1.59090909090909 1.70454545454545 1.56818181818182 1.04545454545455 0.25 0.227272727272727 0.454545454545454
0.19047619047619 0.642857142857143 0.666666666666667 0.666666666666667 0.452380952380952 1.73809523809524 2.28571428571429 0.857142857142857 0.547619047619048 0.976190476190476 1.07142857142857 1.97619047619048 1.97619047619048 0.19047619047619 0.142857142857143 0.119047619047619
0.0384615384615385 0.307692307692308 0.846153846153846 0.807692307692308 0.0769230769230769 0.807692307692308 1.03846153846154 2.96153846153846 2.84615384615385 0.615384615384615 0.461538461538461 0.730769230769231 0.653846153846154 0.307692307692308 0.307692307692308 0.5
0.0666666666666667 0.333333333333333 0.866666666666667 0.733333333333333 1.2 0.933333333333333 0.533333333333333 2 2.46666666666667 1 1 0.2 0.266666666666667 0.133333333333333 0.333333333333333 0.666666666666667
0 0.333333333333333 0.133333333333333 0.866666666666667 0.533333333333333 0.533333333333333 0.666666666666667 1.26666666666667 1 2.4 2.33333333333333 0.733333333333333 0.8 0.333333333333333 0.466666666666667 1.2
