0 0.111111111111111 0 0.111111111111111 0.666666666666667 0.740740740740741 0.481481481481481 0 0 0.333333333333333 0.259259259259259 0.148148148148148 0.0740740740740741 0 0.111111111111111 0
0 0.032967032967033 0 0.032967032967033 0.0989010989010989 0.472527472527473 0.846153846153846 0.285714285714286 0.0989010989010989 0.043956043956044 0.043956043956044 0.0769230769230769 0.208791208791209 0.131868131868132 0 0
0 0 0 0 0.0357142857142857 0.0892857142857143 0.482142857142857 0.375 0.517857142857143 0.446428571428571 0.0178571428571429 0 0.178571428571429 0.0178571428571429 0.0892857142857143 0
0.0289855072463768 0.0579710144927536 0.0434782608695652 0.159420289855072 0.072463768115942 0.101449275362319 0.130434782608696 0.260869565217391 0.536231884057971 0.434782608695652 0.289855072463768 0.0579710144927536 0 0 0.0869565217391304 0
0.214285714285714 0.25 0 0.142857142857143 0.428571428571429 0.875 1.03571428571429 0.160714285714286 0.25 0.267857142857143 0.303571428571429 0.125 0.0714285714285714 0 0 0
0.148648648648649 0.445945945945946 0.0135135135135135 0.135135135135135 0.391891891891892 0.783783783783784 0.445945945945946 0.0675675675675676 0.0810810810810811 0.135135135135135 0.0405405405405405 0.256756756756757 0.202702702702703 0 0 0
0.12280701754386 0.526315789473684 0.210526315789474 0.140350877192982 0.192982456140351 1.07017543859649 1.10526315789474 0.210526315789474 0 0.0701754385964912 0.087719298245614 0.0350877192982456 0.12280701754386 0.0350877192982456 0 0
0.0181818181818182 0.436363636363636 0.163636363636364 0.2 0.272727272727273 0.309090909090909 0.436363636363636 0.436363636363636 0.272727272727273 0.0363636363636364 0.0181818181818182 0.0181818181818182 0.163636363636364 0 0.0727272727272727 0
0 0.115942028985507 0.405797101449275 0.405797101449275 0 0.072463768115942 0.115942028985507 0.130434782608696 0.623188405797101 0.63768115942029 0.492753623188406 0.0434782608695652 0.202898550724638 0.449275362318841 0.376811594202899 0.695652173913043
0.0140845070422535 0.0140845070422535 0.0704225352112676 0.47887323943662 0.253521126760563 0.225352112676056 0.183098591549296 0.169014084507042 0.309859154929577 0.690140845070423 0.28169014084507 0.0845070422535211 0.0140845070422535 0.0704225352112676 0.211267605633803 0.0985915492957746
0.0178571428571429 0.0178571428571429 0 0.196428571428571 0.232142857142857 0.285714285714286 0.0178571428571429 0.142857142857143 0.0357142857142857 0.25 0.25 0.214285714285714 0.0535714285714286 0 0 0
0.0454545454545455 0.113636363636364 0 0 0.0681818181818182 0.272727272727273 0.0909090909090909 0.0454545454545455 0 0.0681818181818182 0.204545454545455 0.363636363636364 0.227272727272727 0 0 0.159090909090909
0 0.0714285714285714 0 0 0 0.0714285714285714 0.19047619047619 0 0.0476190476190476 0 0.166666666666667 0.5 0.333333333333333 0.0238095238095238 0 0
0 0.0769230769230769 0 0.269230769230769 0.0769230769230769 0.0769230769230769 0.5 0.192307692307692 0.230769230769231 0.346153846153846 0.0769230769230769 0 0.115384615384615 0.230769230769231 0.0384615384615385 0
0 0 0.2 0.133333333333333 0.133333333333333 0 0.2 0.4 0.466666666666667 0.4 0.4 0 0 0.133333333333333 0 0
0 0.0666666666666667 0 0.266666666666667 0.266666666666667 0.0666666666666667 0.0666666666666667 0.133333333333333 0.4 0.133333333333333 0 0.4 0 0 0 0.133333333333333
