0 0.0740740740740741 0 0.0740740740740741 0.888888888888889 0.555555555555556 0.333333333333333 0 0 0.222222222222222 0.148148148148148 0.185185185185185 0.111111111111111 0 0.0740740740740741 0
0 0.0659340659340659 0.010989010989011 0.021978021978022 0.153846153846154 0.461538461538462 0.714285714285714 0.274725274725275 0.043956043956044 0.021978021978022 0.0769230769230769 0.186813186813187 0.142857142857143 0.0769230769230769 0.021978021978022 0
0 0 0 0.0178571428571429 0.0892857142857143 0 0.410714285714286 0.375 0.464285714285714 0.482142857142857 0.0714285714285714 0 0.214285714285714 0.125 0 0
0.0579710144927536 0.0289855072463768 0 0.115942028985507 0.202898550724638 0.173913043478261 0.0579710144927536 0.173913043478261 0.797101449275362 0.420289855072464 0.27536231884058 0.0289855072463768 0 0 0.0434782608695652 0.0579710144927536
0.160714285714286 0.196428571428571 0.0535714285714286 0.5 0.767857142857143 1.125 1.21428571428571 0.178571428571429 0.142857142857143 0.267857142857143 0.321428571428571 0.142857142857143 0.160714285714286 0 0 0
0.135135135135135 0.364864864864865 0.0675675675675676 0.135135135135135 0.472972972972973 0.716216216216216 0.337837837837838 0.0135135135135135 0.0540540540540541 0.175675675675676 0.0810810810810811 0.216216216216216 0.108108108108108 0 0 0
0.0526315789473684 0.666666666666667 0.157894736842105 0.210526315789474 0.280701754385965 0.701754385964912 0.929824561403509 0.105263157894737 0 0.157894736842105 0.12280701754386 0.0175438596491228 0.0526315789473684 0.0526315789473684 0 0
0.0727272727272727 0.381818181818182 0.218181818181818 0.181818181818182 0.181818181818182 0.381818181818182 0.618181818181818 0.418181818181818 0.472727272727273 0.0363636363636364 0.0363636363636364 0.181818181818182 0.127272727272727 0.0181818181818182 0.0363636363636364 0
0 0.072463768115942 0.434782608695652 0.246376811594203 0.0579710144927536 0.217391304347826 0.376811594202899 0.115942028985507 0.521739130434783 0.869565217391304 0.884057971014493 0.0434782608695652 0.159420289855072 0.652173913043478 0.666666666666667 1.14492753623188
0 0.0140845070422535 0.183098591549296 0.380281690140845 0.211267605633803 0.197183098591549 0.112676056338028 0.154929577464789 0.563380281690141 0.535211267605634 0.225352112676056 0.0704225352112676 0.0140845070422535 0.0563380281690141 0.126760563380282 0.0985915492957746
0.0535714285714286 0.0892857142857143 0 0.0892857142857143 0.25 0.428571428571429 0.0178571428571429 0.0535714285714286 0.0892857142857143 0.25 0.339285714285714 0.339285714285714 0.0535714285714286 0 0 0
0.0227272727272727 0.0681818181818182 0 0.0454545454545455 0.113636363636364 0.159090909090909 0.113636363636364 0 0 0.0227272727272727 0.272727272727273 0.590909090909091 0.159090909090909 0 0 0.0909090909090909
0 0.0952380952380952 0 0 0 0.119047619047619 0.119047619047619 0.0476190476190476 0.0476190476190476 0 0.142857142857143 0.666666666666667 0.261904761904762 0 0 0
0 0.115384615384615 0.192307692307692 0.192307692307692 0 0 0.576923076923077 0.423076923076923 0.346153846153846 0.153846153846154 0 0 0.0769230769230769 0.153846153846154 0 0
0 0 0.266666666666667 0.2 0.133333333333333 0 0.466666666666667 0.2 0.466666666666667 0.133333333333333 0.466666666666667 0 0 0.2 0 0
0 0 0 0.333333333333333 0.6 0 0 0.133333333333333 0.266666666666667 0.266666666666667 0.133333333333333 0.0666666666666667 0 0 0 0
