0 0.037037037037037 0 0.0740740740740741 0.814814814814815 0.740740740740741 0.259259259259259 0 0 0.296296296296296 0.296296296296296 0.111111111111111 0.111111111111111 0 0.0740740740740741 0
0 0 0 0.021978021978022 0.142857142857143 0.296703296703297 0.945054945054945 0.307692307692308 0.0659340659340659 0.043956043956044 0.0769230769230769 0.0879120879120879 0.10989010989011 0.043956043956044 0.010989010989011 0
0 0 0 0.0357142857142857 0.125 0.0178571428571429 0.321428571428571 0.553571428571429 0.285714285714286 0.482142857142857 0.125 0 0.178571428571429 0.196428571428571 0 0
0.101449275362319 0.0434782608695652 0.0144927536231884 0.231884057971014 0.0869565217391304 0.115942028985507 0.101449275362319 0.289855072463768 0.652173913043478 0.478260869565217 0.188405797101449 0.0434782608695652 0 0.0144927536231884 0.0579710144927536 0.0144927536231884
0.142857142857143 0.339285714285714 0.0357142857142857 0.589285714285714 0.857142857142857 0.517857142857143 0.339285714285714 0.142857142857143 0.142857142857143 0.410714285714286 0.285714285714286 0.142857142857143 0.0357142857142857 0 0 0
0.27027027027027 0.405405405405405 0.0540540540540541 0.175675675675676 0.459459459459459 1.01351351351351 0.351351351351351 0.0675675675675676 0.0540540540540541 0.202702702702703 0.0810810810810811 0.162162162162162 0.0405405405405405 0 0 0
0.12280701754386 0.456140350877193 0.280701754385965 0.228070175438596 0.298245614035088 0.824561403508772 1.43859649122807 0.105263157894737 0 0.0701754385964912 0.105263157894737 0.087719298245614 0.140350877192982 0.0350877192982456 0 0
0.109090909090909 0.381818181818182 0.127272727272727 0.127272727272727 0.290909090909091 0.309090909090909 0.436363636363636 0.272727272727273 0.218181818181818 0.109090909090909 0.127272727272727 0.109090909090909 0.327272727272727 0.0363636363636364 0 0
0 0.0869565217391304 0.405797101449275 0.405797101449275 0.072463768115942 0.27536231884058 0.159420289855072 0.217391304347826 0.521739130434783 0.608695652173913 0.333333333333333 0.0289855072463768 0.188405797101449 0.289855072463768 0.318840579710145 0.550724637681159
0.028169014084507 0.0140845070422535 0.140845070422535 0.352112676056338 0.267605633802817 0.295774647887324 0.112676056338028 0.253521126760563 0.309859154929577 0.52112676056338 0.183098591549296 0.0422535211267606 0.0140845070422535 0.028169014084507 0.0563380281690141 0.211267605633803
0.0357142857142857 0.0357142857142857 0 0.125 0.178571428571429 0.446428571428571 0.0357142857142857 0.107142857142857 0 0.178571428571429 0.375 0.464285714285714 0.125 0 0 0
0.0227272727272727 0.136363636363636 0 0.0681818181818182 0.204545454545455 0.25 0.0454545454545455 0.0454545454545455 0.0227272727272727 0.0227272727272727 0.204545454545455 0.568181818181818 0.159090909090909 0 0 0.0227272727272727
0 0.0476190476190476 0 0 0 0.0476190476190476 0.119047619047619 0.0476190476190476 0.0476190476190476 0 0.119047619047619 0.547619047619048 0.166666666666667 0.0476190476190476 0 0
0.0769230769230769 0.0769230769230769 0.153846153846154 0.192307692307692 0 0.0769230769230769 0.346153846153846 0.653846153846154 0.346153846153846 0.115384615384615 0 0.153846153846154 0.269230769230769 0.115384615384615 0 0
0 0.0666666666666667 0.0666666666666667 0.133333333333333 0.133333333333333 0 0.133333333333333 0.333333333333333 0.6 0.533333333333333 0 0 0 0.133333333333333 0.0666666666666667 0
0 0.333333333333333 0 0.133333333333333 0.0666666666666667 0.333333333333333 0.333333333333333 0.2 0.2 0.4 0.133333333333333 0 0 0 0 0
