0.111111111111111 0.185185185185185 0 1.11111111111111 1.25925925925926 1.62962962962963 1.44444444444444 0.148148148148148 0.037037037037037 0.407407407407407 0.296296296296296 1.2962962962963 1.62962962962963 0.296296296296296 0.111111111111111 0.222222222222222
0.208791208791209 0.923076923076923 0.406593406593407 0.736263736263736 0.692307692307692 2.30769230769231 3.23076923076923 1.64835164835165 1.41758241758242 0.505494505494505 0.56043956043956 1.48351648351648 1.36263736263736 0.164835164835165 0.10989010989011 0.186813186813187
0.196428571428571 0.642857142857143 0.571428571428571 0.732142857142857 0.410714285714286 1.05357142857143 1.67857142857143 2.03571428571429 2.66071428571429 0.964285714285714 0.732142857142857 0.642857142857143 0.660714285714286 0.410714285714286 0.392857142857143 0.607142857142857
0.246376811594203 1 1.02898550724638 1.89855072463768 1.65217391304348 1.39130434782609 1.23188405797101 2.63768115942029 3.14492753623188 1.49275362318841 1.1304347826087 0.797101449275362 0.797101449275362 0.347826086956522 0.304347826086956 0.565217391304348
0.482142857142857 1.26785714285714 0.464285714285714 2.32142857142857 2.23214285714286 1.73214285714286 1.89285714285714 1.66071428571429 1.39285714285714 2.71428571428571 2.30357142857143 0.696428571428571 0.660714285714286 0.160714285714286 0.25 0.321428571428571
0.878378378378378 2.37837837837838 0.391891891891892 1.18918918918919 1.40540540540541 3.67567567567567 3.44594594594595 0.891891891891892 0.878378378378378 1.21621621621622 1.04054054054054 1.32432432432432 1.02702702702703 0.202702702702703 0.0810810810810811 0.337837837837838
0.56140350877193 1.82456140350877 1.15789473684211 0.964912280701754 0.947368421052631 4.08771929824561 3.92982456140351 1.26315789473684 1.01754385964912 0.982456140350877 1.07017543859649 1.66666666666667 1.59649122807018 0.263157894736842 0.210526315789474 0.473684210526316
0.4 1.58181818181818 1.29090909090909 1.30909090909091 0.927272727272727 1.25454545454545 1.70909090909091 2.43636363636364 2.83636363636364 0.490909090909091 0.490909090909091 1.16363636363636 1.36363636363636 0.490909090909091 0.309090909090909 0.709090909090909
0.246376811594203 1.57971014492754 1.76811594202899 1.81159420289855 1.18840579710145 1.01449275362319 1.18840579710145 3.07246376811594 3.15942028985507 1.39130434782609 1.26086956521739 0.927536231884058 1 0.710144927536232 0.666666666666667 1.40579710144928
0.28169014084507 1.30985915492958 1.04225352112676 2.22535211267606 1.92957746478873 1.50704225352113 1.36619718309859 1.91549295774648 1.74647887323944 3.63380281690141 2.90140845070423 0.774647887323944 0.845070422535211 0.873239436619718 0.859154929577465 1.57746478873239
0.339285714285714 0.982142857142857 0.410714285714286 1.5 1.375 2.07142857142857 2.375 1.33928571428571 1 2.17857142857143 2.35714285714286 1.32142857142857 1.375 0.428571428571428 0.25 0.446428571428571
0.409090909090909 0.863636363636363 0.863636363636363 1.09090909090909 0.659090909090909 2.27272727272727 1.45454545454545 0.568181818181818 0.431818181818182 0.727272727272727 1.02272727272727 2.18181818181818 1.45454545454545 0.136363636363636 0.159090909090909 0.477272727272727
0.119047619047619 0.904761904761905 0.285714285714286 0.404761904761905 0.428571428571428 1.42857142857143 2.16666666666667 0.547619047619048 0.642857142857143 0.404761904761905 0.357142857142857 2.14285714285714 1.85714285714286 0.214285714285714 0.19047619047619 0.261904761904762
0.230769230769231 1.19230769230769 0.923076923076923 1.19230769230769 0.884615384615384 1.11538461538462 1.53846153846154 1.73076923076923 1.96153846153846 0.807692307692308 0.692307692307692 0.692307692307692 0.5 1.46153846153846 0.692307692307692 2
0 0.0666666666666667 1.33333333333333 1.13333333333333 0.8 0.4 0.8 3 2.93333333333333 1.13333333333333 0.866666666666667 0 0 0.266666666666667 0.133333333333333 0.466666666666667
0.133333333333333 0.0666666666666667 0.266666666666667 1.26666666666667 0.933333333333333 0.4 0.6 0.866666666666667 1.66666666666667 2.8 2.33333333333333 1 0.4 0.333333333333333 0.266666666666667 0.4
