0.185185185185185 0.37037037037037 0 1.37037037037037 2.25925925925926 1.44444444444444 1.51851851851852 0.37037037037037 0.0740740740740741 1.74074074074074 1.7037037037037 0.814814814814815 0.703703703703704 0.222222222222222 0.333333333333333 0.62962962962963
0.263736263736264 0.901098901098901 0.527472527472527 0.637362637362637 0.571428571428571 3.04395604395604 3.04395604395604 1.08791208791209 0.912087912087912 1.03296703296703 1.06593406593407 1.34065934065934 1.2967032967033 0.274725274725275 0.142857142857143 0.428571428571429
0.0892857142857143 0.553571428571429 0.964285714285714 0.642857142857143 0.321428571428571 0.928571428571429 1.39285714285714 2.5 2.82142857142857 0.964285714285714 1 0.678571428571429 0.767857142857143 0.410714285714286 0.339285714285714 0.767857142857143
0.144927536231884 0.63768115942029 0.826086956521739 1.8695652173913 1.63768115942029 1.28985507246377 1.40579710144928 2.21739130434783 2.76811594202899 1.44927536231884 1.34782608695652 0.753623188405797 0.666666666666667 0.318840579710145 0.27536231884058 0.463768115942029
0.357142857142857 1.23214285714286 0.589285714285714 2 2.80357142857143 2.14285714285714 2.25 1.53571428571429 1.42857142857143 2.58928571428571 2.07142857142857 0.714285714285714 0.714285714285714 0.392857142857143 0.160714285714286 0.428571428571429
0.959459459459459 2.39189189189189 0.405405405405405 1.31081081081081 1.68918918918919 3.45945945945946 4 0.932432432432432 1 1.78378378378378 1.52702702702703 1.27027027027027 1.13513513513514 0.121621621621622 0.0405405405405405 0.162162162162162
0.421052631578947 2 0.982456140350877 1.47368421052632 1.12280701754386 3.92982456140351 3.54385964912281 1.63157894736842 1.70175438596491 1.28070175438596 1.45614035087719 1.33333333333333 1.84210526315789 0.333333333333333 0.280701754385965 0.614035087719298
0.509090909090909 1.43636363636364 0.709090909090909 0.654545454545455 0.545454545454545 1.05454545454545 1.4 2.65454545454545 2.25454545454545 0.618181818181818 0.4 0.890909090909091 1.14545454545455 0.309090909090909 0.327272727272727 0.636363636363636
0.434782608695652 1.66666666666667 1.88405797101449 2.01449275362319 1.39130434782609 1.68115942028985 1.72463768115942 3.55072463768116 3.36231884057971 2.31884057971015 2.08695652173913 0.695652173913043 0.565217391304348 0.855072463768116 0.826086956521739 2.27536231884058
0.323943661971831 1.04225352112676 0.943661971830986 1.87323943661972 1.57746478873239 1.52112676056338 1.22535211267606 2.45070422535211 2.23943661971831 2.92957746478873 2.67605633802817 0.591549295774648 0.492957746478873 0.535211267605634 0.52112676056338 1.15492957746479
0.25 0.5 0.196428571428571 1.21428571428571 1.28571428571429 2.23214285714286 2.28571428571429 1.66071428571429 1.46428571428571 2.30357142857143 2.42857142857143 1.26785714285714 1.17857142857143 0.5 0.285714285714286 0.464285714285714
0.363636363636364 0.977272727272727 0.227272727272727 0.886363636363636 0.977272727272727 1.95454545454545 1.93181818181818 0.431818181818182 0.545454545454545 1.25 1.72727272727273 1.68181818181818 1.27272727272727 0.227272727272727 0.295454545454545 0.545454545454545
0.0714285714285714 0.619047619047619 0.0952380952380952 0.476190476190476 0.30952380952381 1.4047619047619 1.57142857142857 1.16666666666667 0.928571428571429 0.571428571428571 0.928571428571429 1.52380952380952 1.35714285714286 0.19047619047619 0.142857142857143 0.119047619047619
0.153846153846154 0.653846153846154 0.5 1.11538461538462 0.692307692307692 0.961538461538462 0.807692307692308 2.19230769230769 1.69230769230769 0.730769230769231 0.615384615384615 0.346153846153846 0.307692307692308 0.5 0.269230769230769 0.730769230769231
0 0.4 0.933333333333333 1.13333333333333 0.866666666666667 0.6 1.06666666666667 1.6 2.93333333333333 0.933333333333333 1.13333333333333 0.133333333333333 0.2 0.133333333333333 0.0666666666666667 0.4
0.133333333333333 0.333333333333333 0.0666666666666667 1.06666666666667 1.33333333333333 0.6 0.4 0.6 0.466666666666667 2.8 2.66666666666667 0.866666666666667 0.4 0.266666666666667 0.133333333333333 0.933333333333333
