0.148148148148148 0.259259259259259 0.0740740740740741 0.814814814814815 1.25925925925926 2.33333333333333 1.59259259259259 0.148148148148148 0.296296296296296 0.740740740740741 0.925925925925926 2.03703703703704 1.33333333333333 0.222222222222222 0.222222222222222 0.222222222222222
0.23943661971831 0.492957746478873 0.338028169014084 0.802816901408451 0.957746478873239 2.59154929577465 2.98591549295775 1.08450704225352 0.845070422535211 0.816901408450704 0.901408450704225 1.08450704225352 1.26760563380282 0.126760563380282 0.0985915492957746 0.140845070422535
0.25 0.828947368421053 1.22368421052632 0.657894736842105 0.56578947368421 1.5 2.32894736842105 2.05263157894737 1.89473684210526 1.06578947368421 0.81578947368421 1.03947368421053 1.19736842105263 0.31578947368421 0.276315789473684 0.460526315789474
0.246376811594203 0.507246376811594 1 1.85507246376812 1.79710144927536 1.04347826086956 0.898550724637681 1.97101449275362 2.31884057971014 1.94202898550725 1.91304347826087 0.579710144927536 0.710144927536232 0.376811594202899 0.347826086956522 0.826086956521739
0.535714285714286 1.08928571428571 0.696428571428571 2.14285714285714 2.17857142857143 2.14285714285714 2.125 1.83928571428571 1.375 2.33928571428571 2.05357142857143 0.678571428571428 0.607142857142857 0.196428571428571 0.125 0.410714285714286
0.797297297297297 2.08108108108108 0.527027027027027 1.31081081081081 1.64864864864865 3.32432432432432 3.25675675675676 1.14864864864865 0.851351351351351 1.25675675675676 1.31081081081081 1.28378378378378 1.05405405405405 0.162162162162162 0.027027027027027 0.27027027027027
0.508771929824561 1.26315789473684 0.964912280701754 1 0.684210526315789 3.24561403508772 3.70175438596491 1.54385964912281 1.21052631578947 0.824561403508772 1.35087719298246 1.3859649122807 1.64912280701754 0.43859649122807 0.298245614035088 0.473684210526316
0.309090909090909 1.10909090909091 1.4 0.636363636363636 0.527272727272727 1.72727272727273 1.4 2.6 2.07272727272727 0.418181818181818 0.309090909090909 0.836363636363636 0.818181818181818 0.290909090909091 0.218181818181818 0.436363636363636
0.63768115942029 1.33333333333333 2.18840579710145 2.47826086956522 1.49275362318841 1.88405797101449 2.23188405797101 3.2463768115942 2.98550724637681 2.07246376811594 2.20289855072464 0.927536231884058 1.02898550724638 0.608695652173913 0.855072463768116 1.73913043478261
0.352112676056338 0.577464788732394 1.77464788732394 2.14084507042254 1.90140845070423 1.73239436619718 2.14084507042254 2.16901408450704 2.2112676056338 3.25352112676056 2.88732394366197 0.746478873239437 0.676056338028169 0.845070422535211 0.859154929577465 1.53521126760563
0.125 0.392857142857143 0.464285714285714 1.26785714285714 1.10714285714286 2.26785714285714 2.375 1.80357142857143 1.83928571428571 1.625 2.10714285714286 1.51785714285714 1.32142857142857 0.392857142857143 0.321428571428571 0.517857142857143
0.227272727272727 0.772727272727273 0.227272727272727 0.545454545454545 0.659090909090909 1.86363636363636 2.02272727272727 0.363636363636364 0.272727272727273 0.727272727272727 1.11363636363636 1.65909090909091 1.31818181818182 0.113636363636364 0.204545454545455 0.409090909090909
0.166666666666667 0.428571428571428 0.619047619047619 0.547619047619048 0.333333333333333 2.19047619047619 2.14285714285714 1.02380952380952 1.11904761904762 0.642857142857143 0.928571428571428 2.47619047619048 1.85714285714286 0.142857142857143 0.0476190476190476 0.238095238095238
0.0769230769230769 0.576923076923077 0.5 0.538461538461538 0.653846153846154 1.34615384615385 1.38461538461538 2.5 2.07692307692308 0.5 0.269230769230769 0.269230769230769 0.615384615384615 0.423076923076923 0.423076923076923 0.769230769230769
0.133333333333333 0.4 0.933333333333333 1.4 0.866666666666667 0.8 1.26666666666667 1.93333333333333 2.66666666666667 1.06666666666667 1.46666666666667 0.133333333333333 0.266666666666667 0.8 0.733333333333333 0.6
0.0666666666666667 0.466666666666667 0 1.8 1.53333333333333 0.4 0.666666666666667 0.4 0.933333333333333 2.93333333333333 3.26666666666667 0.866666666666667 0.4 0.133333333333333 0.333333333333333 0.2
