0.111111111111111 0.888888888888889 0.037037037037037 1.03703703703704 1.44444444444444 2.2962962962963 2.03703703703704 0.185185185185185 0.185185185185185 1.18518518518519 1.11111111111111 0.851851851851852 1 0.222222222222222 0.222222222222222 0.185185185185185
0.186813186813187 0.725274725274725 0.406593406593407 0.472527472527472 0.626373626373626 2.2967032967033 2.40659340659341 1.35164835164835 0.89010989010989 0.494505494505494 0.516483516483516 1.17582417582418 1.30769230769231 0.153846153846154 0.0549450549450549 0.241758241758242
0.232142857142857 0.642857142857143 0.821428571428571 0.910714285714286 0.553571428571428 1.73214285714286 1.875 2.21428571428571 2.39285714285714 1.08928571428571 0.803571428571428 0.767857142857143 0.910714285714286 0.5 0.303571428571428 0.660714285714286
0.115942028985507 0.666666666666667 0.869565217391304 1.79710144927536 1.73913043478261 1.26086956521739 1.52173913043478 1.85507246376812 2.07246376811594 2.44927536231884 1.94202898550725 0.710144927536232 0.681159420289855 0.130434782608696 0.188405797101449 0.550724637681159
0.714285714285714 1.60714285714286 0.339285714285714 2.07142857142857 2.41071428571429 2.16071428571429 2.26785714285714 1.07142857142857 0.821428571428571 1.26785714285714 1.58928571428571 1.17857142857143 0.875 0.232142857142857 0.142857142857143 0.375
1.18918918918919 2.58108108108108 0.297297297297297 1.22972972972973 1.55405405405405 3.86486486486486 3.75675675675676 0.959459459459459 1 1.54054054054054 1.64864864864865 1.63513513513513 1.21621621621622 0.108108108108108 0.0945945945945946 0.256756756756757
0.543859649122807 1.94736842105263 0.859649122807017 1.35087719298246 0.894736842105263 3.85964912280702 3.78947368421053 1.42105263157895 1.19298245614035 0.912280701754386 1.21052631578947 1.70175438596491 1.6140350877193 0.56140350877193 0.263157894736842 0.385964912280702
0.381818181818182 1.70909090909091 0.927272727272727 1.01818181818182 0.690909090909091 1.89090909090909 2.23636363636364 2.6 2.2 0.527272727272727 0.472727272727273 1.38181818181818 1.56363636363636 0.127272727272727 0.0909090909090909 0.309090909090909
0.36231884057971 1.73913043478261 2.15942028985507 1.79710144927536 1.02898550724638 1.46376811594203 1.69565217391304 3.33333333333333 3.21739130434783 1.31884057971014 0.855072463768116 0.956521739130435 1.14492753623188 0.797101449275362 0.695652173913043 1.31884057971014
0.323943661971831 0.774647887323944 0.802816901408451 2.25352112676056 1.94366197183099 1.40845070422535 1.09859154929577 2.07042253521127 2.2112676056338 2.69014084507042 2.09859154929577 0.619718309859155 0.422535211267606 0.676056338028169 0.774647887323944 2.02816901408451
0.25 0.767857142857143 0.232142857142857 1.28571428571429 1.08928571428571 1.96428571428571 2.03571428571429 1.85714285714286 2.05357142857143 2.07142857142857 2.07142857142857 1.14285714285714 1.30357142857143 0.410714285714286 0.142857142857143 0.410714285714286
0.386363636363636 0.909090909090909 0.318181818181818 0.863636363636363 0.863636363636363 2.15909090909091 1.65909090909091 0.318181818181818 0.75 0.704545454545454 1.43181818181818 1.63636363636364 1.68181818181818 0.431818181818182 0.318181818181818 0.613636363636364
0.0714285714285714 0.261904761904762 0.357142857142857 0.523809523809524 0.333333333333333 1.54761904761905 1.54761904761905 0.880952380952381 0.809523809523809 0.714285714285714 0.976190476190476 1.64285714285714 1.30952380952381 0.214285714285714 0.119047619047619 0.166666666666667
0.192307692307692 0.538461538461538 0.307692307692308 1.15384615384615 0.653846153846154 1.07692307692308 0.923076923076923 3.15384615384615 3 0.730769230769231 0.615384615384615 0.538461538461538 0.576923076923077 0.576923076923077 0.269230769230769 0.423076923076923
0.0666666666666667 0.266666666666667 0.6 1.13333333333333 0.8 0.6 0.333333333333333 1.53333333333333 1.86666666666667 1.13333333333333 1.4 0.2 0.0666666666666667 0.6 0.2 0.733333333333333
0.133333333333333 0.466666666666667 0.666666666666667 1.6 1.46666666666667 1 1.06666666666667 0.933333333333333 0.8 3 2.93333333333333 0.666666666666667 1.2 0.0666666666666667 0.0666666666666667 0.6
