0 0.037037037037037 0 0.0740740740740741 0.62962962962963 0.814814814814815 0.185185185185185 0 0 0.185185185185185 0.111111111111111 0.333333333333333 0.185185185185185 0 0.0740740740740741 0
0 0.153846153846154 0 0.032967032967033 0.230769230769231 0.494505494505495 0.868131868131868 0.208791208791209 0.0659340659340659 0.131868131868132 0.043956043956044 0.131868131868132 0.153846153846154 0.032967032967033 0 0
0 0 0 0.0535714285714286 0.196428571428571 0.0714285714285714 0.303571428571429 0.678571428571429 0.571428571428571 0.125 0.0357142857142857 0 0 0.0535714285714286 0 0
0.0144927536231884 0.0579710144927536 0.0289855072463768 0.188405797101449 0.144927536231884 0.202898550724638 0.072463768115942 0.434782608695652 0.63768115942029 0.463768115942029 0.173913043478261 0 0 0 0.0434782608695652 0
0.160714285714286 0.214285714285714 0.0357142857142857 0.482142857142857 0.714285714285714 1.30357142857143 1.16071428571429 0.232142857142857 0.214285714285714 0.464285714285714 0.392857142857143 0.196428571428571 0.196428571428571 0 0 0
0.121621621621622 0.391891891891892 0.0405405405405405 0.189189189189189 0.702702702702703 0.72972972972973 0.324324324324324 0.108108108108108 0.121621621621622 0.135135135135135 0.0810810810810811 0.148648648648649 0.108108108108108 0 0 0
0.0526315789473684 0.526315789473684 0.210526315789474 0 0.0526315789473684 1.19298245614035 0.947368421052632 0.105263157894737 0 0.0350877192982456 0 0.0175438596491228 0.0350877192982456 0.0350877192982456 0 0
0.0545454545454545 0.381818181818182 0.218181818181818 0.127272727272727 0.0909090909090909 0.181818181818182 0.472727272727273 0.436363636363636 0.4 0.0909090909090909 0.0181818181818182 0.127272727272727 0.0545454545454545 0.0363636363636364 0.0181818181818182 0.0181818181818182
0 0.0869565217391304 0.391304347826087 0.521739130434783 0.0869565217391304 0.231884057971014 0.289855072463768 0.231884057971014 0.521739130434783 0.304347826086957 0.289855072463768 0.0434782608695652 0.115942028985507 0.144927536231884 0.188405797101449 0.536231884057971
0.0140845070422535 0.0140845070422535 0.0985915492957746 0.492957746478873 0.183098591549296 0.183098591549296 0.225352112676056 0.154929577464789 0.352112676056338 0.605633802816901 0.338028169014085 0.0563380281690141 0.0140845070422535 0.0422535211267606 0.140845070422535 0.0704225352112676
0.0178571428571429 0.0892857142857143 0 0.0892857142857143 0.232142857142857 0.25 0.0178571428571429 0.0535714285714286 0.0714285714285714 0.142857142857143 0.5 0.375 0.0357142857142857 0 0 0
0.0227272727272727 0.0227272727272727 0 0 0.159090909090909 0.136363636363636 0.204545454545455 0.0227272727272727 0.0227272727272727 0.0681818181818182 0.318181818181818 0.613636363636364 0.159090909090909 0 0 0.136363636363636
0 0.238095238095238 0 0 0 0.166666666666667 0.166666666666667 0.142857142857143 0.0476190476190476 0 0.119047619047619 0.428571428571429 0.30952380952381 0 0 0
0 0.230769230769231 0.0769230769230769 0.0384615384615385 0 0.115384615384615 0.730769230769231 0.423076923076923 0.115384615384615 0 0 0.115384615384615 0.0769230769230769 0.269230769230769 0.0384615384615385 0
0 0 0 0.0666666666666667 0.4 0 0 0.333333333333333 0.466666666666667 0.466666666666667 0.4 0 0 0.0666666666666667 0 0
0 0 0 0.333333333333333 0.133333333333333 0 0 0.0666666666666667 0.466666666666667 0.533333333333333 0.266666666666667 0.2 0 0 0 0.133333333333333
