0.148148148148148 0.37037037037037 0.0740740740740741 1 1.40740740740741 2.25925925925926 2.07407407407407 0.222222222222222 0.148148148148148 1.07407407407407 1.22222222222222 1.44444444444444 1.11111111111111 0.296296296296296 0.111111111111111 0.222222222222222
0.186813186813187 0.78021978021978 0.175824175824176 0.868131868131868 0.978021978021978 2.54945054945055 3.10989010989011 0.824175824175824 0.813186813186813 0.648351648351648 0.681318681318681 1.27472527472527 1.41758241758242 0.186813186813187 0.0879120879120879 0.10989010989011
0.267857142857143 0.696428571428571 0.535714285714286 0.5 0.553571428571429 1.83928571428571 1.73214285714286 2.41071428571429 1.92857142857143 1.35714285714286 0.446428571428571 0.785714285714286 0.714285714285714 0.214285714285714 0.321428571428571 0.375
0.289855072463768 0.884057971014493 0.63768115942029 1.94202898550725 1.66666666666667 1.40579710144928 1.10144927536232 1.89855072463768 2.15942028985507 1.88405797101449 1.49275362318841 0.797101449275362 0.710144927536232 0.246376811594203 0.231884057971014 0.63768115942029
0.625 1.32142857142857 0.464285714285714 2.80357142857143 2.71428571428571 1.92857142857143 1.42857142857143 1.32142857142857 1.55357142857143 1.875 1.92857142857143 1.32142857142857 1.17857142857143 0.285714285714286 0.0892857142857143 0.464285714285714
0.72972972972973 2.04054054054054 0.297297297297297 1.41891891891892 1.81081081081081 3.17567567567568 2.98648648648649 0.743243243243243 0.756756756756757 1.36486486486486 1.14864864864865 1.44594594594595 1.16216216216216 0.135135135135135 0.027027027027027 0.27027027027027
0.614035087719298 2.26315789473684 1.01754385964912 1.42105263157895 1 4.94736842105263 4.78947368421053 1.57894736842105 1.35087719298246 0.736842105263158 0.87719298245614 2.26315789473684 2.24561403508772 0.280701754385965 0.210526315789474 0.403508771929825
0.436363636363636 1.83636363636364 1.43636363636364 1.12727272727273 0.963636363636364 2.21818181818182 2.27272727272727 2.85454545454545 2.56363636363636 0.363636363636364 0.381818181818182 1.63636363636364 1.38181818181818 0.218181818181818 0.109090909090909 0.236363636363636
0.289855072463768 1.11594202898551 1.79710144927536 1.94202898550725 0.985507246376812 1.23188405797101 1.15942028985507 3.21739130434783 2.69565217391304 1.15942028985507 1.04347826086957 0.869565217391304 0.826086956521739 0.478260869565217 0.594202898550725 1.15942028985507
0.267605633802817 1.25352112676056 0.845070422535211 2.05633802816901 1.45070422535211 1.53521126760563 1.22535211267606 1.88732394366197 1.94366197183099 2.63380281690141 2.12676056338028 0.957746478873239 0.816901408450704 0.704225352112676 0.802816901408451 1.42253521126761
0.303571428571429 0.5 0.321428571428571 1.42857142857143 1.39285714285714 2.39285714285714 1.75 1.5 1.80357142857143 2.23214285714286 2.44642857142857 1.25 1.17857142857143 0.5 0.196428571428571 0.517857142857143
0.181818181818182 0.613636363636364 0.477272727272727 0.818181818181818 0.386363636363636 2.06818181818182 1.59090909090909 0.477272727272727 0.477272727272727 0.772727272727273 1.38636363636364 1.31818181818182 1.5 0.204545454545455 0.181818181818182 0.659090909090909
0.0952380952380952 0.785714285714286 0.880952380952381 0.619047619047619 0.261904761904762 1.88095238095238 2.42857142857143 1.26190476190476 1.19047619047619 1.07142857142857 0.857142857142857 1.85714285714286 1.95238095238095 0.0238095238095238 0.0952380952380952 0.0714285714285714
0.346153846153846 0.615384615384615 0.269230769230769 0.538461538461538 0.5 1.15384615384615 1.69230769230769 1.65384615384615 1.38461538461538 0.923076923076923 1 0.653846153846154 0.730769230769231 0.192307692307692 0.115384615384615 0.269230769230769
0 0.0666666666666667 0.533333333333333 0.733333333333333 1 0.733333333333333 1.06666666666667 1.73333333333333 1.93333333333333 1.2 0.866666666666667 0.4 0.4 0.4 0.4 0.866666666666667
0 0.733333333333333 0 0.866666666666667 1.6 0.6 0.666666666666667 1.26666666666667 1.13333333333333 2.4 1.73333333333333 0.333333333333333 0.333333333333333 0.2 0.333333333333333 0.266666666666667
