0.148148148148148 0.62962962962963 0.148148148148148 1.07407407407407 1.33333333333333 2.18518518518519 1.62962962962963 0.185185185185185 0.111111111111111 1.14814814814815 0.925925925925926 1.59259259259259 0.777777777777778 0.259259259259259 0.37037037037037 0.333333333333333
0.295774647887324 0.436619718309859 0.366197183098592 0.915492957746479 0.845070422535211 3.07042253521127 3.14084507042254 1.14084507042254 1.04225352112676 0.845070422535211 0.915492957746479 1.19718309859155 1 0.0704225352112676 0.0140845070422535 0.0845070422535211
0.236842105263158 0.578947368421053 0.960526315789474 0.75 0.592105263157895 1.55263157894737 1.89473684210526 2.39473684210526 1.92105263157895 1.10526315789474 0.855263157894737 0.723684210526316 1.03947368421053 0.302631578947368 0.210526315789474 0.697368421052632
0.101449275362319 0.594202898550725 0.72463768115942 1.14492753623188 1.26086956521739 1.11594202898551 0.753623188405797 2.3768115942029 2.55072463768116 1.95652173913043 1.47826086956522 0.753623188405797 0.536231884057971 0.420289855072464 0.347826086956522 0.811594202898551
0.464285714285714 1.01785714285714 0.589285714285714 1.92857142857143 2.30357142857143 1.375 1.73214285714286 1.16071428571429 1.41071428571429 2.5 2.01785714285714 0.875 0.892857142857143 0.303571428571429 0.196428571428571 0.25
0.702702702702703 2.08108108108108 0.364864864864865 0.932432432432432 1.39189189189189 3.06756756756757 2.87837837837838 0.797297297297297 0.756756756756757 1.28378378378378 1.33783783783784 1.59459459459459 1.08108108108108 0.135135135135135 0.0810810810810811 0.297297297297297
0.403508771929825 1.21052631578947 1.63157894736842 0.929824561403509 1 3.84210526315789 4.87719298245614 1.40350877192982 1.36842105263158 0.894736842105263 1.2280701754386 1.63157894736842 1.66666666666667 0.421052631578947 0.245614035087719 0.456140350877193
0.436363636363636 1.14545454545455 1.78181818181818 0.945454545454545 0.727272727272727 2.47272727272727 2.58181818181818 2.6 2.58181818181818 0.527272727272727 0.381818181818182 1.67272727272727 1.89090909090909 0.127272727272727 0.236363636363636 0.290909090909091
0.260869565217391 0.797101449275362 1.91304347826087 1.73913043478261 1.43478260869565 1.3768115942029 1.44927536231884 2.91304347826087 2.59420289855072 1.46376811594203 1.17391304347826 0.72463768115942 0.91304347826087 0.579710144927536 0.565217391304348 1.04347826086957
0.295774647887324 0.492957746478873 0.971830985915493 1.92957746478873 1.52112676056338 1.47887323943662 1.42253521126761 1.66197183098592 1.91549295774648 3.04225352112676 2.49295774647887 0.267605633802817 0.23943661971831 0.52112676056338 0.492957746478873 1.07042253521127
0.25 0.339285714285714 0.410714285714286 1.23214285714286 1.53571428571429 2.80357142857143 2.57142857142857 1.73214285714286 1.58928571428571 2.32142857142857 2.17857142857143 1.83928571428571 1.55357142857143 0.464285714285714 0.267857142857143 0.589285714285714
0.272727272727273 0.977272727272727 0.204545454545455 0.795454545454545 0.613636363636364 1.95454545454545 1.68181818181818 0.5 0.477272727272727 1.18181818181818 1.09090909090909 1.77272727272727 1.90909090909091 0.113636363636364 0.136363636363636 0.5
0.166666666666667 0.404761904761905 1 0.666666666666667 0.523809523809524 1.54761904761905 2.07142857142857 1.9047619047619 1.0952380952381 1.02380952380952 1.0952380952381 2.0952380952381 1.64285714285714 0.0714285714285714 0.119047619047619 0.19047619047619
0.230769230769231 0.653846153846154 1.03846153846154 0.961538461538462 0.692307692307692 1.38461538461538 1.34615384615385 2.26923076923077 2.53846153846154 0.692307692307692 0.5 0.730769230769231 1.03846153846154 0.884615384615385 0.576923076923077 1.23076923076923
0.133333333333333 0.333333333333333 0.6 0.6 1.26666666666667 1.13333333333333 1.26666666666667 1.66666666666667 2 1.4 1.33333333333333 0.4 0.333333333333333 0.333333333333333 0.4 0.4
0.133333333333333 0.8 0.2 0.866666666666667 0.733333333333333 1.4 1.06666666666667 0.666666666666667 0.933333333333333 2.2 2.13333333333333 0.6 0.533333333333333 0.266666666666667 0.133333333333333 0.866666666666667
