0 0.111111111111111 0 0.111111111111111 0.62962962962963 1.03703703703704 0.259259259259259 0 0 0.296296296296296 0.444444444444444 0.037037037037037 0.037037037037037 0 0.111111111111111 0
0 0.0879120879120879 0 0.010989010989011 0.197802197802198 0.417582417582418 0.923076923076923 0.230769230769231 0 0.032967032967033 0.0989010989010989 0.0769230769230769 0.153846153846154 0.0659340659340659 0.010989010989011 0
0 0 0 0.0892857142857143 0.0178571428571429 0.0178571428571429 0.553571428571429 0.553571428571429 0.410714285714286 0.267857142857143 0.0357142857142857 0 0.196428571428571 0.25 0.0178571428571429 0
0.0144927536231884 0.0289855072463768 0 0.072463768115942 0.231884057971014 0.115942028985507 0.0144927536231884 0.333333333333333 0.579710144927536 0.376811594202899 0.405797101449275 0.0579710144927536 0 0.0144927536231884 0.072463768115942 0.0144927536231884
0.0714285714285714 0.160714285714286 0 0.214285714285714 0.464285714285714 0.696428571428571 0.75 0.25 0.107142857142857 0.321428571428571 0.214285714285714 0.142857142857143 0.0535714285714286 0 0 0
0.189189189189189 0.472972972972973 0.0405405405405405 0.0810810810810811 0.378378378378378 0.77027027027027 0.486486486486487 0.162162162162162 0.0675675675675676 0.202702702702703 0.0810810810810811 0.175675675675676 0.121621621621622 0 0 0
0.087719298245614 0.473684210526316 0.157894736842105 0.12280701754386 0.0701754385964912 0.56140350877193 0.543859649122807 0.0701754385964912 0 0.0701754385964912 0.0701754385964912 0.0526315789473684 0.087719298245614 0.0350877192982456 0 0
0.0545454545454545 0.327272727272727 0.145454545454545 0.145454545454545 0.272727272727273 0.272727272727273 0.327272727272727 0.218181818181818 0.309090909090909 0.0181818181818182 0.0545454545454545 0.127272727272727 0.163636363636364 0.0363636363636364 0.0545454545454545 0.0181818181818182
0 0.0869565217391304 0.304347826086957 0.318840579710145 0.115942028985507 0.289855072463768 0.260869565217391 0.202898550724638 0.434782608695652 0.72463768115942 0.72463768115942 0.0289855072463768 0.159420289855072 0.652173913043478 0.318840579710145 1
0.0563380281690141 0.0140845070422535 0.126760563380282 0.422535211267606 0.338028169014085 0.366197183098592 0.338028169014085 0.464788732394366 0.408450704225352 0.690140845070423 0.267605633802817 0.0140845070422535 0.0140845070422535 0.0422535211267606 0.140845070422535 0.126760563380282
0.0892857142857143 0.0357142857142857 0 0.0892857142857143 0.25 0.428571428571429 0.0178571428571429 0.214285714285714 0 0.303571428571429 0.285714285714286 0.732142857142857 0.107142857142857 0 0 0
0.0227272727272727 0.136363636363636 0 0 0.113636363636364 0.25 0.159090909090909 0.0681818181818182 0.0454545454545455 0.0227272727272727 0.386363636363636 0.522727272727273 0.113636363636364 0 0 0.113636363636364
0 0.0952380952380952 0 0 0 0.0952380952380952 0.0952380952380952 0.142857142857143 0.0952380952380952 0 0.19047619047619 0.333333333333333 0.238095238095238 0.0476190476190476 0 0
0 0.0769230769230769 0.0384615384615385 0.192307692307692 0.0769230769230769 0.0769230769230769 0.346153846153846 0.230769230769231 0.269230769230769 0.153846153846154 0.0769230769230769 0.0384615384615385 0.0769230769230769 0.0769230769230769 0 0
0 0.133333333333333 0 0.0666666666666667 0.2 0 0.133333333333333 0.266666666666667 0.333333333333333 0.333333333333333 0.6 0 0 0.0666666666666667 0.0666666666666667 0
0 0 0 0.133333333333333 0.4 0 0 0.133333333333333 0.133333333333333 0.133333333333333 0 0.333333333333333 0 0 0 0.0666666666666667
