0 0 0 0 0.851851851851852 0.481481481481481 0.407407407407407 0 0 0.0740740740740741 0.0740740740740741 0.222222222222222 0.148148148148148 0 0 0
0 0.10989010989011 0.010989010989011 0.010989010989011 0.241758241758242 0.483516483516484 0.703296703296703 0.340659340659341 0.043956043956044 0.0879120879120879 0.0659340659340659 0.164835164835165 0.153846153846154 0.021978021978022 0 0
0 0 0 0 0.0178571428571429 0.0357142857142857 0.410714285714286 0.232142857142857 0.571428571428571 0.446428571428571 0.0535714285714286 0.0178571428571429 0.285714285714286 0.0535714285714286 0.107142857142857 0
0.0289855072463768 0.0289855072463768 0.0144927536231884 0.159420289855072 0.246376811594203 0.188405797101449 0.072463768115942 0.188405797101449 0.652173913043478 0.434782608695652 0.333333333333333 0 0 0 0.072463768115942 0
0.142857142857143 0.178571428571429 0.0178571428571429 0.0178571428571429 0.321428571428571 1.26785714285714 1.14285714285714 0.267857142857143 0.107142857142857 0.375 0.517857142857143 0.160714285714286 0.214285714285714 0 0 0
0.162162162162162 0.405405405405405 0.0810810810810811 0.0675675675675676 0.27027027027027 0.513513513513513 0.378378378378378 0.135135135135135 0.0945945945945946 0.0675675675675676 0.0135135135135135 0.256756756756757 0.175675675675676 0 0 0
0.087719298245614 0.421052631578947 0.192982456140351 0.228070175438596 0.263157894736842 0.508771929824561 0.508771929824561 0.140350877192982 0 0.0701754385964912 0.0350877192982456 0.0526315789473684 0.157894736842105 0.0701754385964912 0 0
0.0181818181818182 0.290909090909091 0.218181818181818 0.181818181818182 0.181818181818182 0.4 0.4 0.418181818181818 0.309090909090909 0.0363636363636364 0.0545454545454545 0.0545454545454545 0.163636363636364 0.0545454545454545 0.0181818181818182 0.0181818181818182
0 0.173913043478261 0.434782608695652 0.376811594202899 0.188405797101449 0.420289855072464 0.333333333333333 0.27536231884058 0.536231884057971 0.260869565217391 0.304347826086957 0.101449275362319 0.115942028985507 0.231884057971014 0.202898550724638 0.463768115942029
0.0140845070422535 0 0.183098591549296 0.422535211267606 0.169014084507042 0.211267605633803 0.112676056338028 0.28169014084507 0.323943661971831 0.661971830985915 0.352112676056338 0.112676056338028 0.0140845070422535 0.0140845070422535 0.140845070422535 0.028169014084507
0.0714285714285714 0.0535714285714286 0 0.142857142857143 0.375 0.5 0.0178571428571429 0.107142857142857 0.0714285714285714 0.25 0.321428571428571 0.571428571428571 0.0535714285714286 0 0 0
0.0227272727272727 0.113636363636364 0 0.0227272727272727 0.136363636363636 0.272727272727273 0.159090909090909 0.0681818181818182 0 0.113636363636364 0.295454545454545 0.431818181818182 0.25 0 0 0.136363636363636
0 0.0476190476190476 0 0 0 0.0714285714285714 0.19047619047619 0 0.0952380952380952 0 0.0952380952380952 0.404761904761905 0.333333333333333 0.0238095238095238 0 0
0.0769230769230769 0.115384615384615 0.0769230769230769 0.192307692307692 0.0769230769230769 0.0384615384615385 0.461538461538462 0.423076923076923 0.307692307692308 0.153846153846154 0.0384615384615385 0.115384615384615 0.115384615384615 0.153846153846154 0 0
0 0 0.0666666666666667 0.0666666666666667 0.133333333333333 0 0.2 0.4 0.466666666666667 0.533333333333333 0.466666666666667 0 0 0.0666666666666667 0 0
0 0.133333333333333 0 0.466666666666667 0.2 0.133333333333333 0.133333333333333 0.333333333333333 0.466666666666667 0.2 0.133333333333333 0.133333333333333 0 0 0 0.0666666666666667
