0.259259259259259 0.518518518518518 0.111111111111111 1.33333333333333 1.96296296296296 1.92592592592593 1.44444444444444 0.222222222222222 0.111111111111111 1.11111111111111 0.740740740740741 1.14814814814815 0.518518518518518 0.222222222222222 0.185185185185185 0.37037037037037
0.211267605633803 0.619718309859155 0.549295774647887 0.830985915492958 1 3.04225352112676 2.85915492957746 1.36619718309859 1.14084507042254 0.605633802816901 0.492957746478873 1.53521126760563 1.6056338028169 0.112676056338028 0.0422535211267606 0.126760563380282
0.381578947368421 0.789473684210526 1.15789473684211 0.973684210526316 0.855263157894737 2.07894736842105 2.32894736842105 2.34210526315789 2.05263157894737 0.881578947368421 1.02631578947368 1.07894736842105 0.736842105263158 0.592105263157895 0.368421052631579 0.592105263157895
0.130434782608696 0.536231884057971 0.855072463768116 1.7536231884058 1.46376811594203 1.15942028985507 1.08695652173913 2.23188405797101 2.18840579710145 1.71014492753623 1.57971014492754 0.840579710144927 0.507246376811594 0.420289855072464 0.246376811594203 0.521739130434783
0.5 1.23214285714286 0.571428571428571 1.32142857142857 1.625 1.28571428571429 1.33928571428571 1.375 1.14285714285714 2.21428571428571 2.30357142857143 0.857142857142857 0.767857142857143 0.232142857142857 0.125 0.464285714285714
0.756756756756757 1.93243243243243 0.513513513513513 1.04054054054054 1.09459459459459 3.39189189189189 2.89189189189189 0.945945945945946 0.581081081081081 1.27027027027027 1.12162162162162 1.45945945945946 1 0.135135135135135 0.0675675675675676 0.324324324324324
0.333333333333333 1.05263157894737 1.54385964912281 1.21052631578947 0.754385964912281 4.10526315789474 3.85964912280702 1.52631578947368 1.05263157894737 1.36842105263158 1.63157894736842 1.28070175438596 1.56140350877193 0.350877192982456 0.298245614035088 0.719298245614035
0.581818181818182 1.27272727272727 1.67272727272727 1.05454545454545 0.927272727272727 2.41818181818182 2.74545454545455 2.49090909090909 2.45454545454545 0.618181818181818 0.527272727272727 1.52727272727273 1.30909090909091 0.109090909090909 0.127272727272727 0.236363636363636
0.260869565217391 0.869565217391304 2.18840579710145 1.88405797101449 1.08695652173913 1.33333333333333 1.57971014492754 2.78260869565217 2.43478260869565 1.21739130434783 1.27536231884058 0.782608695652174 0.710144927536232 0.840579710144927 0.521739130434783 1.33333333333333
0.394366197183099 0.830985915492958 1.11267605633803 2.46478873239437 2.01408450704225 2.22535211267606 1.66197183098592 2.12676056338028 2.26760563380282 3.30985915492958 2.57746478873239 0.492957746478873 0.267605633802817 0.535211267605634 0.507042253521127 1.05633802816901
0.232142857142857 0.428571428571429 0.375 1.07142857142857 1.30357142857143 2.17857142857143 2.07142857142857 1.35714285714286 1.16071428571429 2.03571428571429 1.69642857142857 1.42857142857143 1.125 0.25 0.196428571428571 0.607142857142857
0.272727272727273 0.818181818181818 0.386363636363636 0.75 1.02272727272727 2.15909090909091 1.68181818181818 0.386363636363636 0.5 1.36363636363636 1.56818181818182 1.68181818181818 1.06818181818182 0.25 0.272727272727273 0.386363636363636
0.0714285714285714 0.619047619047619 0.333333333333333 0.666666666666667 0.285714285714286 1.73809523809524 1.5 0.976190476190476 0.833333333333333 0.666666666666667 0.69047619047619 1.76190476190476 1.83333333333333 0.333333333333333 0.0238095238095238 0.380952380952381
0.0384615384615385 0.384615384615385 0.538461538461538 0.615384615384615 0.346153846153846 0.846153846153846 1.38461538461538 1.88461538461538 1.53846153846154 0.192307692307692 0.0769230769230769 0.692307692307692 1.19230769230769 0.192307692307692 0.192307692307692 0.461538461538462
0.133333333333333 0.333333333333333 0.266666666666667 1.4 1.13333333333333 0.866666666666667 0.733333333333333 1.46666666666667 1.6 1.66666666666667 1.13333333333333 0.2 0.133333333333333 0.733333333333333 0.266666666666667 0.866666666666667
0.0666666666666667 0.333333333333333 0 1.13333333333333 1.26666666666667 0.466666666666667 0.6 0.733333333333333 0.6 2.6 3.93333333333333 0.666666666666667 0.333333333333333 0.4 0.4 1
