0 0 0 0.111111111111111 0.703703703703704 0.962962962962963 0.111111111111111 0 0 0.296296296296296 0.296296296296296 0.185185185185185 0.037037037037037 0 0.111111111111111 0
0 0.032967032967033 0 0.010989010989011 0.120879120879121 0.472527472527473 0.78021978021978 0.296703296703297 0.010989010989011 0.043956043956044 0.175824175824176 0.153846153846154 0.142857142857143 0.0659340659340659 0 0
0 0 0 0.0178571428571429 0.107142857142857 0.0357142857142857 0.25 0.428571428571429 0.732142857142857 0.232142857142857 0 0 0.232142857142857 0.160714285714286 0.0178571428571429 0
0.0289855072463768 0.0144927536231884 0.0289855072463768 0.202898550724638 0.130434782608696 0.173913043478261 0.0869565217391304 0.246376811594203 0.63768115942029 0.36231884057971 0.144927536231884 0.0289855072463768 0 0 0.0434782608695652 0
0.125 0.196428571428571 0.0357142857142857 0.232142857142857 0.392857142857143 0.535714285714286 0.0892857142857143 0.0892857142857143 0.125 0.267857142857143 0.178571428571429 0.107142857142857 0.0357142857142857 0 0 0
0.22972972972973 0.445945945945946 0.0540540540540541 0.135135135135135 0.351351351351351 0.918918918918919 0.432432432432432 0.0405405405405405 0.0675675675675676 0.162162162162162 0.027027027027027 0.162162162162162 0.0540540540540541 0 0 0
0.0526315789473684 0.649122807017544 0.192982456140351 0.403508771929825 0.263157894736842 1.05263157894737 1.21052631578947 0.0526315789473684 0 0.140350877192982 0.0526315789473684 0.0350877192982456 0.175438596491228 0.0175438596491228 0.0175438596491228 0
0.0545454545454545 0.290909090909091 0.272727272727273 0.127272727272727 0.0181818181818182 0.218181818181818 0.472727272727273 0.527272727272727 0.290909090909091 0.109090909090909 0.0545454545454545 0.0181818181818182 0.181818181818182 0 0.0363636363636364 0
0 0.130434782608696 0.347826086956522 0.391304347826087 0.0579710144927536 0.318840579710145 0.246376811594203 0.217391304347826 0.478260869565217 0.318840579710145 0.217391304347826 0.0579710144927536 0.159420289855072 0.246376811594203 0.173913043478261 0.304347826086957
0.028169014084507 0.028169014084507 0.126760563380282 0.47887323943662 0.23943661971831 0.366197183098592 0.352112676056338 0.225352112676056 0.47887323943662 0.549295774647887 0.323943661971831 0.0704225352112676 0.0140845070422535 0.0985915492957746 0.0845070422535211 0.0845070422535211
0 0.0892857142857143 0 0.125 0.142857142857143 0.375 0 0.0535714285714286 0.0178571428571429 0.0892857142857143 0.321428571428571 0.553571428571429 0 0 0 0
0 0.0909090909090909 0 0.0454545454545455 0.181818181818182 0.227272727272727 0.227272727272727 0.0681818181818182 0.0454545454545455 0.159090909090909 0.318181818181818 0.477272727272727 0.136363636363636 0 0 0.159090909090909
0 0.166666666666667 0 0 0 0.0238095238095238 0.0952380952380952 0.0952380952380952 0.142857142857143 0 0.142857142857143 0.428571428571429 0.166666666666667 0.0476190476190476 0 0
0.0384615384615385 0 0.0384615384615385 0.115384615384615 0 0 0.307692307692308 0.538461538461538 0.346153846153846 0.115384615384615 0 0.115384615384615 0.0769230769230769 0.384615384615385 0 0
0 0 0.0666666666666667 0 0.133333333333333 0 0.333333333333333 0.333333333333333 0.266666666666667 0.333333333333333 0.533333333333333 0 0 0 0 0
0 0.0666666666666667 0 0.533333333333333 0.333333333333333 0.0666666666666667 0.0666666666666667 0.2 0.733333333333333 0.266666666666667 0.133333333333333 0.133333333333333 0 0 0 0.0666666666666667
