0.111111111111111 0.666666666666667 0.222222222222222 1.22222222222222 1.55555555555556 2.85185185185185 2.77777777777778 0.259259259259259 0.37037037037037 1.77777777777778 1.96296296296296 1.22222222222222 1.03703703703704 0.222222222222222 0.333333333333333 0.259259259259259
0.175824175824176 0.604395604395604 0.406593406593407 0.714285714285714 0.945054945054945 2.49450549450549 2.73626373626374 1.23076923076923 0.703296703296703 0.758241758241758 0.681318681318681 1.17582417582418 1.45054945054945 0.120879120879121 0.0659340659340659 0.164835164835165
0.107142857142857 0.428571428571428 0.321428571428571 0.714285714285714 0.357142857142857 0.910714285714286 1.35714285714286 2.48214285714286 2.57142857142857 0.875 0.535714285714286 0.553571428571428 0.75 0.303571428571428 0.178571428571429 0.571428571428571
0.202898550724638 0.826086956521739 0.681159420289855 1.6231884057971 1.89855072463768 1.2463768115942 1.60869565217391 2.33333333333333 2.10144927536232 1.55072463768116 1.30434782608696 0.855072463768116 0.449275362318841 0.333333333333333 0.347826086956522 0.63768115942029
0.5 1.21428571428571 0.785714285714286 1.85714285714286 2.23214285714286 1.94642857142857 1.57142857142857 1.82142857142857 1.69642857142857 2.85714285714286 2.42857142857143 0.857142857142857 0.589285714285714 0.339285714285714 0.214285714285714 0.714285714285714
0.864864864864865 2.77027027027027 0.445945945945946 0.945945945945946 1.22972972972973 3.77027027027027 3.32432432432432 1.06756756756757 1.12162162162162 1.55405405405405 1.48648648648649 1.48648648648649 1.21621621621622 0.135135135135135 0.0810810810810811 0.202702702702703
0.43859649122807 1.96491228070175 1 0.807017543859649 0.824561403508772 3.2280701754386 4.12280701754386 1.3859649122807 1.29824561403509 0.894736842105263 1.14035087719298 1.63157894736842 1.6140350877193 0.596491228070175 0.210526315789474 0.719298245614035
0.381818181818182 1.6 0.909090909090909 1.12727272727273 0.872727272727273 2.30909090909091 2.29090909090909 2.03636363636364 2.14545454545455 0.654545454545454 0.563636363636364 1.34545454545455 1.4 0.218181818181818 0.109090909090909 0.4
0.376811594202899 1.68115942028985 2.07246376811594 1.55072463768116 0.855072463768116 1.40579710144928 1.42028985507246 3.08695652173913 3.46376811594203 1.85507246376812 2.04347826086956 0.72463768115942 1.04347826086956 1.18840579710145 1.04347826086956 2.01449275362319
0.309859154929577 1.04225352112676 1.28169014084507 2.59154929577465 1.97183098591549 1.97183098591549 2.15492957746479 1.88732394366197 2.61971830985915 3.15492957746479 3.52112676056338 0.647887323943662 0.450704225352113 0.859154929577465 0.873239436619718 1.70422535211268
0.125 0.464285714285714 0.303571428571428 0.785714285714286 0.910714285714286 2.44642857142857 2.21428571428571 1.64285714285714 1.85714285714286 1.96428571428571 1.625 0.732142857142857 0.910714285714286 0.25 0.214285714285714 0.535714285714286
0.159090909090909 0.409090909090909 0.159090909090909 0.522727272727273 0.840909090909091 2.02272727272727 1.75 0.636363636363636 0.75 0.818181818181818 1.36363636363636 1.61363636363636 1.04545454545455 0.159090909090909 0.0681818181818182 0.181818181818182
0.0952380952380952 0.619047619047619 0.357142857142857 0.333333333333333 0.0714285714285714 1.95238095238095 1.73809523809524 0.928571428571428 0.69047619047619 1.23809523809524 1.04761904761905 2.16666666666667 1.69047619047619 0.119047619047619 0.19047619047619 0.309523809523809
0.153846153846154 0.423076923076923 0.461538461538461 0.961538461538461 0.576923076923077 0.923076923076923 1.03846153846154 2 1.96153846153846 0.615384615384615 0.692307692307692 0.538461538461538 0.807692307692308 0.423076923076923 0.423076923076923 0.576923076923077
0 0.266666666666667 0.266666666666667 1.6 1.66666666666667 0.733333333333333 1.33333333333333 1.6 1.46666666666667 1.6 2.2 0.133333333333333 0.266666666666667 0.2 0.2 0.666666666666667
0.2 0.666666666666667 0 0.8 0.8 0.8 1.53333333333333 0.6 0.866666666666667 3.4 3.33333333333333 0.266666666666667 0.266666666666667 0.466666666666667 0.666666666666667 0.8
