0.148148148148148 0.555555555555556 0.222222222222222 0.888888888888889 2 2.33333333333333 1.77777777777778 0.259259259259259 0.259259259259259 1.51851851851852 1.51851851851852 1.37037037037037 0.481481481481481 0.259259259259259 0.222222222222222 0.444444444444444
0.23943661971831 0.676056338028169 0.464788732394366 0.915492957746479 1.12676056338028 2.64788732394366 3.02816901408451 1.32394366197183 1.2112676056338 0.957746478873239 0.732394366197183 1.1830985915493 1.08450704225352 0.154929577464789 0.0845070422535211 0.154929577464789
0.210526315789474 0.618421052631579 0.697368421052632 0.526315789473684 0.368421052631579 1.52631578947368 1.76315789473684 2.13157894736842 1.92105263157895 1.26315789473684 0.894736842105263 1.02631578947368 0.986842105263158 0.302631578947368 0.210526315789474 0.460526315789474
0.36231884057971 0.666666666666667 0.869565217391304 1.49275362318841 1.73913043478261 1.14492753623188 1.2463768115942 1.88405797101449 1.88405797101449 2.20289855072464 1.59420289855072 0.869565217391304 0.739130434782609 0.376811594202899 0.449275362318841 0.565217391304348
0.321428571428571 1.10714285714286 0.946428571428571 2.125 2.78571428571429 2.19642857142857 1.82142857142857 1.42857142857143 1.42857142857143 2.07142857142857 1.71428571428571 0.678571428571429 0.607142857142857 0.5 0.160714285714286 0.571428571428571
1.06756756756757 2.13513513513514 0.567567567567568 1.32432432432432 1.82432432432432 3.2972972972973 2.95945945945946 1.13513513513514 0.905405405405405 1.37837837837838 1.37837837837838 1.55405405405405 1.36486486486486 0.135135135135135 0.0945945945945946 0.243243243243243
0.280701754385965 1.26315789473684 1.40350877192982 1.24561403508772 0.824561403508772 3.36842105263158 3.15789473684211 1.28070175438596 1.2280701754386 0.701754385964912 1.01754385964912 1.50877192982456 1.19298245614035 0.263157894736842 0.245614035087719 0.578947368421053
0.327272727272727 0.890909090909091 1.34545454545455 1.63636363636364 1.45454545454545 1.81818181818182 2.10909090909091 2.98181818181818 2.09090909090909 0.490909090909091 0.454545454545455 1.61818181818182 1.34545454545455 0.218181818181818 0.163636363636364 0.290909090909091
0.289855072463768 0.768115942028985 2.20289855072464 1.47826086956522 1.04347826086957 1.27536231884058 1.49275362318841 2.47826086956522 2.60869565217391 0.840579710144927 0.666666666666667 0.855072463768116 0.768115942028985 0.536231884057971 0.478260869565217 1.23188405797101
0.605633802816901 1.05633802816901 1.50704225352113 2.6056338028169 1.90140845070423 1.83098591549296 1.52112676056338 1.7887323943662 2.01408450704225 3.09859154929577 3.28169014084507 0.577464788732394 0.591549295774648 0.774647887323944 0.76056338028169 1.57746478873239
0.303571428571429 0.571428571428571 0.5 1.46428571428571 1.44642857142857 2.17857142857143 2.07142857142857 1.73214285714286 1.78571428571429 2.14285714285714 2.51785714285714 1.28571428571429 1.03571428571429 0.285714285714286 0.178571428571429 0.25
0.113636363636364 0.659090909090909 0.318181818181818 0.795454545454545 0.613636363636364 1.75 2.09090909090909 0.5 0.340909090909091 1.13636363636364 1.90909090909091 1.61363636363636 1.56818181818182 0.136363636363636 0.204545454545455 0.477272727272727
0.119047619047619 0.595238095238095 0.904761904761905 0.761904761904762 0.642857142857143 1.85714285714286 2.02380952380952 1.07142857142857 0.904761904761905 0.952380952380952 1.02380952380952 2.23809523809524 2.23809523809524 0.214285714285714 0.119047619047619 0.261904761904762
0.269230769230769 0.538461538461538 1.15384615384615 1.69230769230769 1.15384615384615 0.576923076923077 1.42307692307692 1.73076923076923 2.38461538461538 0.846153846153846 0.576923076923077 0.576923076923077 0.230769230769231 0.846153846153846 0.653846153846154 1.03846153846154
0 0.133333333333333 0.533333333333333 1.46666666666667 0.866666666666667 1.06666666666667 1.4 1.86666666666667 1.73333333333333 0.733333333333333 0.733333333333333 0.133333333333333 0.333333333333333 0.466666666666667 0.2 0.2
0.0666666666666667 0.0666666666666667 0 1.2 0.866666666666667 0.4 0.266666666666667 0.4 0.933333333333333 3.13333333333333 2.66666666666667 0.666666666666667 0.266666666666667 0.2 0.0666666666666667 0.466666666666667
