0.185185185185185 0.407407407407407 0.111111111111111 1.22222222222222 1.92592592592593 1.92592592592593 1.81481481481481 0.185185185185185 0.111111111111111 0.777777777777778 1 1.48148148148148 1.18518518518519 0.259259259259259 0.222222222222222 0.222222222222222
0.197183098591549 0.647887323943662 0.295774647887324 0.535211267605634 0.76056338028169 3.04225352112676 2.77464788732394 0.633802816901408 0.633802816901408 0.873239436619718 0.71830985915493 0.957746478873239 1.05633802816901 0.112676056338028 0.0845070422535211 0.169014084507042
0.184210526315789 0.394736842105263 1.07894736842105 0.605263157894737 0.302631578947368 1.09210526315789 1.72368421052632 2.76315789473684 2.55263157894737 0.802631578947368 0.934210526315789 0.75 0.960526315789474 0.447368421052632 0.276315789473684 0.657894736842105
0.130434782608696 0.492753623188406 0.782608695652174 1.95652173913043 1.98550724637681 1.3768115942029 1.23188405797101 2.10144927536232 1.7536231884058 1.73913043478261 1.57971014492754 0.782608695652174 0.536231884057971 0.333333333333333 0.304347826086957 0.608695652173913
0.678571428571429 1.03571428571429 0.678571428571429 2 2 1.5 1.51785714285714 1.66071428571429 1.39285714285714 2.67857142857143 2.35714285714286 0.75 0.785714285714286 0.214285714285714 0.232142857142857 0.517857142857143
1.06756756756757 2.56756756756757 0.445945945945946 0.851351351351351 1.54054054054054 3.87837837837838 3.36486486486486 0.864864864864865 0.783783783783784 1.21621621621622 1.14864864864865 1.31081081081081 1.21621621621622 0.0675675675675676 0.0945945945945946 0.162162162162162
0.403508771929825 1.2280701754386 1.75438596491228 1.03508771929825 0.578947368421053 4.3859649122807 4.01754385964912 1.6140350877193 1.15789473684211 0.947368421052632 1.14035087719298 1.12280701754386 1.6140350877193 0.298245614035088 0.421052631578947 0.736842105263158
0.4 1.09090909090909 1.03636363636364 1 0.781818181818182 1.56363636363636 1.54545454545455 2.61818181818182 2.16363636363636 0.472727272727273 0.290909090909091 0.909090909090909 1.21818181818182 0.309090909090909 0.181818181818182 0.309090909090909
0.217391304347826 0.782608695652174 2.21739130434783 2.20289855072464 1.17391304347826 1.55072463768116 1.44927536231884 3.30434782608696 3.07246376811594 1.78260869565217 2.10144927536232 0.463768115942029 0.710144927536232 1.05797101449275 0.739130434782609 1.84057971014493
0.338028169014085 0.788732394366197 1.71830985915493 2.23943661971831 1.83098591549296 1.84507042253521 1.64788732394366 2.25352112676056 2.50704225352113 2.80281690140845 2.85915492957746 1.11267605633803 0.732394366197183 0.71830985915493 0.774647887323944 1.70422535211268
0.410714285714286 0.803571428571429 0.410714285714286 1.625 1.96428571428571 1.78571428571429 1.64285714285714 1.44642857142857 1.58928571428571 2.25 2.35714285714286 1.32142857142857 1.48214285714286 0.196428571428571 0.232142857142857 0.660714285714286
0.181818181818182 0.545454545454545 0.318181818181818 0.545454545454545 0.590909090909091 1.63636363636364 1.5 0.954545454545455 0.681818181818182 0.545454545454545 0.659090909090909 2.25 1.65909090909091 0.340909090909091 0.25 0.227272727272727
0.119047619047619 0.571428571428571 0.404761904761905 0.523809523809524 0.30952380952381 1.76190476190476 1.52380952380952 0.80952380952381 0.857142857142857 0.69047619047619 0.571428571428571 1.85714285714286 1.92857142857143 0.119047619047619 0.0476190476190476 0.214285714285714
0.230769230769231 0.769230769230769 1.07692307692308 1.26923076923077 0.730769230769231 0.884615384615385 1.30769230769231 2.19230769230769 2.03846153846154 0.807692307692308 0.307692307692308 0.923076923076923 1.07692307692308 0.5 0.5 1.11538461538462
0.333333333333333 0.666666666666667 1.6 1.4 1.06666666666667 0.666666666666667 1.93333333333333 2.53333333333333 2.33333333333333 1.33333333333333 0.933333333333333 0.133333333333333 0.133333333333333 0.666666666666667 0.466666666666667 1.26666666666667
0 0.466666666666667 0.533333333333333 1.2 0.8 0.8 0.666666666666667 1.46666666666667 1.06666666666667 1.86666666666667 1.4 0.6 0.8 0.133333333333333 0 0.4
