0.259259259259259 0.518518518518518 0 1.40740740740741 2.55555555555555 1.59259259259259 1.48148148148148 0.481481481481481 0.0740740740740741 1.62962962962963 1.51851851851852 1.33333333333333 0.814814814814815 0.222222222222222 0.259259259259259 0.518518518518518
0.0659340659340659 0.593406593406593 0.186813186813187 0.494505494505494 0.538461538461538 2.63736263736264 2.52747252747253 1.08791208791209 0.692307692307692 0.912087912087912 0.802197802197802 1.12087912087912 1.10989010989011 0.131868131868132 0.0769230769230769 0.186813186813187
0.107142857142857 0.375 0.517857142857143 0.571428571428571 0.196428571428571 0.964285714285714 1.44642857142857 1.91071428571429 2.14285714285714 0.821428571428571 0.678571428571428 0.839285714285714 0.696428571428571 0.357142857142857 0.321428571428571 0.5
0.202898550724638 1.05797101449275 0.811594202898551 2.08695652173913 1.52173913043478 1.18840579710145 1.01449275362319 2.82608695652174 2.94202898550725 1.56521739130435 1.26086956521739 0.826086956521739 0.536231884057971 0.376811594202899 0.318840579710145 0.623188405797101
0.5 1.39285714285714 0.625 2.01785714285714 2.08928571428571 2.28571428571429 2 1.53571428571429 1.30357142857143 2.21428571428571 2.21428571428571 1.21428571428571 1.17857142857143 0.339285714285714 0.321428571428571 0.553571428571428
0.635135135135135 1.86486486486486 0.351351351351351 0.878378378378378 1.37837837837838 2.45945945945946 2.04054054054054 1.02702702702703 0.878378378378378 1.58108108108108 1.24324324324324 1.31081081081081 1.24324324324324 0.0675675675675676 0.0945945945945946 0.202702702702703
0.631578947368421 1.36842105263158 0.947368421052631 1.08771929824561 0.789473684210526 2.94736842105263 2.92982456140351 1.14035087719298 1.07017543859649 1.08771929824561 0.982456140350877 1.17543859649123 1.78947368421053 0.385964912280702 0.245614035087719 0.350877192982456
0.181818181818182 1.36363636363636 0.854545454545454 1 0.872727272727273 2.01818181818182 1.70909090909091 2.52727272727273 2.16363636363636 0.563636363636364 0.436363636363636 1.34545454545455 1.41818181818182 0.309090909090909 0.163636363636364 0.381818181818182
0.579710144927536 2.01449275362319 1.79710144927536 2.02898550724638 1.36231884057971 1.79710144927536 1.57971014492754 2.88405797101449 3.33333333333333 1.50724637681159 1.28985507246377 1.08695652173913 0.956521739130435 0.739130434782609 0.72463768115942 1.7536231884058
0.366197183098592 0.830985915492958 0.859154929577465 1.92957746478873 1.87323943661972 1.47887323943662 1.45070422535211 2.05633802816901 1.91549295774648 2.73239436619718 2.08450704225352 0.577464788732394 0.492957746478873 0.338028169014084 0.422535211267606 0.915492957746479
0.267857142857143 0.696428571428571 0.285714285714286 1.21428571428571 1.71428571428571 2.16071428571429 2.125 1.125 1.16071428571429 2.51785714285714 2.21428571428571 1.32142857142857 1.16071428571429 0.214285714285714 0.357142857142857 0.678571428571428
0.409090909090909 1 0.409090909090909 0.977272727272727 0.909090909090909 2.06818181818182 1.65909090909091 1.06818181818182 1.15909090909091 1.02272727272727 1.61363636363636 1.65909090909091 1.40909090909091 0.386363636363636 0.25 0.613636363636364
0.166666666666667 0.571428571428571 0.809523809523809 0.547619047619048 0.380952380952381 1.52380952380952 1.47619047619048 0.833333333333333 1.0952380952381 0.523809523809524 0.738095238095238 1.83333333333333 1.71428571428571 0 0.0238095238095238 0.166666666666667
0.192307692307692 0.807692307692308 0.615384615384615 0.423076923076923 0.461538461538461 1 2.07692307692308 2.03846153846154 2.07692307692308 0.615384615384615 0.230769230769231 0.461538461538461 0.692307692307692 0.423076923076923 0.307692307692308 0.884615384615384
0 0.2 0.666666666666667 0.533333333333333 1 0.6 0.666666666666667 1.66666666666667 1.73333333333333 1.2 1.66666666666667 0.266666666666667 0.0666666666666667 0.133333333333333 0 0.266666666666667
0 0.266666666666667 0.266666666666667 1.13333333333333 0.933333333333333 0.533333333333333 0.866666666666667 0.4 0.8 2.86666666666667 2.86666666666667 0.933333333333333 0.733333333333333 0.266666666666667 0.133333333333333 0.866666666666667
