0 0 0 0.037037037037037 1.11111111111111 0.37037037037037 0.037037037037037 0 0 0.296296296296296 0.222222222222222 0.407407407407407 0.259259259259259 0 0.037037037037037 0
0 0.120879120879121 0.032967032967033 0.010989010989011 0.263736263736264 0.516483516483517 0.769230769230769 0.252747252747253 0.021978021978022 0.153846153846154 0.0769230769230769 0.10989010989011 0.10989010989011 0.043956043956044 0.010989010989011 0
0 0 0 0.0357142857142857 0.0178571428571429 0.0178571428571429 0.589285714285714 0.428571428571429 0.339285714285714 0.482142857142857 0.107142857142857 0 0.0714285714285714 0.214285714285714 0.0535714285714286 0
0 0.0434782608695652 0.0434782608695652 0.130434782608696 0.115942028985507 0.0289855072463768 0.159420289855072 0.260869565217391 0.565217391304348 0.420289855072464 0.304347826086957 0.0869565217391304 0 0 0.0289855072463768 0
0.232142857142857 0.142857142857143 0 0.107142857142857 0.5 0.535714285714286 0.357142857142857 0.303571428571429 0.107142857142857 0.232142857142857 0.339285714285714 0.125 0.0714285714285714 0 0 0
0.135135135135135 0.405405405405405 0.0405405405405405 0.0945945945945946 0.486486486486487 0.567567567567568 0.324324324324324 0.0405405405405405 0.0405405405405405 0.162162162162162 0.0810810810810811 0.175675675675676 0.148648648648649 0 0 0
0.0526315789473684 0.491228070175439 0.228070175438596 0.087719298245614 0.105263157894737 1.17543859649123 1.28070175438596 0.0701754385964912 0 0.105263157894737 0.087719298245614 0.12280701754386 0.105263157894737 0 0 0
0.0181818181818182 0.4 0.127272727272727 0.0909090909090909 0.127272727272727 0.163636363636364 0.436363636363636 0.563636363636364 0.272727272727273 0.0181818181818182 0.0545454545454545 0.0545454545454545 0.181818181818182 0 0 0
0 0.130434782608696 0.420289855072464 0.405797101449275 0.202898550724638 0.289855072463768 0.144927536231884 0.231884057971014 0.594202898550725 0.27536231884058 0.231884057971014 0.0434782608695652 0.246376811594203 0.260869565217391 0.115942028985507 0.420289855072464
0.028169014084507 0.0140845070422535 0.0704225352112676 0.492957746478873 0.23943661971831 0.169014084507042 0.0140845070422535 0.140845070422535 0.352112676056338 0.535211267605634 0.267605633802817 0.0140845070422535 0 0.0845070422535211 0.0845070422535211 0.0845070422535211
0.0535714285714286 0.107142857142857 0 0.0714285714285714 0.232142857142857 0.392857142857143 0.0178571428571429 0.0892857142857143 0.0714285714285714 0.142857142857143 0.392857142857143 0.5 0.0535714285714286 0 0 0
0 0.0454545454545455 0 0.0454545454545455 0.159090909090909 0.181818181818182 0.159090909090909 0.0681818181818182 0 0.113636363636364 0.386363636363636 0.477272727272727 0.113636363636364 0 0 0.181818181818182
0 0.119047619047619 0 0 0 0.0714285714285714 0.0714285714285714 0.0476190476190476 0 0 0.19047619047619 0.5 0.214285714285714 0.0476190476190476 0 0
0.0769230769230769 0.0769230769230769 0.153846153846154 0.115384615384615 0.0769230769230769 0.0384615384615385 0.384615384615385 0.461538461538462 0.384615384615385 0.192307692307692 0.0384615384615385 0 0.153846153846154 0.230769230769231 0.0384615384615385 0
0 0.0666666666666667 0.0666666666666667 0.0666666666666667 0.133333333333333 0 0 0.266666666666667 0.4 0.533333333333333 0.266666666666667 0 0 0.0666666666666667 0 0
0 0.2 0 0.4 0.2 0.2 0.2 0.133333333333333 0.4 0.266666666666667 0.133333333333333 0.133333333333333 0 0 0 0
