0 0.037037037037037 0 0.037037037037037 0.703703703703704 0.851851851851852 0.222222222222222 0 0 0.148148148148148 0.148148148148148 0.148148148148148 0.148148148148148 0 0.037037037037037 0
0 0.032967032967033 0.032967032967033 0.021978021978022 0.164835164835165 0.450549450549451 0.725274725274725 0.483516483516484 0.0659340659340659 0.043956043956044 0.043956043956044 0.0549450549450549 0.142857142857143 0.043956043956044 0 0
0 0 0 0 0.125 0.0357142857142857 0.446428571428571 0.410714285714286 0.428571428571429 0.303571428571429 0.0535714285714286 0 0.178571428571429 0.142857142857143 0.0535714285714286 0
0.0434782608695652 0.0579710144927536 0 0.159420289855072 0.130434782608696 0.144927536231884 0.0434782608695652 0.289855072463768 0.507246376811594 0.463768115942029 0.405797101449275 0 0 0 0.0434782608695652 0
0.160714285714286 0.178571428571429 0.107142857142857 0.428571428571429 0.75 0.625 0.571428571428571 0.0178571428571429 0.160714285714286 0.357142857142857 0.25 0.0714285714285714 0.142857142857143 0 0 0
0.175675675675676 0.351351351351351 0.0135135135135135 0.162162162162162 0.513513513513513 0.851351351351351 0.445945945945946 0.135135135135135 0.027027027027027 0.121621621621622 0.0675675675675676 0.121621621621622 0.135135135135135 0 0 0
0.105263157894737 0.491228070175439 0.140350877192982 0.228070175438596 0.157894736842105 0.859649122807018 1.10526315789474 0.087719298245614 0 0.105263157894737 0.105263157894737 0.0175438596491228 0.105263157894737 0.105263157894737 0 0
0.0727272727272727 0.436363636363636 0.272727272727273 0.0909090909090909 0.181818181818182 0.2 0.490909090909091 0.490909090909091 0.218181818181818 0.0727272727272727 0.0909090909090909 0.0727272727272727 0.2 0.0181818181818182 0.0181818181818182 0
0 0.159420289855072 0.36231884057971 0.391304347826087 0.130434782608696 0.260869565217391 0.231884057971014 0.188405797101449 0.63768115942029 0.246376811594203 0.217391304347826 0.0289855072463768 0.159420289855072 0.188405797101449 0.202898550724638 0.376811594202899
0.028169014084507 0.0140845070422535 0.154929577464789 0.422535211267606 0.28169014084507 0.253521126760563 0.309859154929577 0.23943661971831 0.422535211267606 0.690140845070423 0.28169014084507 0.0563380281690141 0.028169014084507 0.126760563380282 0.169014084507042 0.112676056338028
0.0714285714285714 0.0178571428571429 0 0.0714285714285714 0.410714285714286 0.357142857142857 0.0178571428571429 0.178571428571429 0.0357142857142857 0.303571428571429 0.357142857142857 0.25 0.0892857142857143 0 0 0
0 0.0227272727272727 0 0 0.0454545454545455 0.113636363636364 0.159090909090909 0 0 0 0.227272727272727 0.5 0.0909090909090909 0 0 0.159090909090909
0 0.142857142857143 0 0 0 0.119047619047619 0.142857142857143 0.142857142857143 0.142857142857143 0 0.0952380952380952 0.523809523809524 0.142857142857143 0.0238095238095238 0 0
0.0384615384615385 0 0.153846153846154 0.115384615384615 0 0.192307692307692 0.538461538461538 0.461538461538462 0.153846153846154 0.0384615384615385 0.0384615384615385 0.0384615384615385 0.230769230769231 0.192307692307692 0 0
0 0 0 0 0.4 0 0.266666666666667 0.2 0.466666666666667 0.466666666666667 0.266666666666667 0 0 0 0 0
0 0.266666666666667 0 0.266666666666667 0.133333333333333 0.266666666666667 0.266666666666667 0.133333333333333 0.4 0.266666666666667 0 0.2 0 0 0 0.133333333333333
