0.185185185185185 0.62962962962963 0.0740740740740741 1.18518518518519 2.37037037037037 1.85185185185185 1.51851851851852 0.37037037037037 0.222222222222222 1.59259259259259 0.851851851851852 1.48148148148148 0.888888888888889 0.333333333333333 0.185185185185185 0.62962962962963
0.154929577464789 0.676056338028169 0.52112676056338 1.11267605633803 1.12676056338028 2.53521126760563 2.69014084507042 1.45070422535211 1.19718309859155 0.52112676056338 0.76056338028169 1.43661971830986 1.50704225352113 0.154929577464789 0.0704225352112676 0.0985915492957746
0.105263157894737 0.526315789473684 0.855263157894737 0.618421052631579 0.368421052631579 1.32894736842105 1.75 2.15789473684211 2.23684210526316 0.789473684210526 0.842105263157895 0.815789473684211 1.01315789473684 0.473684210526316 0.328947368421053 0.592105263157895
0.202898550724638 0.536231884057971 0.826086956521739 1.6231884057971 1.59420289855072 1.30434782608696 1.2463768115942 2.10144927536232 1.81159420289855 1.92753623188406 2.07246376811594 0.768115942028985 0.579710144927536 0.333333333333333 0.405797101449275 0.63768115942029
0.642857142857143 1.03571428571429 0.946428571428571 2.16071428571429 2.08928571428571 1.75 1.58928571428571 1.78571428571429 1.625 1.75 1.89285714285714 0.910714285714286 0.767857142857143 0.303571428571429 0.267857142857143 0.571428571428571
0.527027027027027 1.51351351351351 0.72972972972973 1.02702702702703 1.66216216216216 3.06756756756757 2.94594594594595 0.797297297297297 0.743243243243243 1.24324324324324 1.10810810810811 1.12162162162162 1.04054054054054 0.0945945945945946 0.0945945945945946 0.189189189189189
0.473684210526316 0.947368421052632 1.40350877192982 1.49122807017544 1.36842105263158 4.07017543859649 4.50877192982456 1.45614035087719 1.40350877192982 0.964912280701754 1.08771929824561 1.29824561403509 1.63157894736842 0.228070175438596 0.210526315789474 0.526315789473684
0.4 1.49090909090909 1.29090909090909 0.909090909090909 0.890909090909091 2.43636363636364 2.65454545454545 2.25454545454545 2.09090909090909 0.690909090909091 0.490909090909091 1.58181818181818 1.43636363636364 0.254545454545455 0.181818181818182 0.327272727272727
0.507246376811594 1.02898550724638 2.81159420289855 1.68115942028985 1.04347826086957 1.79710144927536 1.72463768115942 3.36231884057971 3.33333333333333 1.69565217391304 1.46376811594203 0.753623188405797 0.811594202898551 0.855072463768116 0.884057971014493 1.43478260869565
0.436619718309859 1.2112676056338 1.52112676056338 2.30985915492958 1.70422535211268 1.71830985915493 1.76056338028169 1.95774647887324 2.16901408450704 3.38028169014085 2.84507042253521 0.76056338028169 0.577464788732394 0.647887323943662 0.704225352112676 1.59154929577465
0.0714285714285714 0.482142857142857 0.178571428571429 1.42857142857143 1.32142857142857 2.625 2.73214285714286 1.46428571428571 1.26785714285714 2.48214285714286 2.66071428571429 2.17857142857143 1.64285714285714 0.303571428571429 0.267857142857143 0.678571428571429
0.295454545454545 1.02272727272727 0.5 1.02272727272727 1.36363636363636 1.97727272727273 2 0.704545454545455 0.977272727272727 1.15909090909091 1.77272727272727 1.95454545454545 1.5 0.159090909090909 0.181818181818182 0.409090909090909
0.166666666666667 0.357142857142857 0.976190476190476 0.904761904761905 0.333333333333333 2.07142857142857 1.71428571428571 1.11904761904762 1.23809523809524 0.880952380952381 0.952380952380952 2 2.38095238095238 0.19047619047619 0.119047619047619 0.285714285714286
0.538461538461538 0.730769230769231 1.15384615384615 1.42307692307692 0.692307692307692 1.07692307692308 1.73076923076923 3 2.96153846153846 0.461538461538462 0.307692307692308 0.5 0.384615384615385 0.576923076923077 0.538461538461538 1.34615384615385
0.0666666666666667 0.8 0.6 1.46666666666667 1.6 0.333333333333333 0.666666666666667 2.73333333333333 3.33333333333333 0.933333333333333 1.26666666666667 0.0666666666666667 0.2 0.666666666666667 0.8 1.66666666666667
0.333333333333333 1.06666666666667 0 1.13333333333333 0.6 1.46666666666667 1.26666666666667 0.8 0.8 2.33333333333333 2 0.533333333333333 0.2 0.266666666666667 0.133333333333333 0.666666666666667
