0 0.037037037037037 0 0 0.703703703703704 0.62962962962963 0.37037037037037 0 0 0.0740740740740741 0.148148148148148 0.296296296296296 0.148148148148148 0 0 0
0 0.032967032967033 0.010989010989011 0 0.0989010989010989 0.428571428571429 0.857142857142857 0.384615384615385 0.032967032967033 0.043956043956044 0.0879120879120879 0.0879120879120879 0.131868131868132 0.021978021978022 0 0
0 0 0 0.0178571428571429 0.0892857142857143 0.0357142857142857 0.357142857142857 0.464285714285714 0.482142857142857 0.410714285714286 0.196428571428571 0.0178571428571429 0.142857142857143 0.125 0 0
0.0289855072463768 0.0144927536231884 0.0144927536231884 0.318840579710145 0.0869565217391304 0.173913043478261 0.072463768115942 0.318840579710145 0.652173913043478 0.478260869565217 0.202898550724638 0.0289855072463768 0 0.0144927536231884 0.0144927536231884 0.0144927536231884
0.142857142857143 0.214285714285714 0.0714285714285714 0.428571428571429 0.75 0.642857142857143 0.571428571428571 0.0535714285714286 0.25 0.214285714285714 0.232142857142857 0.0535714285714286 0.107142857142857 0.0178571428571429 0 0
0.162162162162162 0.391891891891892 0.0135135135135135 0.162162162162162 0.418918918918919 0.783783783783784 0.283783783783784 0.027027027027027 0.0405405405405405 0.0945945945945946 0.027027027027027 0.202702702702703 0.0945945945945946 0 0 0
0.192982456140351 0.43859649122807 0.140350877192982 0.385964912280702 0.403508771929825 1.52631578947368 1.42105263157895 0.210526315789474 0 0.140350877192982 0.157894736842105 0.0526315789473684 0.140350877192982 0.105263157894737 0 0
0.0363636363636364 0.363636363636364 0.163636363636364 0.109090909090909 0.0545454545454545 0.327272727272727 0.527272727272727 0.490909090909091 0.272727272727273 0.0727272727272727 0.0363636363636364 0.163636363636364 0.2 0.0545454545454545 0 0.0181818181818182
0 0.0579710144927536 0.449275362318841 0.318840579710145 0.072463768115942 0.159420289855072 0.217391304347826 0.202898550724638 0.492753623188406 0.260869565217391 0.173913043478261 0 0.159420289855072 0.333333333333333 0.159420289855072 0.27536231884058
0.028169014084507 0.028169014084507 0.140845070422535 0.436619718309859 0.23943661971831 0.380281690140845 0.323943661971831 0.154929577464789 0.535211267605634 0.464788732394366 0.394366197183099 0.0563380281690141 0 0.0422535211267606 0.0985915492957746 0.126760563380282
0.0892857142857143 0.0892857142857143 0 0.0535714285714286 0.375 0.357142857142857 0.0535714285714286 0.160714285714286 0.0357142857142857 0.267857142857143 0.410714285714286 0.285714285714286 0.107142857142857 0 0 0
0 0.0909090909090909 0 0 0.0227272727272727 0.295454545454545 0.136363636363636 0.0454545454545455 0 0.0227272727272727 0.386363636363636 0.318181818181818 0.159090909090909 0 0 0.0681818181818182
0 0.0714285714285714 0 0 0 0.119047619047619 0.166666666666667 0 0 0 0.0714285714285714 0.5 0.30952380952381 0.0238095238095238 0 0
0.115384615384615 0.115384615384615 0.0384615384615385 0.0769230769230769 0.0769230769230769 0.153846153846154 0.653846153846154 0.192307692307692 0.230769230769231 0.192307692307692 0.0384615384615385 0 0.192307692307692 0.384615384615385 0.0384615384615385 0
0 0.0666666666666667 0.0666666666666667 0.133333333333333 0.266666666666667 0 0.333333333333333 0.2 0.666666666666667 0.266666666666667 0.266666666666667 0 0 0.133333333333333 0 0
0 0.0666666666666667 0 0.0666666666666667 0.466666666666667 0.0666666666666667 0.0666666666666667 0 0.133333333333333 0.6 0.133333333333333 0.2 0 0 0 0
