0.0740740740740741 0.481481481481481 0.111111111111111 1.11111111111111 1.59259259259259 1.92592592592593 1.77777777777778 0.148148148148148 0.148148148148148 1.18518518518519 0.925925925925926 0.962962962962963 0.925925925925926 0.222222222222222 0.111111111111111 0.185185185185185
0.112676056338028 0.380281690140845 0.28169014084507 0.577464788732394 0.676056338028169 2.66197183098592 2.98591549295775 1.01408450704225 0.802816901408451 0.661971830985915 0.535211267605634 0.929577464788732 1.12676056338028 0.0845070422535211 0.0704225352112676 0.183098591549296
0.328947368421053 0.815789473684211 0.894736842105263 0.921052631578947 0.657894736842105 1.53947368421053 1.75 2.40789473684211 2.35526315789474 1.10526315789474 0.921052631578947 0.828947368421053 0.815789473684211 0.342105263157895 0.223684210526316 0.486842105263158
0.246376811594203 0.507246376811594 0.869565217391304 1.55072463768116 1.27536231884058 1.71014492753623 1.20289855072464 1.71014492753623 1.79710144927536 2.30434782608696 1.85507246376812 0.463768115942029 0.72463768115942 0.260869565217391 0.260869565217391 0.492753623188406
0.517857142857143 1.46428571428571 0.75 2.42857142857143 1.875 2.42857142857143 2.5 1.625 1.17857142857143 1.85714285714286 2.10714285714286 1.10714285714286 1.14285714285714 0.267857142857143 0.303571428571429 0.303571428571429
0.662162162162162 1.98648648648649 0.513513513513513 1.13513513513514 1.54054054054054 3.55405405405405 2.90540540540541 0.797297297297297 0.824324324324324 1.35135135135135 1.59459459459459 1.95945945945946 1.36486486486486 0.0405405405405405 0.0810810810810811 0.256756756756757
0.43859649122807 1.29824561403509 1.35087719298246 1.26315789473684 0.701754385964912 4.43859649122807 3.63157894736842 1.47368421052632 1.21052631578947 1.21052631578947 1.10526315789474 1.31578947368421 1.26315789473684 0.508771929824561 0.333333333333333 0.56140350877193
0.490909090909091 1.10909090909091 1.30909090909091 0.763636363636364 0.690909090909091 1.50909090909091 1.47272727272727 2.2 2.47272727272727 0.563636363636364 0.309090909090909 1.4 1.25454545454545 0.127272727272727 0.272727272727273 0.309090909090909
0.608695652173913 1.04347826086957 2.1304347826087 1.98550724637681 1.11594202898551 1.82608695652174 1.21739130434783 3.10144927536232 3.17391304347826 2.34782608695652 2 0.695652173913043 0.72463768115942 0.898550724637681 0.927536231884058 2.07246376811594
0.380281690140845 1.01408450704225 1.50704225352113 2.52112676056338 1.97183098591549 2.15492957746479 1.84507042253521 2.61971830985915 2.19718309859155 2.95774647887324 2.67605633802817 0.746478873239437 0.507042253521127 1.2112676056338 0.957746478873239 1.70422535211268
0.125 0.285714285714286 0.339285714285714 1.30357142857143 0.946428571428571 2.32142857142857 2.55357142857143 1.60714285714286 1.53571428571429 2.25 2.375 1.73214285714286 1.5 0.303571428571429 0.303571428571429 0.517857142857143
0.204545454545455 0.909090909090909 0.863636363636364 0.840909090909091 1.02272727272727 1.65909090909091 1.88636363636364 0.727272727272727 0.795454545454545 1.27272727272727 1.54545454545455 1.81818181818182 1.27272727272727 0.159090909090909 0.136363636363636 0.431818181818182
0.19047619047619 0.452380952380952 0.380952380952381 0.666666666666667 0.30952380952381 2 1.85714285714286 0.833333333333333 0.976190476190476 1.02380952380952 0.976190476190476 2.07142857142857 1.52380952380952 0.261904761904762 0.0476190476190476 0.30952380952381
0.230769230769231 0.346153846153846 0.615384615384615 0.615384615384615 0.269230769230769 1.42307692307692 1.42307692307692 2.57692307692308 2.57692307692308 0.769230769230769 0.192307692307692 1.07692307692308 1.07692307692308 0.461538461538462 0.461538461538462 0.653846153846154
0.2 0.466666666666667 0.466666666666667 1.4 1.13333333333333 0.666666666666667 0.733333333333333 1 1.73333333333333 2.33333333333333 1.33333333333333 0.4 0.2 0.933333333333333 0.6 1.13333333333333
0.133333333333333 0.8 0 1 1.13333333333333 0.466666666666667 1.4 0.4 0.666666666666667 2.26666666666667 2.53333333333333 0.666666666666667 0.4 0.133333333333333 0.0666666666666667 0.6
