0 0.0740740740740741 0 0 1 0.740740740740741 0.0740740740740741 0 0 0.148148148148148 0.222222222222222 0.185185185185185 0.185185185185185 0 0 0
0 0.032967032967033 0 0.043956043956044 0.120879120879121 0.538461538461538 0.736263736263736 0.274725274725275 0.032967032967033 0.0659340659340659 0.142857142857143 0.164835164835165 0.142857142857143 0.043956043956044 0.032967032967033 0
0 0 0 0 0.107142857142857 0.0535714285714286 0.428571428571429 0.339285714285714 0.642857142857143 0.375 0.0714285714285714 0 0.142857142857143 0.0535714285714286 0.0535714285714286 0
0.072463768115942 0.0289855072463768 0.0144927536231884 0.173913043478261 0.130434782608696 0.130434782608696 0.0579710144927536 0.36231884057971 0.608695652173913 0.594202898550725 0.27536231884058 0 0 0 0.0579710144927536 0.0434782608695652
0.0714285714285714 0.178571428571429 0.0535714285714286 0.982142857142857 0.857142857142857 0.642857142857143 0.642857142857143 0.142857142857143 0.214285714285714 0.0892857142857143 0.267857142857143 0.142857142857143 0.0892857142857143 0 0 0
0.216216216216216 0.378378378378378 0.0540540540540541 0.135135135135135 0.581081081081081 0.756756756756757 0.378378378378378 0.0540540540540541 0.0945945945945946 0.135135135135135 0.0675675675675676 0.175675675675676 0.027027027027027 0 0 0
0.105263157894737 0.578947368421053 0.140350877192982 0.175438596491228 0.192982456140351 1.26315789473684 1.47368421052632 0.087719298245614 0 0.0350877192982456 0.0526315789473684 0.0526315789473684 0.245614035087719 0.105263157894737 0 0
0.0727272727272727 0.363636363636364 0.236363636363636 0.127272727272727 0.254545454545455 0.236363636363636 0.4 0.490909090909091 0.218181818181818 0.0727272727272727 0.0909090909090909 0.109090909090909 0.181818181818182 0.0363636363636364 0.0727272727272727 0.0181818181818182
0 0.159420289855072 0.391304347826087 0.420289855072464 0.0579710144927536 0.159420289855072 0.173913043478261 0.188405797101449 0.63768115942029 0.405797101449275 0.463768115942029 0.0579710144927536 0.0869565217391304 0.333333333333333 0.231884057971014 0.63768115942029
0.028169014084507 0.0704225352112676 0.154929577464789 0.52112676056338 0.140845070422535 0.366197183098592 0.197183098591549 0.211267605633803 0.28169014084507 0.591549295774648 0.507042253521127 0.0563380281690141 0 0.0140845070422535 0.0140845070422535 0.028169014084507
0.0535714285714286 0.0535714285714286 0 0.107142857142857 0.25 0.321428571428571 0 0.142857142857143 0.0714285714285714 0.196428571428571 0.321428571428571 0.285714285714286 0.0357142857142857 0 0 0
0.0454545454545455 0.136363636363636 0 0.0227272727272727 0.204545454545455 0.318181818181818 0.0681818181818182 0.0681818181818182 0.0227272727272727 0.0454545454545455 0.363636363636364 0.454545454545455 0.181818181818182 0 0 0.0909090909090909
0 0.0476190476190476 0 0 0 0.119047619047619 0.119047619047619 0.0952380952380952 0.238095238095238 0 0.0952380952380952 0.547619047619048 0.261904761904762 0 0 0
0.0769230769230769 0.192307692307692 0.0769230769230769 0.115384615384615 0.0769230769230769 0.192307692307692 0.538461538461538 0.384615384615385 0.307692307692308 0.153846153846154 0.0384615384615385 0.0384615384615385 0.0769230769230769 0.423076923076923 0 0
0 0.0666666666666667 0.0666666666666667 0.0666666666666667 0.333333333333333 0 0.333333333333333 0.266666666666667 0.466666666666667 0.466666666666667 0.0666666666666667 0 0 0.0666666666666667 0.0666666666666667 0
0 0.133333333333333 0 0.4 0.0666666666666667 0.133333333333333 0.133333333333333 0.2 0.2 0.533333333333333 0.133333333333333 0.133333333333333 0 0 0 0.0666666666666667
