0 0.0740740740740741 0 0.111111111111111 0.925925925925926 0.592592592592593 0.333333333333333 0 0 0.444444444444444 0.222222222222222 0.0740740740740741 0.0740740740740741 0 0.111111111111111 0
0 0.0659340659340659 0 0.010989010989011 0.175824175824176 0.43956043956044 0.901098901098901 0.263736263736264 0.021978021978022 0.0659340659340659 0.0659340659340659 0.10989010989011 0.186813186813187 0.010989010989011 0 0
0 0 0 0 0.125 0.0714285714285714 0.357142857142857 0.410714285714286 0.464285714285714 0.357142857142857 0.0892857142857143 0 0.125 0.107142857142857 0.0357142857142857 0
0.0289855072463768 0.0579710144927536 0.0144927536231884 0.130434782608696 0.27536231884058 0.101449275362319 0.0869565217391304 0.318840579710145 0.449275362318841 0.72463768115942 0.231884057971014 0.0579710144927536 0 0 0.101449275362319 0.0144927536231884
0.0892857142857143 0.25 0.0535714285714286 0.0892857142857143 0.357142857142857 0.946428571428571 0.642857142857143 0.0714285714285714 0.125 0.285714285714286 0.214285714285714 0.196428571428571 0.0357142857142857 0.0178571428571429 0 0
0.135135135135135 0.486486486486487 0.0135135135135135 0.0810810810810811 0.459459459459459 0.675675675675676 0.418918918918919 0.0810810810810811 0.0405405405405405 0.135135135135135 0.027027027027027 0.148648648648649 0.189189189189189 0 0 0
0.0526315789473684 0.508771929824561 0.157894736842105 0.210526315789474 0.140350877192982 1.45614035087719 1.43859649122807 0.175438596491228 0 0.0526315789473684 0.157894736842105 0.0175438596491228 0.12280701754386 0.12280701754386 0 0
0.0181818181818182 0.381818181818182 0.127272727272727 0.181818181818182 0.181818181818182 0.2 0.545454545454545 0.545454545454545 0.272727272727273 0.0727272727272727 0.0727272727272727 0.0727272727272727 0.309090909090909 0.0545454545454545 0.0181818181818182 0.0363636363636364
0 0.115942028985507 0.333333333333333 0.478260869565217 0.0869565217391304 0.27536231884058 0.304347826086957 0.217391304347826 0.594202898550725 0.710144927536232 0.826086956521739 0.115942028985507 0.130434782608696 0.608695652173913 0.420289855072464 1.08695652173913
0.0140845070422535 0 0.140845070422535 0.422535211267606 0.253521126760563 0.323943661971831 0.154929577464789 0.23943661971831 0.183098591549296 0.605633802816901 0.28169014084507 0.0140845070422535 0.028169014084507 0.0422535211267606 0.140845070422535 0.112676056338028
0.0714285714285714 0.0535714285714286 0 0.0892857142857143 0.321428571428571 0.357142857142857 0.0178571428571429 0.178571428571429 0.0714285714285714 0.25 0.517857142857143 0.267857142857143 0.0178571428571429 0 0 0
0 0.0909090909090909 0 0 0.136363636363636 0.25 0.0909090909090909 0.0681818181818182 0.0454545454545455 0.0909090909090909 0.318181818181818 0.454545454545455 0.113636363636364 0 0 0.204545454545455
0 0.0714285714285714 0 0 0 0.0476190476190476 0.0952380952380952 0.0952380952380952 0.19047619047619 0 0.119047619047619 0.428571428571429 0.19047619047619 0.0238095238095238 0 0
0 0.0384615384615385 0.115384615384615 0.115384615384615 0.0769230769230769 0.0769230769230769 0.346153846153846 0.461538461538462 0.153846153846154 0.192307692307692 0.115384615384615 0 0.115384615384615 0.0769230769230769 0.0384615384615385 0
0 0 0 0.133333333333333 0.2 0 0 0.533333333333333 0.8 0.466666666666667 0.8 0 0 0.133333333333333 0 0
0 0.0666666666666667 0 0.266666666666667 0.466666666666667 0.0666666666666667 0.0666666666666667 0.333333333333333 0.333333333333333 0.2 0.133333333333333 0.133333333333333 0 0 0 0.133333333333333
