1500000
96774
96774
96774
96774
96774
96774
96774
96774
96774
96774
96774
96774
96774
96774
96774
96774
96774
96774
96774
96774
96774
96774
96774
96774
96774
96774
96774
96774
96774
96774
96774
5e+05
5e+05
5e+05
5e+05
5e+05
5e+05
5e+05
5e+05
5e+05
250000
250000
250000
250000
982077
982077
982077
982077
982077
982077
982077
982077
982077
982077
982077
982077
982077
246600
246600
246600
246600
246600
2412000
2412000
2412000
1547333
1547333
1547333
1547333
1547333
1547333
604211
604211
604211
604211
604211
604211
604211
604211
604211
604211
604211
604211
604211
604211
604211
604211
604211
604211
604211
927143
927143
927143
927143
927143
927143
927143
927143
927143
927143
927143
927143
927143
927143
1662667
1662667
1662667
1662667
1662667
1662667
2753500
2753500
2383000
3013700
5486300
6124000
4940000
4203000
4349000
3728000
5131000
6795000
7185000
2876000
3293000
2832000
2590000
3679000
6079000
5971000
3350000
2872000
4585000
3695000
3593000
4320000
3832000
2441000
2318000
2895000
3943000
5226000
7032000
4861000
4225000
4592000
4588000
6487000
7929000
9558000
11601000
5342000
4932000
4567000
4690000
5032000
8107000
10492000
9360000
6721000
8657000
9733000
11575000
12638000
13723000
12354000
13951000
15053000
13698000
13822000
17187000
16645000
13929000
13586000
16395000
19461000
20009000
17637000
18631000
17983000
18198000
22296000
20440000
22918000
18660000
20997000
18552000
14844000
16255000
14828000
15894000
20443000
18214000
15010000
14247000
11364000
19776000
21240000
21502000
23605000
20232000
18734000
20521000
22039000
24119000
24741000
23162000
21425000
20557000
20927000
19020000
18941000
19474000
19026000
12862000
9462000
12918000
13252000
10712000
11845000
11237000
8699000
8320000
8950000
10587000
12590000
11738000
11276000
9804000
9130000
10759000
11168000
13121000
1.6e+07
17292000
13810000
11561000
15604000
17489000
17888000
17969000
18177000
15424000
16708000
19156000
19673000
17867000
15589000
15968000
12524000
12221000
12524000
13043000
12146000
12212000
11932000
9457000
9089000
12443000
11902000
12854000
12292000
11971000
11479000
11085000
14939000
13845000
12695000
15481000
15635000
13385000
11691000
11341000
11623000
8839000
8222000
7524000
8213000
7058000
5638000
5942000
5557000
5251000
5407000
7340000
5540000
4400000
4418000
4490000
4251000
4338000
4026000
3595000
3348000
1618000
3979000
4209000
3675000
3222000
2513000
2983000
2869000
2867000
2531000
754000
755000
730000
873000
864000
954000
1181000
1263000
1302000
1117000
1421000
1415000
1423000
1830000
1878000
1355000
1521000
2008000
2130000
2099000
2225000
2468000
1709000
1490000
2471000
2651000
2913000
3332000
4642000
6136000
5710000
5350000
6532000
7866000
8859000
5984226
6067451
6144253
6214633
6278591
6336125
6387237
6431927
6470193
6502038
6527459
6546458
6559034
6565188
6564919
6558228
6545114
6525577
6499617
6467235
6428431
6383203
6331554
6273481
6208986
6138068
6060728
5976965
5886779
5790171
5687140
5577687
5461811
5339512
5210791
5075647
4934081
4786091
4631680
4470845
4303588
4129909
3949806
3763281
3570334
3370964
3165171
2952956
2734318
2509257
2277774
2039868
1795540
1544789
1287615
1024019
754000
477558
477558
477558
477558
477558
477558
477558
477558
477558
477558
477558
477558
477558
477558
477558
477558
477558
477558
477558
477558
477558
477558
477558
477558
477558
477558
477558
477558
477558
477558
477558
