0.582324992494276 0.582324992494276 0.582324992494276 1 1 1 1 1 1 1 1 1 1.52116031332401 1.52116031332401 1.52116031332401 1.52116031332401
0.528885316287856 0.528885316287856 0.528885316287856 1 1 1 1 1 1 1 1 1 1.17897506416242 1.17897506416242 1.17897506416242 1.17897506416242
0.452761290332829 0.452761290332829 0.452761290332829 1 1 1 1 1 1 1 1 1 1.45884355108606 1.45884355108606 1.45884355108606 1.45884355108606
0.770548422947203 0.770548422947203 0.770548422947203 1 1 1 1 1 1 1 1 1 1.73432736075618 1.73432736075618 1.73432736075618 1.73432736075618
0.294798379309115 0.294798379309115 0.294798379309115 1 1 1 1 1 1 1 1 1 1.16174544330008 1.16174544330008 1.16174544330008 1.16174544330008
0.461742563175988 0.461742563175988 0.461742563175988 1 1 1 1 1 1 1 1 1 1.8947673677791 1.8947673677791 1.8947673677791 1.8947673677791
0.586334674908817 0.586334674908817 0.586334674908817 1 1 1 1 1 1 1 1 1 1.73744606751954 1.73744606751954 1.73744606751954 1.73744606751954
0.640292371070598 0.640292371070598 0.640292371070598 1 1 1 1 1 1 1 1 1 1.58624060458205 1.58624060458205 1.58624060458205 1.58624060458205
0.447471131871215 0.447471131871215 0.447471131871215 1 1 1 1 1 1 1 1 1 1.27815582938264 1.27815582938264 1.27815582938264 1.27815582938264
0.66089706405209 0.66089706405209 0.66089706405209 1 1 1 1 1 1 1 1 1 1.2142001535643 1.2142001535643 1.2142001535643 1.2142001535643
0.799688690415183 0.799688690415183 0.799688690415183 1 1 1 1 1 1 1 1 1 2.34661191227597 2.34661191227597 2.34661191227597 2.34661191227597
0.630299859612708 0.630299859612708 0.630299859612708 1 1 1 1 1 1 1 1 1 1.31263933915258 1.31263933915258 1.31263933915258 1.31263933915258
0.549002085122282 0.549002085122282 0.549002085122282 1 1 1 1 1 1 1 1 1 2.60864504838946 2.60864504838946 2.60864504838946 2.60864504838946
0.400432849271823 0.400432849271823 0.400432849271823 1 1 1 1 1 1 1 1 1 1.66236313702174 1.66236313702174 1.66236313702174 1.66236313702174
1.05413863133369 1.05413863133369 1.05413863133369 1 1 1 1 1 1 1 1 1 1.35304607745478 1.35304607745478 1.35304607745478 1.35304607745478
0.750375969968209 0.750375969968209 0.750375969968209 1 1 1 1 1 1 1 1 1 1.56420117404468 1.56420117404468 1.56420117404468 1.56420117404468
0.245030090771642 0.245030090771642 0.245030090771642 1 1 1 1 1 1 1 1 1 1.53405250692442 1.53405250692442 1.53405250692442 1.53405250692442
0.73872156310633 0.73872156310633 0.73872156310633 1 1 1 1 1 1 1 1 1 1.29031890238863 1.29031890238863 1.29031890238863 1.29031890238863
0.9795460026913 0.9795460026913 0.9795460026913 1 1 1 1 1 1 1 1 1 1.53970296935851 1.53970296935851 1.53970296935851 1.53970296935851
0.634352297666722 0.634352297666722 0.634352297666722 1 1 1 1 1 1 1 1 1 1.51196952837955 1.51196952837955 1.51196952837955 1.51196952837955
0.584391934358694 0.584391934358694 0.584391934358694 1 1 1 1 1 1 1 1 1 2.24869163490309 2.24869163490309 2.24869163490309 2.24869163490309
0.470434487566297 0.470434487566297 0.470434487566297 1 1 1 1 1 1 1 1 1 1.38584405059591 1.38584405059591 1.38584405059591 1.38584405059591
0.480319856606579 0.480319856606579 0.480319856606579 1 1 1 1 1 1 1 1 1 1.45119400175443 1.45119400175443 1.45119400175443 1.45119400175443
0.60454484160484 0.60454484160484 0.60454484160484 1 1 1 1 1 1 1 1 1 1.4220448200945 1.4220448200945 1.4220448200945 1.4220448200945
0.448789445770648 0.448789445770648 0.448789445770648 1 1 1 1 1 1 1 1 1 1.99712443462427 1.99712443462427 1.99712443462427 1.99712443462427
0.562726341306981 0.562726341306981 0.562726341306981 1 1 1 1 1 1 1 1 1 2.2218263556453 2.2218263556453 2.2218263556453 2.2218263556453
0.615753299026128 0.615753299026128 0.615753299026128 1 1 1 1 1 1 1 1 1 1.44725655196507 1.44725655196507 1.44725655196507 1.44725655196507
0.614355663240917 0.614355663240917 0.614355663240917 1 1 1 1 1 1 1 1 1 1.65509626084909 1.65509626084909 1.65509626084909 1.65509626084909
0.828699656060876 0.828699656060876 0.828699656060876 1 1 1 1 1 1 1 1 1 1.47294695063753 1.47294695063753 1.47294695063753 1.47294695063753
0.240781129673222 0.240781129673222 0.240781129673222 1 1 1 1 1 1 1 1 1 1.23328211996659 1.23328211996659 1.23328211996659 1.23328211996659
0.597841559546018 0.597841559546018 0.597841559546018 1 1 1 1 1 1 1 1 1 2.08106301411105 2.08106301411105 2.08106301411105 2.08106301411105
0.654604092913621 0.654604092913621 0.654604092913621 1 1 1 1 1 1 1 1 1 1.35252761824167 1.35252761824167 1.35252761824167 1.35252761824167
0.871923173329837 0.871923173329837 0.871923173329837 1 1 1 1 1 1 1 1 1 1.39974078956885 1.39974078956885 1.39974078956885 1.39974078956885
0.625583426097026 0.625583426097026 0.625583426097026 1 1 1 1 1 1 1 1 1 3.45357843876993 3.45357843876993 3.45357843876993 3.45357843876993
0.562669823460142 0.562669823460142 0.562669823460142 1 1 1 1 1 1 1 1 1 1.31369372411032 1.31369372411032 1.31369372411032 1.31369372411032
1.45335374184454 1.45335374184454 1.45335374184454 1 1 1 1 1 1 1 1 1 1.85592652095979 1.85592652095979 1.85592652095979 1.85592652095979
1.06294158112331 1.06294158112331 1.06294158112331 1 1 1 1 1 1 1 1 1 1.5377277506113 1.5377277506113 1.5377277506113 1.5377277506113
0.722188352119428 0.722188352119428 0.722188352119428 1 1 1 1 1 1 1 1 1 2.43923273855444 2.43923273855444 2.43923273855444 2.43923273855444
0.58065252791831 0.58065252791831 0.58065252791831 1 1 1 1 1 1 1 1 1 1.24689015068323 1.24689015068323 1.24689015068323 1.24689015068323
0.505409720639673 0.505409720639673 0.505409720639673 1 1 1 1 1 1 1 1 1 1.59175616556936 1.59175616556936 1.59175616556936 1.59175616556936
0.650188985895293 0.650188985895293 0.650188985895293 1 1 1 1 1 1 1 1 1 2.07328875043695 2.07328875043695 2.07328875043695 2.07328875043695
0.487851770058919 0.487851770058919 0.487851770058919 1 1 1 1 1 1 1 1 1 1.38909805856033 1.38909805856033 1.38909805856033 1.38909805856033
0.506409967420703 0.506409967420703 0.506409967420703 1 1 1 1 1 1 1 1 1 1.95186349147636 1.95186349147636 1.95186349147636 1.95186349147636
0.73396232114173 0.73396232114173 0.73396232114173 1 1 1 1 1 1 1 1 1 1.3844683372826 1.3844683372826 1.3844683372826 1.3844683372826
0.815380347255569 0.815380347255569 0.815380347255569 1 1 1 1 1 1 1 1 1 2.14175131211687 2.14175131211687 2.14175131211687 2.14175131211687
0.831653784823846 0.831653784823846 0.831653784823846 1 1 1 1 1 1 1 1 1 1.96543230561158 1.96543230561158 1.96543230561158 1.96543230561158
0.511440233716171 0.511440233716171 0.511440233716171 1 1 1 1 1 1 1 1 1 1.80329346819073 1.80329346819073 1.80329346819073 1.80329346819073
1.00289269256553 1.00289269256553 1.00289269256553 1 1 1 1 1 1 1 1 1 1.5412784366917 1.5412784366917 1.5412784366917 1.5412784366917
0.457457105794911 0.457457105794911 0.457457105794911 1 1 1 1 1 1 1 1 1 1.49640298960604 1.49640298960604 1.49640298960604 1.49640298960604
0.507734455612683 0.507734455612683 0.507734455612683 1 1 1 1 1 1 1 1 1 1.2846203611449 1.2846203611449 1.2846203611449 1.2846203611449
0.667320557329205 0.667320557329205 0.667320557329205 1 1 1 1 1 1 1 1 1 2.2508905670261 2.2508905670261 2.2508905670261 2.2508905670261
0.364732131938602 0.364732131938602 0.364732131938602 1 1 1 1 1 1 1 1 1 1.26748555553723 1.26748555553723 1.26748555553723 1.26748555553723
0.495967876261463 0.495967876261463 0.495967876261463 1 1 1 1 1 1 1 1 1 2.10212365875848 2.10212365875848 2.10212365875848 2.10212365875848
0.280783768149589 0.280783768149589 0.280783768149589 1 1 1 1 1 1 1 1 1 2.82320694803823 2.82320694803823 2.82320694803823 2.82320694803823
0.466815324601673 0.466815324601673 0.466815324601673 1 1 1 1 1 1 1 1 1 2.30936728187319 2.30936728187319 2.30936728187319 2.30936728187319
0.711352298370351 0.711352298370351 0.711352298370351 1 1 1 1 1 1 1 1 1 1.49914932903911 1.49914932903911 1.49914932903911 1.49914932903911
0.441802682756328 0.441802682756328 0.441802682756328 1 1 1 1 1 1 1 1 1 1.43325674126512 1.43325674126512 1.43325674126512 1.43325674126512
0.557429346925753 0.557429346925753 0.557429346925753 1 1 1 1 1 1 1 1 1 2.65844828182744 2.65844828182744 2.65844828182744 2.65844828182744
0.569393533950407 0.569393533950407 0.569393533950407 1 1 1 1 1 1 1 1 1 1.23188363051001 1.23188363051001 1.23188363051001 1.23188363051001
0.709943522007866 0.709943522007866 0.709943522007866 1 1 1 1 1 1 1 1 1 1.78018057370252 1.78018057370252 1.78018057370252 1.78018057370252
0.471061264722549 0.471061264722549 0.471061264722549 1 1 1 1 1 1 1 1 1 1.69579112317245 1.69579112317245 1.69579112317245 1.69579112317245
0.647557185503124 0.647557185503124 0.647557185503124 1 1 1 1 1 1 1 1 1 2.16198156850539 2.16198156850539 2.16198156850539 2.16198156850539
0.464758527418817 0.464758527418817 0.464758527418817 1 1 1 1 1 1 1 1 1 1.84576806750599 1.84576806750599 1.84576806750599 1.84576806750599
0.636499492878717 0.636499492878717 0.636499492878717 1 1 1 1 1 1 1 1 1 1.91686509303129 1.91686509303129 1.91686509303129 1.91686509303129
0.620617153435165 0.620617153435165 0.620617153435165 1 1 1 1 1 1 1 1 1 1.29238094249321 1.29238094249321 1.29238094249321 1.29238094249321
0.721902761816408 0.721902761816408 0.721902761816408 1 1 1 1 1 1 1 1 1 1.26545009199862 1.26545009199862 1.26545009199862 1.26545009199862
0.422484088512228 0.422484088512228 0.422484088512228 1 1 1 1 1 1 1 1 1 1.19689085664988 1.19689085664988 1.19689085664988 1.19689085664988
0.563759097959549 0.563759097959549 0.563759097959549 1 1 1 1 1 1 1 1 1 1.91710062153771 1.91710062153771 1.91710062153771 1.91710062153771
0.558414804131981 0.558414804131981 0.558414804131981 1 1 1 1 1 1 1 1 1 1.69331539297803 1.69331539297803 1.69331539297803 1.69331539297803
0.700469955589199 0.700469955589199 0.700469955589199 1 1 1 1 1 1 1 1 1 1.95733152854576 1.95733152854576 1.95733152854576 1.95733152854576
0.77362511238836 0.77362511238836 0.77362511238836 1 1 1 1 1 1 1 1 1 1.52303738318483 1.52303738318483 1.52303738318483 1.52303738318483
0.384783078823536 0.384783078823536 0.384783078823536 1 1 1 1 1 1 1 1 1 1.52933310887714 1.52933310887714 1.52933310887714 1.52933310887714
0.274987344630535 0.274987344630535 0.274987344630535 1 1 1 1 1 1 1 1 1 1.51878138883026 1.51878138883026 1.51878138883026 1.51878138883026
0.448418586995114 0.448418586995114 0.448418586995114 1 1 1 1 1 1 1 1 1 3.04484347818913 3.04484347818913 3.04484347818913 3.04484347818913
0.655391989471693 0.655391989471693 0.655391989471693 1 1 1 1 1 1 1 1 1 1.53010700631145 1.53010700631145 1.53010700631145 1.53010700631145
0.687566166385741 0.687566166385741 0.687566166385741 1 1 1 1 1 1 1 1 1 1.43041950737759 1.43041950737759 1.43041950737759 1.43041950737759
0.775273438318745 0.775273438318745 0.775273438318745 1 1 1 1 1 1 1 1 1 1.65051707120481 1.65051707120481 1.65051707120481 1.65051707120481
0.927432042886394 0.927432042886394 0.927432042886394 1 1 1 1 1 1 1 1 1 1.49661439110443 1.49661439110443 1.49661439110443 1.49661439110443
0.598623714699356 0.598623714699356 0.598623714699356 1 1 1 1 1 1 1 1 1 1.68240829957152 1.68240829957152 1.68240829957152 1.68240829957152
0.549921825930017 0.549921825930017 0.549921825930017 1 1 1 1 1 1 1 1 1 1.24061459124563 1.24061459124563 1.24061459124563 1.24061459124563
0.608042242949451 0.608042242949451 0.608042242949451 1 1 1 1 1 1 1 1 1 2.38522784731261 2.38522784731261 2.38522784731261 2.38522784731261
0.496458529509985 0.496458529509985 0.496458529509985 1 1 1 1 1 1 1 1 1 1.18728040734363 1.18728040734363 1.18728040734363 1.18728040734363
0.285061619177692 0.285061619177692 0.285061619177692 1 1 1 1 1 1 1 1 1 2.00687472927195 2.00687472927195 2.00687472927195 2.00687472927195
0.359635920813457 0.359635920813457 0.359635920813457 1 1 1 1 1 1 1 1 1 1.2358103690422 1.2358103690422 1.2358103690422 1.2358103690422
0.531002295393035 0.531002295393035 0.531002295393035 1 1 1 1 1 1 1 1 1 1.59214533540092 1.59214533540092 1.59214533540092 1.59214533540092
0.551548760612625 0.551548760612625 0.551548760612625 1 1 1 1 1 1 1 1 1 1.23556574572118 1.23556574572118 1.23556574572118 1.23556574572118
0.988831515341427 0.988831515341427 0.988831515341427 1 1 1 1 1 1 1 1 1 2.12415668655701 2.12415668655701 2.12415668655701 2.12415668655701
0.351343320686795 0.351343320686795 0.351343320686795 1 1 1 1 1 1 1 1 1 1.42333747611493 1.42333747611493 1.42333747611493 1.42333747611493
0.646051630319126 0.646051630319126 0.646051630319126 1 1 1 1 1 1 1 1 1 1.15862666446128 1.15862666446128 1.15862666446128 1.15862666446128
0.698111526061513 0.698111526061513 0.698111526061513 1 1 1 1 1 1 1 1 1 2.51617262803102 2.51617262803102 2.51617262803102 2.51617262803102
0.350783194842772 0.350783194842772 0.350783194842772 1 1 1 1 1 1 1 1 1 1.40687591457691 1.40687591457691 1.40687591457691 1.40687591457691
0.645235430165284 0.645235430165284 0.645235430165284 1 1 1 1 1 1 1 1 1 1.69529910182646 1.69529910182646 1.69529910182646 1.69529910182646
0.479647102659679 0.479647102659679 0.479647102659679 1 1 1 1 1 1 1 1 1 1.95623559098538 1.95623559098538 1.95623559098538 1.95623559098538
0.601110293916365 0.601110293916365 0.601110293916365 1 1 1 1 1 1 1 1 1 1.4599502025348 1.4599502025348 1.4599502025348 1.4599502025348
0.802975824228136 0.802975824228136 0.802975824228136 1 1 1 1 1 1 1 1 1 1.97604645322208 1.97604645322208 1.97604645322208 1.97604645322208
0.474872646467283 0.474872646467283 0.474872646467283 1 1 1 1 1 1 1 1 1 2.10049045054431 2.10049045054431 2.10049045054431 2.10049045054431
0.484696661897077 0.484696661897077 0.484696661897077 1 1 1 1 1 1 1 1 1 1.35402153205858 1.35402153205858 1.35402153205858 1.35402153205858
0.776666244510586 0.776666244510586 0.776666244510586 1 1 1 1 1 1 1 1 1 1.19907226399629 1.19907226399629 1.19907226399629 1.19907226399629
0.965603563902659 0.965603563902659 0.965603563902659 1 1 1 1 1 1 1 1 1 2.40243131406198 2.40243131406198 2.40243131406198 2.40243131406198
0.534470050095616 0.534470050095616 0.534470050095616 1 1 1 1 1 1 1 1 1 1.74057655666184 1.74057655666184 1.74057655666184 1.74057655666184
0.395611915656005 0.395611915656005 0.395611915656005 1 1 1 1 1 1 1 1 1 1.82837594444338 1.82837594444338 1.82837594444338 1.82837594444338
0.677813133111035 0.677813133111035 0.677813133111035 1 1 1 1 1 1 1 1 1 1.68369189838838 1.68369189838838 1.68369189838838 1.68369189838838
0.440541873259636 0.440541873259636 0.440541873259636 1 1 1 1 1 1 1 1 1 1.72267405275431 1.72267405275431 1.72267405275431 1.72267405275431
0.599504874529426 0.599504874529426 0.599504874529426 1 1 1 1 1 1 1 1 1 1.56633696553344 1.56633696553344 1.56633696553344 1.56633696553344
0.478073099166817 0.478073099166817 0.478073099166817 1 1 1 1 1 1 1 1 1 1.84162432902915 1.84162432902915 1.84162432902915 1.84162432902915
0.65844910967126 0.65844910967126 0.65844910967126 1 1 1 1 1 1 1 1 1 1.93075060515347 1.93075060515347 1.93075060515347 1.93075060515347
0.574569919626467 0.574569919626467 0.574569919626467 1 1 1 1 1 1 1 1 1 2.23347803042399 2.23347803042399 2.23347803042399 2.23347803042399
0.623648145727066 0.623648145727066 0.623648145727066 1 1 1 1 1 1 1 1 1 1.14689747394495 1.14689747394495 1.14689747394495 1.14689747394495
0.509509137257259 0.509509137257259 0.509509137257259 1 1 1 1 1 1 1 1 1 2.06712042656666 2.06712042656666 2.06712042656666 2.06712042656666
0.4233132324388 0.4233132324388 0.4233132324388 1 1 1 1 1 1 1 1 1 1.75968784377375 1.75968784377375 1.75968784377375 1.75968784377375
0.646980299237002 0.646980299237002 0.646980299237002 1 1 1 1 1 1 1 1 1 1.46948040700831 1.46948040700831 1.46948040700831 1.46948040700831
0.496980696307377 0.496980696307377 0.496980696307377 1 1 1 1 1 1 1 1 1 1.39370692945406 1.39370692945406 1.39370692945406 1.39370692945406
0.708389142124149 0.708389142124149 0.708389142124149 1 1 1 1 1 1 1 1 1 2.32943373493644 2.32943373493644 2.32943373493644 2.32943373493644
0.416772067678614 0.416772067678614 0.416772067678614 1 1 1 1 1 1 1 1 1 1.24607919455468 1.24607919455468 1.24607919455468 1.24607919455468
0.503165657198564 0.503165657198564 0.503165657198564 1 1 1 1 1 1 1 1 1 2.49066483851705 2.49066483851705 2.49066483851705 2.49066483851705
0.53973212855963 0.53973212855963 0.53973212855963 1 1 1 1 1 1 1 1 1 3.39528959515391 3.39528959515391 3.39528959515391 3.39528959515391
0.702060265407371 0.702060265407371 0.702060265407371 1 1 1 1 1 1 1 1 1 1.27289511976374 1.27289511976374 1.27289511976374 1.27289511976374
0.376375289025985 0.376375289025985 0.376375289025985 1 1 1 1 1 1 1 1 1 1.43522081529176 1.43522081529176 1.43522081529176 1.43522081529176
0.59100119058367 0.59100119058367 0.59100119058367 1 1 1 1 1 1 1 1 1 1.07545393470693 1.07545393470693 1.07545393470693 1.07545393470693
0.72939272286907 0.72939272286907 0.72939272286907 1 1 1 1 1 1 1 1 1 1.53565849431264 1.53565849431264 1.53565849431264 1.53565849431264
0.558147809919587 0.558147809919587 0.558147809919587 1 1 1 1 1 1 1 1 1 1.55944449039337 1.55944449039337 1.55944449039337 1.55944449039337
0.424004511485545 0.424004511485545 0.424004511485545 1 1 1 1 1 1 1 1 1 1.22892016364567 1.22892016364567 1.22892016364567 1.22892016364567
0.704105537497139 0.704105537497139 0.704105537497139 1 1 1 1 1 1 1 1 1 1.72405633337694 1.72405633337694 1.72405633337694 1.72405633337694
0.517336037262035 0.517336037262035 0.517336037262035 1 1 1 1 1 1 1 1 1 1.43489648380297 1.43489648380297 1.43489648380297 1.43489648380297
0.534312411229397 0.534312411229397 0.534312411229397 1 1 1 1 1 1 1 1 1 1.23707778540418 1.23707778540418 1.23707778540418 1.23707778540418
0.460763819639399 0.460763819639399 0.460763819639399 1 1 1 1 1 1 1 1 1 1.07346754652522 1.07346754652522 1.07346754652522 1.07346754652522
0.496874819026264 0.496874819026264 0.496874819026264 1 1 1 1 1 1 1 1 1 2.38188232291745 2.38188232291745 2.38188232291745 2.38188232291745
0.675102737831889 0.675102737831889 0.675102737831889 1 1 1 1 1 1 1 1 1 1.12266745077764 1.12266745077764 1.12266745077764 1.12266745077764
0.821139897643437 0.821139897643437 0.821139897643437 1 1 1 1 1 1 1 1 1 1.03899779724082 1.03899779724082 1.03899779724082 1.03899779724082
0.683476081074878 0.683476081074878 0.683476081074878 1 1 1 1 1 1 1 1 1 1.4445615862272 1.4445615862272 1.4445615862272 1.4445615862272
0.523547550408124 0.523547550408124 0.523547550408124 1 1 1 1 1 1 1 1 1 1.85497927967348 1.85497927967348 1.85497927967348 1.85497927967348
0.496840839194502 0.496840839194502 0.496840839194502 1 1 1 1 1 1 1 1 1 3.18180044171308 3.18180044171308 3.18180044171308 3.18180044171308
0.633258479936003 0.633258479936003 0.633258479936003 1 1 1 1 1 1 1 1 1 1.56216520354769 1.56216520354769 1.56216520354769 1.56216520354769
0.621429197589849 0.621429197589849 0.621429197589849 1 1 1 1 1 1 1 1 1 1.94208607448819 1.94208607448819 1.94208607448819 1.94208607448819
0.516306305985954 0.516306305985954 0.516306305985954 1 1 1 1 1 1 1 1 1 1.75534425368092 1.75534425368092 1.75534425368092 1.75534425368092
0.510817382325102 0.510817382325102 0.510817382325102 1 1 1 1 1 1 1 1 1 1.67387876983408 1.67387876983408 1.67387876983408 1.67387876983408
0.656128559972667 0.656128559972667 0.656128559972667 1 1 1 1 1 1 1 1 1 1.32816009887351 1.32816009887351 1.32816009887351 1.32816009887351
0.412679662147975 0.412679662147975 0.412679662147975 1 1 1 1 1 1 1 1 1 1.50557373661451 1.50557373661451 1.50557373661451 1.50557373661451
0.614305113802849 0.614305113802849 0.614305113802849 1 1 1 1 1 1 1 1 1 1.2446382702063 1.2446382702063 1.2446382702063 1.2446382702063
0.522208426421369 0.522208426421369 0.522208426421369 1 1 1 1 1 1 1 1 1 1.4152108051681 1.4152108051681 1.4152108051681 1.4152108051681
0.43396815234915 0.43396815234915 0.43396815234915 1 1 1 1 1 1 1 1 1 1.40960939017891 1.40960939017891 1.40960939017891 1.40960939017891
0.576609346078763 0.576609346078763 0.576609346078763 1 1 1 1 1 1 1 1 1 1.16326168213218 1.16326168213218 1.16326168213218 1.16326168213218
0.453759328437147 0.453759328437147 0.453759328437147 1 1 1 1 1 1 1 1 1 1.74205669162111 1.74205669162111 1.74205669162111 1.74205669162111
0.484338974276847 0.484338974276847 0.484338974276847 1 1 1 1 1 1 1 1 1 1.49343959565156 1.49343959565156 1.49343959565156 1.49343959565156
0.621035804729569 0.621035804729569 0.621035804729569 1 1 1 1 1 1 1 1 1 1.54896735331563 1.54896735331563 1.54896735331563 1.54896735331563
0.616061217564428 0.616061217564428 0.616061217564428 1 1 1 1 1 1 1 1 1 1.65933363942618 1.65933363942618 1.65933363942618 1.65933363942618
0.597277825630473 0.597277825630473 0.597277825630473 1 1 1 1 1 1 1 1 1 1.40249262594153 1.40249262594153 1.40249262594153 1.40249262594153
0.561822732444849 0.561822732444849 0.561822732444849 1 1 1 1 1 1 1 1 1 1.80988238240119 1.80988238240119 1.80988238240119 1.80988238240119
0.542047052455885 0.542047052455885 0.542047052455885 1 1 1 1 1 1 1 1 1 1.83263075943518 1.83263075943518 1.83263075943518 1.83263075943518
0.927693265991513 0.927693265991513 0.927693265991513 1 1 1 1 1 1 1 1 1 1.92735623919276 1.92735623919276 1.92735623919276 1.92735623919276
0.714146418702997 0.714146418702997 0.714146418702997 1 1 1 1 1 1 1 1 1 1.13280604664115 1.13280604664115 1.13280604664115 1.13280604664115
0.599598479961351 0.599598479961351 0.599598479961351 1 1 1 1 1 1 1 1 1 1.54636053207104 1.54636053207104 1.54636053207104 1.54636053207104
0.329155332701667 0.329155332701667 0.329155332701667 1 1 1 1 1 1 1 1 1 1.37875054901603 1.37875054901603 1.37875054901603 1.37875054901603
1.12982193076999 1.12982193076999 1.12982193076999 1 1 1 1 1 1 1 1 1 1.40176579548282 1.40176579548282 1.40176579548282 1.40176579548282
0.652429777491537 0.652429777491537 0.652429777491537 1 1 1 1 1 1 1 1 1 1.76874700503796 1.76874700503796 1.76874700503796 1.76874700503796
0.682027858239562 0.682027858239562 0.682027858239562 1 1 1 1 1 1 1 1 1 1.52751319977432 1.52751319977432 1.52751319977432 1.52751319977432
0.464707204037037 0.464707204037037 0.464707204037037 1 1 1 1 1 1 1 1 1 2.02859174437852 2.02859174437852 2.02859174437852 2.02859174437852
0.45991345367114 0.45991345367114 0.45991345367114 1 1 1 1 1 1 1 1 1 1.41033889977272 1.41033889977272 1.41033889977272 1.41033889977272
0.398881310791089 0.398881310791089 0.398881310791089 1 1 1 1 1 1 1 1 1 2.40259410726079 2.40259410726079 2.40259410726079 2.40259410726079
0.849984974031503 0.849984974031503 0.849984974031503 1 1 1 1 1 1 1 1 1 1.47048641396512 1.47048641396512 1.47048641396512 1.47048641396512
0.543451280082894 0.543451280082894 0.543451280082894 1 1 1 1 1 1 1 1 1 2.04747454612737 2.04747454612737 2.04747454612737 2.04747454612737
0.312701129963421 0.312701129963421 0.312701129963421 1 1 1 1 1 1 1 1 1 1.28126615137022 1.28126615137022 1.28126615137022 1.28126615137022
0.702339418122056 0.702339418122056 0.702339418122056 1 1 1 1 1 1 1 1 1 1.04688209445486 1.04688209445486 1.04688209445486 1.04688209445486
0.623201936233361 0.623201936233361 0.623201936233361 1 1 1 1 1 1 1 1 1 1.53994606259483 1.53994606259483 1.53994606259483 1.53994606259483
0.525638330584893 0.525638330584893 0.525638330584893 1 1 1 1 1 1 1 1 1 1.53856604691908 1.53856604691908 1.53856604691908 1.53856604691908
0.594602015031375 0.594602015031375 0.594602015031375 1 1 1 1 1 1 1 1 1 1.69091760238451 1.69091760238451 1.69091760238451 1.69091760238451
0.630930103360038 0.630930103360038 0.630930103360038 1 1 1 1 1 1 1 1 1 1.54044395882597 1.54044395882597 1.54044395882597 1.54044395882597
0.428207304083958 0.428207304083958 0.428207304083958 1 1 1 1 1 1 1 1 1 1.41241762378826 1.41241762378826 1.41241762378826 1.41241762378826
0.832195918698874 0.832195918698874 0.832195918698874 1 1 1 1 1 1 1 1 1 1.19883815434937 1.19883815434937 1.19883815434937 1.19883815434937
0.559752438116396 0.559752438116396 0.559752438116396 1 1 1 1 1 1 1 1 1 1.69376859354698 1.69376859354698 1.69376859354698 1.69376859354698
0.428894352467043 0.428894352467043 0.428894352467043 1 1 1 1 1 1 1 1 1 1.28750706161204 1.28750706161204 1.28750706161204 1.28750706161204
0.357014070822473 0.357014070822473 0.357014070822473 1 1 1 1 1 1 1 1 1 1.33879296400144 1.33879296400144 1.33879296400144 1.33879296400144
0.526591142342441 0.526591142342441 0.526591142342441 1 1 1 1 1 1 1 1 1 1.8390477484175 1.8390477484175 1.8390477484175 1.8390477484175
0.568673901236264 0.568673901236264 0.568673901236264 1 1 1 1 1 1 1 1 1 1.36983944236501 1.36983944236501 1.36983944236501 1.36983944236501
0.62777116406051 0.62777116406051 0.62777116406051 1 1 1 1 1 1 1 1 1 1.62161566181046 1.62161566181046 1.62161566181046 1.62161566181046
0.979201582996062 0.979201582996062 0.979201582996062 1 1 1 1 1 1 1 1 1 1.24750634955139 1.24750634955139 1.24750634955139 1.24750634955139
0.769970054465007 0.769970054465007 0.769970054465007 1 1 1 1 1 1 1 1 1 1.57211781568314 1.57211781568314 1.57211781568314 1.57211781568314
0.564289597994556 0.564289597994556 0.564289597994556 1 1 1 1 1 1 1 1 1 2.53909119735678 2.53909119735678 2.53909119735678 2.53909119735678
0.657581648534211 0.657581648534211 0.657581648534211 1 1 1 1 1 1 1 1 1 1.65588875535803 1.65588875535803 1.65588875535803 1.65588875535803
0.542537782005756 0.542537782005756 0.542537782005756 1 1 1 1 1 1 1 1 1 1.43835018384914 1.43835018384914 1.43835018384914 1.43835018384914
0.59147780075966 0.59147780075966 0.59147780075966 1 1 1 1 1 1 1 1 1 1.78091721506685 1.78091721506685 1.78091721506685 1.78091721506685
0.457725946884046 0.457725946884046 0.457725946884046 1 1 1 1 1 1 1 1 1 1.45072020276798 1.45072020276798 1.45072020276798 1.45072020276798
0.448221601935078 0.448221601935078 0.448221601935078 1 1 1 1 1 1 1 1 1 1.95967467638001 1.95967467638001 1.95967467638001 1.95967467638001
0.576391898767413 0.576391898767413 0.576391898767413 1 1 1 1 1 1 1 1 1 2.16468794455759 2.16468794455759 2.16468794455759 2.16468794455759
0.694786392312363 0.694786392312363 0.694786392312363 1 1 1 1 1 1 1 1 1 1.70609585854728 1.70609585854728 1.70609585854728 1.70609585854728
0.447414662665338 0.447414662665338 0.447414662665338 1 1 1 1 1 1 1 1 1 1.60042658025857 1.60042658025857 1.60042658025857 1.60042658025857
0.833328832889739 0.833328832889739 0.833328832889739 1 1 1 1 1 1 1 1 1 1.66221114265819 1.66221114265819 1.66221114265819 1.66221114265819
0.620964343504574 0.620964343504574 0.620964343504574 1 1 1 1 1 1 1 1 1 1.43198502378871 1.43198502378871 1.43198502378871 1.43198502378871
0.584233574147684 0.584233574147684 0.584233574147684 1 1 1 1 1 1 1 1 1 2.18496197623954 2.18496197623954 2.18496197623954 2.18496197623954
0.670477926564073 0.670477926564073 0.670477926564073 1 1 1 1 1 1 1 1 1 1.82877425343417 1.82877425343417 1.82877425343417 1.82877425343417
0.636013955617926 0.636013955617926 0.636013955617926 1 1 1 1 1 1 1 1 1 2.11914008892839 2.11914008892839 2.11914008892839 2.11914008892839
0.425039051896481 0.425039051896481 0.425039051896481 1 1 1 1 1 1 1 1 1 1.82335922952529 1.82335922952529 1.82335922952529 1.82335922952529
0.440044375737424 0.440044375737424 0.440044375737424 1 1 1 1 1 1 1 1 1 1.55254879466365 1.55254879466365 1.55254879466365 1.55254879466365
0.876014133776675 0.876014133776675 0.876014133776675 1 1 1 1 1 1 1 1 1 1.90862484553499 1.90862484553499 1.90862484553499 1.90862484553499
0.62638966413202 0.62638966413202 0.62638966413202 1 1 1 1 1 1 1 1 1 1.62706104803764 1.62706104803764 1.62706104803764 1.62706104803764
0.624956007565748 0.624956007565748 0.624956007565748 1 1 1 1 1 1 1 1 1 2.52008306153017 2.52008306153017 2.52008306153017 2.52008306153017
0.543510062549205 0.543510062549205 0.543510062549205 1 1 1 1 1 1 1 1 1 1.87718212085929 1.87718212085929 1.87718212085929 1.87718212085929
0.383532582967317 0.383532582967317 0.383532582967317 1 1 1 1 1 1 1 1 1 1.68671271713353 1.68671271713353 1.68671271713353 1.68671271713353
0.685176726786602 0.685176726786602 0.685176726786602 1 1 1 1 1 1 1 1 1 2.33751440350752 2.33751440350752 2.33751440350752 2.33751440350752
0.525168219294975 0.525168219294975 0.525168219294975 1 1 1 1 1 1 1 1 1 1.97301498498014 1.97301498498014 1.97301498498014 1.97301498498014
